inst/extdata/modis/lst/modgrid/Lat43.00075Lon-78.78820Start2001-01-01End2013-12-31___MOD11A2/GRID_Lat43.00075Lon-78.78820Start2001-01-01End2013-12-31___MOD11A2_LST_Day_1km_A2004305.asc
ncols		 21
nrows		 21
xllcorner	 -6416881.12
yllcorner	 4772121.02
cellsize	 926.625433055834
NODATA_value	 0
14058 14227 14230 0 14172 14159 14127 14169 14154 14116 14135 14148 0 0 14179 14178 14145 14146 14095 14085 0
14084 14157 14137 14193 14184 0 14169 0 0 0 0 14132 14121 14137 14178 14168 14155 14104 14074 0 0
14167 14137 14176 14197 14194 14215 14271 14232 14204 14192 14024 14013 14138 14184 14203 14185 0 0 0 0 14008
14016 14094 14179 13954 14139 14053 14231 14213 14193 14041 14037 0 14145 14131 14103 14058 0 0 0 0 0
14030 14111 13939 13953 14025 14211 14280 14277 14205 14205 14162 14118 14114 14083 14058 0 0 0 0 0 0
14129 13971 13971 14115 14106 14112 14249 14213 14265 14162 14162 14116 0 0 14078 0 0 0 0 0 0
13813 13981 14154 14163 14125 14172 14236 14268 0 0 0 0 0 14078 14084 14096 14063 14087 0 14003 14003
14149 14121 14113 14110 14174 14256 14282 0 0 0 0 0 0 14090 14091 14066 14087 14087 14003 14003 0
14154 14134 14106 14185 14260 14285 14281 14171 14171 14156 0 0 0 0 0 0 0 0 0 0 13984
0 0 14130 14136 14178 14281 14166 14167 14156 14156 0 0 0 0 0 0 0 0 0 13984 13984
14163 14128 14144 14181 14204 14230 14170 0 0 0 0 0 0 0 0 0 0 0 13984 13984 0
14126 0 14188 14228 14265 0 0 0 0 0 0 0 0 0 0 0 0 0 0 0 13983
0 0 14257 14266 14274 0 0 0 14131 14147 0 0 0 0 0 14376 14376 0 0 13983 13983
14237 14240 14251 14267 14254 0 0 14131 14155 14167 0 0 0 0 14376 14376 14376 0 0 0 0
14225 14218 14216 14216 0 0 0 0 14167 14233 14233 0 0 0 14376 0 0 0 0 0 0
14207 14208 14209 0 0 0 0 0 14233 14233 0 0 0 0 0 0 0 0 0 0 0
14207 14437 14437 0 0 14404 14404 0 0 0 0 0 0 0 0 0 0 0 0 13971 13976
14293 14439 14443 0 14404 14404 0 0 0 0 0 0 0 0 0 0 0 13960 13988 14170 14184
14446 14444 14464 14443 14404 0 0 0 0 0 0 0 0 0 0 14329 14145 14157 14169 14351 14340
14444 14464 14461 14457 0 0 0 0 0 0 0 14389 14230 14071 14329 14328 14147 14333 14335 14336 14340
14483 14472 14458 0 0 0 0 0 0 0 14389 14230 14071 14350 14329 14324 14333 14340 14340 13937 13947
