inst/extdata/modis/lst/modgrid/Lat43.00075Lon-78.78820Start2001-01-01End2013-12-31___MOD11A2/GRID_Lat43.00075Lon-78.78820Start2001-01-01End2013-12-31___MOD11A2_LST_Day_1km_A2012025.asc
ncols		 21
nrows		 21
xllcorner	 -6416881.12
yllcorner	 4772121.02
cellsize	 926.625433055834
NODATA_value	 0
13466 13455 13442 13446 13459 13458 13445 13437 13438 0 0 0 13407 13423 13423 13423 0 0 0 13424 13426
13571 13539 13503 13493 13468 13442 13437 13441 0 13397 13399 13407 13411 13426 13424 13423 0 0 13419 13421 13431
13730 13719 13726 13624 13619 13592 13563 13556 13429 13410 13412 13418 13424 13423 13425 13420 13401 13419 13425 13437 13435
13701 13680 13530 13541 13551 13567 13559 13481 13445 13449 13447 13442 13437 13434 13425 13408 13420 13432 13450 13436 13422
13649 13465 13467 13469 13506 13565 13666 13613 13515 13462 13450 13442 13441 13437 13433 13440 13441 13454 13461 13449 13438
13432 13424 13086 13442 13453 13500 13542 13551 13475 13457 13441 13441 13431 13423 13449 13448 0 13147 13136 13125 13466
13059 13080 13076 13069 13071 13088 13548 13492 13472 13458 13441 13440 13440 13468 13465 13465 13144 13133 13126 13450 13449
13065 13078 13050 13046 13078 13511 13521 13494 13471 13440 13442 13448 13476 13470 13464 13454 13449 13449 13455 13449 13449
13434 13044 13046 13475 13504 13193 13496 13186 13180 13182 13450 13465 13468 13473 13480 13455 13450 13452 13449 13445 13442
13526 13526 13501 13169 13166 13153 13159 13176 13181 13178 13457 13454 13459 13468 13461 13453 13447 13451 13444 13801 13795
13485 13469 13462 13152 13145 13134 13146 13162 13177 13478 13476 13470 13466 13453 13455 13447 13455 13447 13799 13800 13787
13451 13456 13155 13127 13116 13127 13151 13171 13490 13488 13481 13472 13412 13441 13464 13458 13214 13519 13517 13529 13521
13459 13147 13134 13113 13116 13136 13159 13499 13492 13480 13465 13430 13437 13448 13173 13204 13506 13502 13500 13545 13531
13140 13141 13137 13477 13472 13487 13113 13494 13482 13466 13452 13443 13451 13173 13167 13488 13486 13474 13527 13513 13482
13507 13499 13490 13483 13480 13481 13479 13101 13133 13138 13145 13149 13460 13144 13460 13460 13459 13462 13741 13553 13554
13514 13500 13495 13492 13487 13474 13093 13104 13113 13155 13465 13466 13466 13442 13121 13121 13453 13446 13437 13438 13442
13503 13495 13489 13499 13478 13455 13111 13110 13476 13459 13453 13449 13453 13626 13628 13619 13453 13447 13442 13441 13430
13509 13504 13502 13487 13469 13481 13476 13469 13460 13446 13439 13453 13628 13628 13619 13469 13467 13443 13429 13427 0
13516 13519 13500 13485 13455 13460 13465 13476 13460 13437 0 0 13440 13441 13427 13429 13436 13432 13430 0 0
13530 13510 13488 13449 13457 13465 13480 13479 0 0 13443 13428 13428 13426 13429 13434 13434 13434 0 13435 0
13505 13497 13476 13469 13472 13483 13474 13465 0 13443 13452 13456 13456 13456 0 0 0 13435 13435 13435 0
