inst/extdata/modis/lst/modgrid/Lat43.00075Lon-78.78820Start2001-01-01End2013-12-31___MOD11A2/GRID_Lat43.00075Lon-78.78820Start2001-01-01End2013-12-31___MOD11A2_LST_Day_1km_A2010209.asc
ncols		 21
nrows		 21
xllcorner	 -6416881.12
yllcorner	 4772121.02
cellsize	 926.625433055834
NODATA_value	 0
15193 15183 15192 15163 15178 15154 15121 15113 15098 15074 15077 15091 15074 15105 15023 15013 15019 15039 15070 15051 15016
15041 15068 15065 15082 15075 15074 15052 15043 15033 15028 15053 15062 15052 15070 15069 15057 15056 15099 15070 15012 14986
14897 14909 14904 14969 14916 14934 14937 14940 14950 14990 15018 15039 15070 15150 15151 15123 15056 15014 15001 14982 14990
14805 14822 14862 14889 14929 14874 14873 14873 14919 14995 15060 15095 15095 15094 15138 15069 15016 14980 14960 14981 15005
14917 14934 14958 14916 14879 14912 14842 14887 14995 15098 15111 15111 15193 15138 15111 15079 14981 14929 14930 14995 15015
14995 15010 14961 14963 14896 14842 14882 15014 15093 15118 15053 15086 15115 15138 15159 15065 14957 14939 15026 15058 15066
15014 15016 15004 14983 14939 14914 15012 15107 15086 15109 15125 15116 15152 15199 15163 15045 15020 15069 15115 15125 15113
14956 14961 14969 14971 15006 15044 15082 15098 15229 15131 15094 15114 15136 15134 15132 15089 15108 15127 15156 15158 15130
14953 14971 14989 15039 15060 15076 15134 15235 15151 15118 15147 15152 15140 15120 15141 15151 15154 15188 15183 15176 15186
14962 14994 15034 15098 15085 15272 15265 15176 15180 15213 15224 15169 15157 15183 15185 15187 15137 15144 15157 15204 15223
14996 15059 15147 15164 15281 15278 15328 15331 15401 15244 15181 15204 15184 15161 15177 15185 15215 15216 15243 15215 15196
15067 15130 15167 15283 15293 15402 15408 15471 15481 15369 15228 15213 15181 15192 15309 15306 15269 15279 15253 15243 15178
15263 15275 15294 15306 15379 15371 15399 15559 15426 15289 15267 15224 15225 15309 15313 15276 15283 15261 15251 15172 15101
15295 15317 15320 15384 15352 15404 15428 15425 15395 15371 15233 15207 15281 15305 15280 15310 15276 15227 15161 15111 15142
15364 15348 15386 15387 15410 15378 15397 15378 15345 15283 15270 15266 15290 15289 15308 15268 15279 15192 15135 15148 15092
15396 15378 15413 15408 15407 15368 15354 15360 15306 15303 15290 15284 15292 15341 15282 15279 15229 15161 15159 15046 15008
15415 15381 15367 15417 15372 15360 15370 15360 15310 15320 15286 15268 15276 15259 15251 15215 15147 15143 15110 15060 15020
15378 15384 15394 15401 15398 15380 15370 15363 15385 15384 15278 15242 15133 15134 15148 15091 15084 15075 15043 15030 14974
15385 15400 15401 15385 15370 15377 15372 15386 15408 15312 15282 15180 15153 15083 15011 14967 14961 14969 14983 14973 14958
15398 15408 15372 15338 15350 15363 15388 15402 15398 15382 15232 15172 15148 15119 15019 15013 14921 14945 14979 14992 14971
15376 15391 15370 15343 15353 15388 15402 15377 15378 15298 15299 15246 15208 15070 15024 14984 14968 14954 14959 14950 14932
