inst/extdata/modis/lst/modgrid/Lat43.00075Lon-78.78820Start2001-01-01End2013-12-31___MOD11A2/GRID_Lat43.00075Lon-78.78820Start2001-01-01End2013-12-31___MOD11A2_LST_Day_1km_A2001281.asc
ncols		 21
nrows		 21
xllcorner	 -6416881.12
yllcorner	 4772121.02
cellsize	 926.625433055834
NODATA_value	 0
14625 14632 14625 14623 14640 14549 14576 14508 14519 14545 14558 14594 14585 14554 14518 14613 14606 14502 14505 14499 14482
14602 14429 14424 14438 14446 14452 14476 14484 14498 14457 14497 14558 14578 14537 14621 14594 14596 14506 14500 14478 14562
14310 14333 14360 14584 14387 14391 14368 14388 14488 14477 14511 14528 14519 14612 14601 14587 14474 14487 14470 14551 14549
14277 14335 14325 14301 14612 14219 14255 14362 14403 14428 14506 14514 14549 14619 14587 14578 14812 14471 14397 14829 14839
14365 14337 14365 14731 14450 14629 14325 14365 14537 14543 14526 14541 14635 14588 14584 14578 14476 14473 14472 14810 14815
14464 14486 14797 14763 14609 14592 14345 14488 14535 14523 14495 14597 14835 14564 14593 14564 14517 14528 14431 14524 14803
14581 14434 14511 14499 14469 14342 14451 14503 14528 14510 14495 14572 14835 14855 14595 14450 14530 14441 14545 14552 14819
14495 14505 14527 14528 14549 14470 14529 14536 14577 14809 14569 14568 14862 14861 14854 14848 14570 14850 14847 14575 14575
14521 14541 14558 14562 14560 14587 14596 14581 14598 14579 14603 14610 14597 14877 14871 14602 14611 14602 14592 14584 14566
14558 14565 14565 14565 14856 14857 14848 14622 14634 14656 14658 14649 14885 14611 14612 14620 14621 14864 14844 14580 14571
14507 14573 14596 14901 14635 14632 14632 14635 14666 14690 14676 14886 14886 14629 14621 14619 14610 14888 14598 14448 14497
14591 14884 14911 14912 14646 14909 14922 14950 14738 14675 14904 14626 14652 14660 14672 14658 14635 14878 14460 14464 14235
14638 14913 14912 14911 14913 14945 14957 14701 14678 14927 14907 14626 14892 14908 14653 14650 14641 14929 14617 14323 0
14914 14921 14912 14916 14934 14675 14696 14953 14669 14910 14635 14883 14874 14609 14631 14644 14942 14946 0 14293 14286
14943 14940 14929 14674 14672 14923 14918 14924 14901 14898 14888 14888 14885 14901 14626 14916 14946 14951 14622 14293 0
14954 14940 14936 14933 14917 14911 14903 14892 14890 14893 14895 14899 14911 14912 14633 14944 14949 14951 0 0 0
14687 14945 14682 14669 14662 14644 14883 14606 14613 14902 14904 14619 14909 14912 14916 14612 14859 14849 14858 0 0
14956 14686 14682 14926 14898 14882 14884 14898 14900 14904 14581 14581 14552 14579 14565 14827 14539 14551 0 0 0
14526 14524 14484 14931 14923 14910 14646 14684 14650 14593 14583 14656 14656 14778 14754 14776 14825 0 0 0 0
14594 14583 14945 14937 14926 14616 14631 14651 14673 14612 14706 14696 14539 14547 14747 0 0 0 14289 14534 14534
14954 14951 14938 14905 14724 14632 14638 14688 14669 14658 14627 14629 14469 0 0 0 0 0 14250 14713 14725
