inst/extdata/modis/lst/modgrid/Lat43.00075Lon-78.78820Start2001-01-01End2013-12-31___MOD11A2/GRID_Lat43.00075Lon-78.78820Start2001-01-01End2013-12-31___MOD11A2_LST_Day_1km_A2012193.asc
ncols		 21
nrows		 21
xllcorner	 -6416881.12
yllcorner	 4772121.02
cellsize	 926.625433055834
NODATA_value	 0
15512 15544 15523 15484 15529 15528 15474 15446 15450 15422 15427 15425 15423 15424 15368 15360 15327 15396 15330 15315 15258
15295 15382 15338 15304 15290 15319 15300 15319 15331 15359 15373 15376 15435 15412 15393 15389 15431 15358 15317 15262 15199
14988 15006 15008 15079 15058 15091 15122 15174 15266 15320 15305 15327 15399 15434 15454 15366 15319 15271 15218 15191 15208
14992 15002 14990 14999 15033 15042 15078 15181 15244 15274 15292 15362 15469 15470 15350 15292 15246 15184 15143 15196 15219
15163 15186 15197 15125 15092 15054 15048 15119 15248 15439 15406 15473 15452 15350 15304 15282 15193 15117 15146 15191 15217
15293 15291 15238 15212 15165 15093 15084 15132 15328 15412 15345 15305 15297 15319 15335 15243 15152 15133 15191 15239 15265
15322 15302 15308 15289 15199 15174 15178 15296 15369 15333 15267 15276 15324 15365 15321 15233 15202 15230 15261 15284 15272
15273 15288 15287 15256 15225 15162 15212 15364 15370 15317 15300 15317 15341 15342 15302 15263 15273 15278 15289 15288 15238
15246 15269 15279 15222 15193 15206 15441 15455 15388 15353 15379 15407 15378 15374 15364 15368 15354 15342 15350 15294 15336
15184 15224 15212 15233 15302 15478 15471 15418 15394 15424 15444 15436 15441 15447 15430 15407 15355 15285 15268 15332 15370
15253 15283 15360 15545 15568 15575 15573 15613 15577 15479 15445 15455 15376 15370 15400 15389 15311 15283 15338 15409 15417
15357 15462 15555 15553 15561 15639 15632 15626 15688 15546 15493 15394 15361 15412 15430 15456 15427 15437 15511 15477 15430
15503 15567 15557 15574 15614 15642 15652 15690 15643 15595 15511 15449 15468 15423 15421 15386 15428 15489 15506 15463 15406
15589 15592 15588 15602 15650 15685 15686 15650 15564 15540 15503 15482 15430 15449 15394 15417 15475 15536 15491 15429 15322
15584 15583 15574 15639 15675 15648 15548 15513 15508 15495 15437 15442 15506 15434 15419 15497 15561 15513 15388 15356 15249
15591 15568 15621 15645 15631 15551 15517 15504 15491 15505 15490 15519 15546 15495 15544 15565 15552 15418 15373 15252 15218
15584 15624 15623 15638 15567 15535 15519 15551 15568 15565 15561 15578 15584 15545 15532 15534 15393 15367 15280 15269 15283
15614 15614 15616 15625 15616 15551 15626 15594 15601 15617 15629 15607 15527 15487 15465 15393 15336 15323 15347 15369 15330
15631 15637 15617 15634 15666 15663 15665 15676 15707 15649 15608 15541 15495 15459 15386 15324 15281 15296 15320 15293 15274
15665 15670 15643 15682 15685 15682 15686 15698 15770 15602 15567 15531 15496 15432 15381 15361 15317 15320 15296 15299 15293
15664 15660 15643 15648 15687 15688 15687 15751 15687 15645 15612 15537 15479 15367 15371 15342 15310 15309 15294 15284 15295
