inst/extdata/modis/lst/modgrid/Lat43.00075Lon-78.78820Start2001-01-01End2013-12-31___MOD11A2/GRID_Lat43.00075Lon-78.78820Start2001-01-01End2013-12-31___MOD11A2_LST_Day_1km_A2011129.asc
ncols		 21
nrows		 21
xllcorner	 -6416881.12
yllcorner	 4772121.02
cellsize	 926.625433055834
NODATA_value	 0
14976 15014 15032 15027 14976 14948 14907 14910 14829 14781 14743 14732 14765 14713 14691 14667 14655 14696 14715 14727 14758
14835 14875 14902 14843 14864 14828 14848 14807 14809 14682 14688 14808 14886 14726 14715 14707 14722 14739 14785 14803 14831
14431 14473 14489 14586 14502 14533 14623 14665 14640 14644 14672 14737 14789 14794 14826 14805 14731 14727 14740 14757 14790
14416 14448 14431 14455 14453 14456 14470 14525 14625 14676 14738 14842 14895 14912 14875 14743 14725 14733 14742 14779 14790
14751 14778 14756 14697 14593 14474 14395 14499 14674 14795 14908 14918 14903 14796 14765 14760 14747 14736 14774 14792 14800
14857 14852 14801 14756 14667 14568 14464 14619 14769 14941 14861 14828 14801 14806 14841 14830 14781 14789 14823 14903 14913
14871 14856 14838 14759 14704 14611 14588 14684 14921 14896 14832 14830 14863 14881 14871 14819 14810 14844 14924 14940 14936
14822 14806 14776 14750 14706 14639 14746 14931 14933 14880 14856 14871 15025 14968 14937 14900 14925 14936 14961 14953 14947
14797 14777 14754 14710 14681 14836 14963 14944 14875 14877 14888 15035 15016 14941 14964 14985 14972 14986 14964 14975 14973
14793 14735 14763 14851 14900 14913 14976 14910 14905 14924 15110 15009 14999 15012 15021 15014 14993 14953 14983 14979 14974
14807 14892 15023 14931 14935 14998 14954 14961 14978 15135 15031 15010 14980 14966 15000 15001 14973 14993 15020 15023 15001
14943 15026 15064 15077 15106 15050 15064 15094 15171 15137 15023 14988 14970 15009 15030 15040 15039 15044 15058 15045 14971
14961 15053 15079 15083 15094 15153 15179 15112 15163 15121 15092 15067 15025 15041 15045 15031 15039 15060 15059 14985 14933
14934 15116 15116 15107 15112 15127 15181 15146 15128 15111 15080 15052 15071 15099 15021 15011 15037 15032 15006 14893 14873
15012 15109 15099 15103 15119 15160 15127 15109 15102 15085 15065 15067 15094 15027 15010 15027 15115 15047 14907 14886 14866
15138 15123 15120 15107 15105 15082 15069 15076 15086 15108 15094 15093 15094 15096 15119 15126 15052 14913 14866 14846 14839
15146 15132 15105 15101 15086 15074 15083 15088 15116 15119 15104 15107 15110 15094 15009 14988 14883 14844 14862 14866 14860
15119 15017 15127 15125 15108 15116 15107 15117 15130 15119 15107 15098 15082 14987 14940 14835 14819 14842 14871 14871 14826
15036 15042 15141 15122 15100 15103 15114 15129 15135 15136 15101 15083 14974 14940 14824 14816 14813 14845 14857 14814 14799
15047 15145 15123 15080 15093 15120 15141 15147 15168 15014 15105 15098 14984 14863 14837 14825 14816 14817 14818 14823 14863
15186 15167 15121 15123 15136 15163 15159 15047 15143 15138 15131 15105 14978 14927 14848 14833 14815 14804 14812 14856 14856
