inst/extdata/modis/lst/modgrid/Lat43.00075Lon-78.78820Start2001-01-01End2013-12-31___MOD11A2/GRID_Lat43.00075Lon-78.78820Start2001-01-01End2013-12-31___MOD11A2_LST_Day_1km_A2009097.asc
ncols		 21
nrows		 21
xllcorner	 -6416881.12
yllcorner	 4772121.02
cellsize	 926.625433055834
NODATA_value	 0
14504 14476 14345 14363 14384 14383 14350 14316 14228 14208 14271 14293 14296 14408 14393 14358 14340 14350 14333 14318 14319
14110 14145 14369 14389 14420 14299 14380 14274 14246 14161 14195 14288 14422 14426 14408 14378 14357 14318 14320 14330 14322
13928 13984 13987 14113 13987 14156 14213 14277 14285 14332 14250 14268 14425 14440 14420 14385 14338 14332 14329 14320 14323
14001 14020 13933 14083 14072 14049 14065 14180 14315 14420 14428 14443 14473 14463 14417 14360 14337 14315 14301 14313 14333
14280 14308 14301 14271 14206 14123 14068 14138 14379 14480 14502 14490 14456 14425 14396 14387 14348 14287 14311 14339 14342
14371 14388 14371 14333 14278 14166 14115 14182 14453 14505 14462 14405 14406 14427 14451 14405 14327 14316 14349 14379 14373
14385 14383 14378 14359 14312 14252 14171 14421 14503 14492 14422 14412 14453 14491 14465 14411 14380 14396 14406 14405 14403
14361 14355 14354 14338 14294 14233 14362 14488 14526 14461 14440 14469 14495 14491 14447 14408 14431 14433 14434 14416 14406
14339 14352 14333 14294 14280 14368 14477 14498 14482 14477 14494 14501 14479 14465 14466 14485 14479 14466 14460 14451 14449
14312 14270 14279 14347 14491 14523 14519 14507 14526 14546 14536 14505 14490 14502 14508 14504 14469 14431 14445 14470 14463
14270 14352 14458 14514 14537 14526 14516 14548 14573 14564 14528 14502 14467 14448 14472 14487 14482 14480 14493 14484 14450
14409 14452 14474 14513 14524 14529 14558 14581 14610 14553 14510 14475 14440 14473 14497 14520 14516 14517 14536 14516 14446
14477 14518 14552 14556 14555 14569 14588 14610 14576 14538 14505 14474 14486 14503 14528 14511 14500 14541 14535 14463 14419
14534 14574 14584 14574 14569 14580 14592 14573 14553 14530 14493 14476 14497 14539 14506 14494 14533 14527 14474 14449 14432
14584 14596 14574 14558 14563 14570 14557 14544 14529 14514 14488 14482 14505 14504 14498 14524 14546 14522 14481 14450 14396
14617 14596 14585 14571 14558 14549 14538 14531 14525 14509 14403 14510 14504 14507 14521 14538 14533 14475 14415 14368 14270
14601 14584 14568 14559 14547 14532 14531 14521 14393 14408 14398 14394 14489 14489 14495 14491 14405 14341 14358 14279 14276
14577 14565 14564 14560 14543 14530 14524 14398 14407 14388 14368 14452 14440 14436 14433 14370 14329 14357 14288 14285 14264
14568 14569 14564 14537 14512 14513 14509 14525 14516 14386 14494 14478 14471 14454 14267 14226 14218 14343 14355 14270 14264
14565 14570 14546 14501 14498 14504 14525 14523 14535 14535 14509 14510 14496 14299 14268 14254 14240 14346 14351 14359 14355
14585 14577 14532 14522 14527 14554 14565 14570 14558 14526 14537 14546 14511 14309 14267 14365 14342 14341 14343 14346 14334
