inst/extdata/modis/lst/modgrid/Lat43.00075Lon-78.78820Start2001-01-01End2013-12-31___MOD11A2/GRID_Lat43.00075Lon-78.78820Start2001-01-01End2013-12-31___MOD11A2_LST_Day_1km_A2010161.asc
ncols		 21
nrows		 21
xllcorner	 -6416881.12
yllcorner	 4772121.02
cellsize	 926.625433055834
NODATA_value	 0
15232 15240 15222 15199 15226 15183 15160 15109 14971 14964 14984 14974 14979 14971 14889 14846 14907 14927 14945 14894 14804
14909 14931 14947 14981 14972 14955 14886 14863 14853 14935 14944 14974 14997 14979 14936 14906 14910 14911 14879 14869 14838
14766 14805 14816 14770 14762 14768 14809 14763 14799 14846 14855 14882 14977 14974 14928 14911 14894 14853 14829 14820 14847
14706 14722 14740 14632 14726 14625 14681 14739 14802 14883 14891 14946 15125 15063 14961 14914 14874 14804 14782 14828 14821
14839 14692 14698 14703 14648 14665 14625 14746 14822 14968 14972 15126 15047 14983 14938 14903 14830 14798 14795 14794 14839
14895 14732 14755 14692 14663 14547 14591 14784 14981 15146 15062 14965 14970 14980 14997 14839 14773 14626 14728 14889 14866
14833 14763 14771 14862 14729 14739 14768 15084 15157 15090 15003 14945 15009 14993 14922 14874 14738 14783 14956 14945 14940
14815 14802 14848 14837 14867 14800 15034 15186 15148 15074 14978 15053 15112 15069 14924 14914 14916 14934 15013 14990 14941
14832 14829 14903 14900 14935 15077 15186 15129 15064 15007 15104 15103 15025 14984 14954 14963 15062 15050 14991 14971 15027
14822 14848 14895 14936 15041 15217 15150 15067 15087 15207 15182 15145 15019 15051 15111 15116 15037 14975 14958 14975 15084
14873 14927 15010 15090 15232 15313 15300 15203 15216 15219 15176 15246 15035 15002 15010 15049 15021 14991 14991 15155 15120
14985 15054 15182 15313 15325 15263 15269 15280 15320 15246 15170 15045 15020 15013 15265 15165 15136 15189 15263 15247 14862
15124 15144 15307 15313 15257 15274 15297 15334 15301 15205 15160 15040 15031 15140 15254 15064 15072 15117 15291 15176 14954
15173 15382 15378 15365 15271 15303 15335 15322 15330 15286 15112 15087 15121 15144 15127 15064 15091 15280 15162 15043 14886
15379 15383 15373 15365 15363 15372 15358 15306 15266 15123 15103 15110 15142 15149 15230 15172 15191 15196 15074 15043 14943
15333 15382 15384 15390 15379 15317 15142 15140 15138 15132 15007 15012 15029 15038 15175 15189 15261 15148 15057 14942 14928
15392 15379 15378 15386 15321 15163 15159 15156 15283 15039 15005 15016 15027 15082 15100 15227 15077 15031 14957 14954 14947
15371 15379 15395 15383 15155 15042 15050 15052 15323 15347 15037 15245 15051 15027 15059 14993 14944 14962 14964 14972 14945
15387 15145 15145 15037 15017 15053 15058 15082 15331 15336 15270 15213 15188 15120 15032 14885 14857 14881 14961 14967 14941
15154 15148 15107 15083 15077 15084 15339 15348 15406 15334 15292 15266 15212 15141 15053 14972 14942 14965 14995 14920 14913
15171 15133 15099 15086 15087 15394 15404 15437 15377 15336 15310 15294 15245 15177 14954 14947 14967 14853 14860 14876 14863
