inst/extdata/modis/lst/modgrid/Lat43.00075Lon-78.78820Start2001-01-01End2013-12-31___MOD11A2/GRID_Lat43.00075Lon-78.78820Start2001-01-01End2013-12-31___MOD11A2_LST_Day_1km_A2009041.asc
ncols		 21
nrows		 21
xllcorner	 -6416881.12
yllcorner	 4772121.02
cellsize	 926.625433055834
NODATA_value	 0
13747 13744 13752 13756 13751 13729 13764 13758 13687 13669 13675 13760 13757 13753 13688 0 13650 13653 13653 13632 13629
13711 13729 13735 13728 13720 13718 13708 13690 13689 13691 13739 13746 13754 13694 13685 13658 13654 13659 13647 13643 13640
13660 13664 13665 13673 13688 13671 13668 13685 13663 13669 13668 13666 13671 13683 13673 13657 13652 13646 13611 13622 13647
13647 13652 13647 13664 13629 13632 13654 13666 13692 13724 13725 13724 13706 13700 13658 13645 13639 13602 13615 13633 13629
13692 13697 13700 13676 13650 13652 13659 13684 13716 13753 13757 13727 13718 13670 13668 13658 13611 13598 13608 13631 13640
13721 13725 13715 13688 13664 13655 13676 13711 13748 13745 13721 13696 13699 13689 13692 13683 13649 13627 13640 13651 13653
13730 13732 13727 13712 13698 13702 13733 13745 13763 13751 13710 13706 13746 13701 13695 13636 13641 13649 13665 13651 13650
13722 13725 13730 13729 13734 13745 13751 13788 13785 13778 13747 13745 13746 13690 13646 13638 13643 13662 13651 13647 0
13713 13733 13740 13748 13783 13789 13798 13795 13789 13781 13764 13759 13701 13668 13664 13680 13686 13652 13651 0 0
13747 13753 13752 13788 13797 13801 13799 13798 13795 13784 13779 13735 13713 13703 13715 13718 13741 13647 13660 13684 0
13747 13762 13780 13788 13790 13764 13790 13776 13792 13781 13754 13735 13722 13730 13745 13742 13730 13715 13708 13746 0
13756 13785 13791 13785 13784 13789 13794 13818 13797 13772 13738 13735 13737 13764 13790 13787 13766 13757 13748 13734 13710
13774 13795 13805 13807 13806 13810 13817 13823 13802 13763 13775 13782 13799 13811 13804 13780 13782 13790 13776 13731 13696
13809 13832 13834 13837 13839 13837 13841 13825 13811 13809 13807 13806 13816 13818 13812 13796 13793 13784 13753 13734 13726
13855 13850 13842 13842 13842 13842 13824 13813 13812 13806 13807 13810 13809 13800 13798 13805 13792 13783 13729 13728 13566
13876 13861 13849 13847 13846 13826 13824 13823 13814 13810 13812 13799 13802 13813 13813 13814 0 0 0 13562 13559
13865 13858 13852 13850 13839 13838 13835 13826 13810 13809 13818 13803 13820 13811 13811 0 13602 13602 13566 13560 13533
13846 13849 13853 13861 13856 13841 13839 13841 13816 13822 0 13608 13608 13601 13592 13603 13602 13570 13557 13533 13522
13853 13859 13873 13859 13829 13829 13842 13842 0 0 13608 13608 13599 13592 13617 13616 13567 13555 13537 13529 13525
13837 13866 13856 13810 13810 13843 13843 0 0 13611 13611 13613 13611 13599 13601 13569 13554 13538 13525 13521 13523
13811 0 13806 13806 0 0 0 0 13611 13611 13619 13620 13595 13580 13572 13558 13547 13529 13531 13521 13516
