inst/extdata/modis/lst/modgrid/Lat43.00075Lon-78.78820Start2001-01-01End2013-12-31___MOD11A2/GRID_Lat43.00075Lon-78.78820Start2001-01-01End2013-12-31___MOD11A2_LST_Day_1km_A2001161.asc
ncols		 21
nrows		 21
xllcorner	 -6416881.12
yllcorner	 4772121.02
cellsize	 926.625433055834
NODATA_value	 0
15333 15335 15361 15346 15347 15308 15261 15223 15208 15176 15166 15178 15172 15162 15132 15083 15083 15104 15097 15091 15064
15044 15110 15118 15156 15149 15142 15118 15113 15102 15094 15133 15169 15181 15192 15176 15128 15124 15094 15093 15079 15050
14800 14838 14837 14859 14919 14949 14966 15008 15039 15091 15127 15147 15180 15172 15146 15126 15086 15086 15057 15041 15046
14751 14777 14805 14840 14823 14801 14833 14924 15059 15148 15159 15197 15221 15190 15143 15085 15074 15036 15008 15018 15022
14936 14976 15001 14959 14916 14882 14863 14978 15136 15200 15234 15234 15189 15154 15112 15104 15054 15013 15002 15008 15025
15043 15081 15033 15007 14972 14929 14941 15040 15172 15247 15217 15142 15139 15147 15167 15101 15033 15003 15010 15036 15066
15119 15108 15121 15067 15039 15017 15034 15164 15265 15226 15138 15132 15190 15211 15189 15123 15077 15084 15107 15125 15132
15074 15079 15070 15065 15066 15028 15166 15252 15239 15276 15248 15265 15304 15215 15162 15132 15130 15143 15176 15169 15145
15054 15054 15069 15096 15060 15200 15257 15247 15298 15277 15289 15317 15221 15197 15193 15200 15209 15221 15209 15201 15203
15027 15026 15063 15153 15242 15269 15265 15334 15360 15384 15377 15250 15238 15248 15250 15239 15228 15208 15213 15220 15219
15027 15157 15223 15285 15305 15300 15385 15393 15416 15415 15300 15278 15260 15236 15252 15259 15234 15232 15252 15259 15226
15171 15223 15293 15304 15298 15417 15444 15462 15470 15353 15327 15311 15286 15298 15324 15326 15314 15290 15307 15273 15228
15281 15326 15326 15334 15369 15416 15440 15464 15424 15357 15329 15303 15301 15328 15327 15304 15295 15334 15303 15252 15181
15381 15390 15394 15390 15399 15418 15447 15420 15362 15338 15312 15293 15308 15346 15315 15280 15325 15331 15259 15198 15184
15421 15402 15401 15395 15401 15405 15376 15321 15311 15303 15293 15286 15306 15314 15293 15318 15360 15265 15209 15194 15161
15444 15425 15404 15411 15390 15363 15312 15307 15301 15309 15308 15302 15313 15325 15329 15375 15307 15244 15208 15141 15116
15457 15421 15422 15407 15382 15331 15322 15316 15315 15310 15296 15306 15318 15303 15289 15242 15218 15194 15161 15143 15136
15500 15500 15452 15447 15397 15381 15372 15366 15364 15348 15327 15313 15292 15254 15217 15178 15165 15174 15173 15181 15162
15506 15523 15459 15403 15382 15371 15370 15369 15373 15366 15340 15306 15278 15226 15157 15120 15085 15096 15134 15132 15126
15519 15524 15416 15385 15373 15385 15387 15394 15412 15394 15334 15329 15308 15254 15192 15144 15115 15116 15124 15131 15126
15533 15502 15461 15427 15432 15459 15475 15475 15461 15358 15352 15354 15325 15240 15201 15150 15126 15122 15122 15123 15105
