inst/extdata/modis/lst/modgrid/Lat43.00075Lon-78.78820Start2001-01-01End2013-12-31___MOD11A2/GRID_Lat43.00075Lon-78.78820Start2001-01-01End2013-12-31___MOD11A2_LST_Day_1km_A2012041.asc
ncols		 21
nrows		 21
xllcorner	 -6416881.12
yllcorner	 4772121.02
cellsize	 926.625433055834
NODATA_value	 0
13602 13589 13580 13587 13593 13605 13594 13590 13583 13564 13560 13571 13554 13552 13562 13565 13555 13561 13552 13554 13562
13607 13597 13597 13608 13616 13591 13578 13572 13576 13576 13576 13562 13561 13571 13578 13571 13565 13549 13562 13581 13584
13685 13672 13658 13651 13634 13622 13619 13596 13580 13572 13570 13573 13584 13581 13571 13559 13555 13560 13573 13584 13583
13689 13669 13662 13683 13630 13668 13667 13614 13585 13579 13578 13590 13585 13577 13568 13563 13573 13586 13582 13583 13575
13584 13586 13589 13590 13624 13653 13646 13631 13617 13612 13607 13588 13580 13583 13574 13578 13586 13581 13583 13583 13577
13586 13586 13586 13592 13600 13638 13695 13666 13618 13609 13594 13575 13588 13596 13596 13595 0 13595 13599 13604 13609
13592 13595 13593 13592 13596 13674 13651 13627 13620 13604 13586 13570 13606 13616 13613 13609 13592 13585 13592 13610 13597
13593 13595 13588 13582 13599 13631 13639 13634 13617 13595 13582 13596 13613 13614 13608 13603 13601 13597 13596 13605 13610
13586 13584 13584 13613 13640 13643 13637 13623 13609 13614 13616 13615 13614 13612 13607 13607 13604 13599 13608 13600 13601
13644 13636 13619 13624 13636 13624 13614 13609 13610 13626 13628 13618 13633 13643 13631 13615 13608 13607 13604 13599 13600
13610 13607 13606 13621 13625 13625 13618 13619 13635 13646 13629 13646 13636 13619 13613 13615 13615 13604 13620 13617 13617
13594 13610 13616 13606 13627 13633 13636 13653 13668 13635 13644 13626 13606 13616 13626 13636 13644 13625 13639 13640 13663
13621 13628 13623 13627 13640 13645 13670 13683 13664 13641 13615 13606 13623 13635 13630 13624 13620 13638 13644 13618 13582
13642 13657 13655 13644 13646 13669 13678 13657 13643 13627 13617 13604 13615 13632 13624 13612 13628 13639 13602 13585 13572
13662 13666 13657 13653 13656 13662 13653 13634 13624 13619 13609 13600 13622 13622 13616 13629 13636 13594 13567 13568 13571
13685 13675 13668 13662 13647 13633 13627 13620 13621 13626 13632 13640 13630 13631 13626 13618 13596 13578 13563 0 13592
13688 13676 13665 13665 13651 13631 13633 13627 13621 13615 13617 13621 13630 13616 13619 13585 13585 0 13533 13533 0
13678 13671 13668 13677 13648 13645 13627 13624 13623 13621 13619 13615 13600 13602 13571 13571 0 13533 13533 0 0
13672 13675 13686 13662 13630 13629 13615 13624 13630 13626 13612 13591 13659 13592 13571 0 0 0 0 0 0
13683 13681 13654 13601 13627 13622 13623 13623 13620 13604 13561 13659 0 0 0 0 0 0 0 0 0
13673 13664 13641 13639 13621 13615 13610 13599 13592 13561 0 0 13614 13597 0 0 0 13590 13590 0 0
