inst/extdata/modis/lst/modgrid/Lat43.00075Lon-78.78820Start2001-01-01End2013-12-31___MOD11A2/GRID_Lat43.00075Lon-78.78820Start2001-01-01End2013-12-31___MOD11A2_LST_Day_1km_A2010097.asc
ncols		 21
nrows		 21
xllcorner	 -6416881.12
yllcorner	 4772121.02
cellsize	 926.625433055834
NODATA_value	 0
14704 14697 14619 14637 14642 14637 14620 14625 14637 14617 14615 14630 14597 14594 14589 14550 14552 14573 14566 14539 14534
14291 14398 14435 14515 14524 14532 14544 14551 14529 14542 14584 14588 14597 14611 14591 14575 14574 14569 14556 14543 14538
14037 14125 14192 14274 14271 14315 14329 14419 14456 14521 14537 14546 14581 14609 14605 14592 14564 14540 14535 14528 14525
14132 14213 14220 14210 14307 14132 14160 14321 14502 14557 14559 14624 14660 14628 14610 14559 14532 14516 14488 14500 14520
14415 14448 14457 14426 14387 14371 14297 14343 14541 14622 14660 14674 14647 14617 14587 14567 14539 14483 14496 14532 14552
14526 14554 14529 14495 14455 14376 14305 14416 14594 14637 14651 14593 14588 14610 14629 14594 14533 14497 14556 14572 14580
14557 14559 14546 14525 14490 14450 14453 14548 14648 14646 14586 14610 14650 14675 14656 14601 14567 14612 14614 14622 14620
14524 14526 14524 14502 14483 14447 14490 14636 14663 14626 14626 14653 14684 14688 14657 14611 14640 14636 14584 14586 14617
14502 14514 14546 14510 14491 14527 14644 14672 14647 14629 14667 14696 14679 14676 14683 14701 14680 14619 14611 14618 14654
14486 14459 14497 14564 14621 14687 14706 14691 14681 14697 14731 14715 14711 14721 14733 14719 14675 14622 14613 14684 14680
14465 14548 14619 14654 14693 14723 14712 14702 14724 14750 14735 14727 14716 14702 14718 14718 14694 14706 14711 14718 14691
14595 14634 14655 14687 14721 14731 14747 14775 14790 14737 14695 14701 14698 14730 14753 14754 14753 14748 14761 14748 14692
14649 14676 14715 14741 14747 14759 14785 14801 14751 14716 14699 14698 14735 14757 14763 14751 14738 14774 14779 14718 14658
14722 14756 14751 14746 14746 14752 14758 14747 14727 14713 14704 14708 14727 14758 14751 14733 14761 14781 14727 14688 14671
14763 14782 14772 14751 14736 14739 14734 14720 14710 14712 14704 14704 14726 14733 14731 14752 14780 14722 14695 14683 14636
14797 14781 14771 14773 14753 14725 14717 14712 14708 14711 14696 14704 14706 14714 14730 14755 14729 14697 14648 14618 14604
14792 14774 14826 14824 14703 14709 14707 14699 14692 14654 14647 14672 14690 14698 14673 14645 14615 14600 14608 14621 14612
14760 14818 14833 14717 14714 14705 14687 14645 14652 14643 14646 14644 14639 14642 14621 14590 14569 14588 14621 14627 14597
14787 14814 14810 14704 14685 14689 14676 14659 14647 14696 14690 14664 14656 14642 14607 14572 14571 14589 14608 14598 14597
14791 14798 14716 14683 14695 14703 14717 14713 14726 14729 14714 14699 14684 14632 14595 14579 14570 14591 14603 14612 14607
14780 14786 14707 14724 14737 14753 14759 14745 14734 14713 14726 14741 14703 14633 14602 14582 14580 14581 14593 14598 14598
