inst/extdata/modis/lst/modgrid/Lat43.00075Lon-78.78820Start2001-01-01End2013-12-31___MOD11A2/GRID_Lat43.00075Lon-78.78820Start2001-01-01End2013-12-31___MOD11A2_LST_Day_1km_A2006129.asc
ncols		 21
nrows		 21
xllcorner	 -6416881.12
yllcorner	 4772121.02
cellsize	 926.625433055834
NODATA_value	 0
15210 15260 15277 15084 15089 15097 15080 15073 15082 15029 15042 15056 15041 15029 14997 14948 14942 14977 14973 14962 15034
15035 15107 14959 14962 15011 15019 14991 14984 15003 15001 15015 15023 15041 15036 15020 14997 14989 14975 14967 14960 14950
14486 14541 14569 14695 14595 14633 14741 14883 14948 14959 14990 15012 15046 15062 15053 15020 14986 14971 14950 14938 14930
14487 14517 14540 14576 14655 14579 14632 14819 14941 15012 15018 15054 15084 15079 15036 14961 14937 14906 14891 14908 14921
14814 14848 14852 14809 14735 14668 14591 14718 14947 15043 15089 15116 15090 15044 14983 14932 14881 14852 14872 14914 14942
14934 14957 14931 14881 14828 14736 14696 14843 15044 15101 15073 15018 15016 15042 15129 15110 14992 14816 14870 14944 14954
14991 14983 14999 14969 14876 14814 14786 15010 15133 15105 15029 15017 15064 15112 15110 15053 14836 14902 14955 14962 15075
14856 14859 14852 14934 14900 14829 14960 15136 15126 15070 15036 15060 15122 15140 15047 15009 15021 14991 14983 15115 15089
14828 14844 14949 14933 14901 14964 15142 15148 15098 15067 15068 15082 15098 15093 15087 15070 15022 15146 15147 15121 15130
14856 14863 14922 14975 15087 15169 15177 15198 15135 15171 15162 15138 15137 15148 15155 15132 15141 15109 15130 15125 15124
14877 15000 15102 15170 15229 15227 15164 15178 15238 15243 15200 15168 15132 15139 15137 15199 15166 15169 15169 15206 15175
15074 15119 15152 15188 15196 15216 15237 15274 15309 15223 15192 15164 15231 15234 15249 15245 15251 15262 15295 15266 15182
15190 15216 15209 15230 15245 15277 15307 15356 15308 15195 15267 15230 15223 15237 15242 15236 15228 15281 15282 15182 15114
15249 15264 15264 15260 15270 15293 15314 15284 15289 15286 15248 15197 15203 15090 15082 15072 15118 15121 15173 15141 15116
15300 15278 15258 15249 15244 15270 15287 15228 15223 15214 15203 15191 15092 15246 15249 15097 15115 15210 15160 15154 15064
15328 15295 15262 15246 15333 15279 15226 15233 15224 15231 15226 15218 15264 15283 15285 15295 15268 15209 15143 15038 15024
15326 15292 15261 15369 15304 15246 15255 15254 15265 15266 15243 15255 15267 15255 15236 15201 15166 15132 15080 15063 15072
15296 15379 15385 15360 15302 15293 15273 15278 15301 15315 15296 15269 15240 15186 15123 15092 15066 15064 15078 15108 15129
15397 15411 15387 15348 15328 15322 15305 15318 15345 15374 15345 15304 15226 15159 15099 15050 15015 15027 15068 15069 15062
15405 15399 15371 15343 15348 15332 15347 15360 15389 15361 15323 15266 15241 15195 15105 15040 15012 15032 15068 15078 15058
15425 15393 15368 15364 15362 15389 15395 15400 15361 15332 15307 15308 15287 15185 15094 15094 15063 15048 15048 15054 15052
