inst/extdata/modis/lst/modgrid/Lat43.00075Lon-78.78820Start2001-01-01End2013-12-31___MOD11A2/GRID_Lat43.00075Lon-78.78820Start2001-01-01End2013-12-31___MOD11A2_LST_Day_1km_A2010041.asc
ncols		 21
nrows		 21
xllcorner	 -6416881.12
yllcorner	 4772121.02
cellsize	 926.625433055834
NODATA_value	 0
0 0 0 0 0 0 0 0 0 0 0 0 0 0 0 0 0 0 0 0 0
0 0 0 0 0 0 0 0 0 0 0 0 0 0 0 0 0 0 0 0 0
0 0 0 0 0 0 0 0 0 0 0 0 0 0 0 0 0 0 0 0 0
0 0 0 0 0 0 0 0 0 0 0 0 0 0 0 0 0 0 0 0 0
0 0 0 0 0 0 0 0 0 0 0 0 0 0 0 0 0 0 0 0 0
0 0 0 0 0 0 0 0 0 0 0 0 0 0 0 0 0 0 0 0 0
0 0 0 0 13410 13410 13437 13453 13449 0 0 0 0 0 0 0 0 0 0 0 0
0 0 0 13416 13412 13450 13462 13454 0 0 0 0 0 0 0 0 0 0 0 0 0
0 13436 13443 13446 13459 13462 13457 0 0 0 0 13413 13413 13416 0 0 0 0 0 0 0
13438 13442 13443 13451 13456 13448 13433 13433 0 13424 13419 13418 13420 13419 13412 13194 13195 0 13389 13386 13374
13448 13447 13434 0 13440 13437 13435 13432 13433 13426 13422 13227 13226 13221 13192 13192 13391 13397 13393 13382 13374
13451 13435 13435 13438 13438 13438 13435 13432 13455 13462 13456 13221 13212 13386 13395 13397 13395 13396 13389 13377 13370
13436 13436 13435 13435 13449 13452 13442 13472 13467 13317 13306 13198 13384 13413 13399 13394 13395 13400 13391 13366 13345
13439 13470 13466 13458 13456 13456 13458 13405 13285 13281 13248 13356 13408 13408 13386 13386 13387 13390 13374 13365 13347
13489 13485 13468 13463 13455 13453 13401 13402 13259 13248 13365 13370 13380 13388 13386 13385 13385 13378 13377 13377 0
13509 13489 13487 13458 13448 13425 13409 13200 13198 13367 13368 13368 13388 13387 13386 13389 13369 13372 13376 0 0
13513 13510 13488 13298 13443 13420 13413 13409 13405 13395 13393 13383 13382 13375 13379 13362 13370 13372 13371 13367 13364
13509 13310 13314 13292 13268 13439 13418 13414 13405 13398 13377 13377 13360 13360 13360 13359 13372 13370 13365 13364 13350
13302 13296 13271 13252 13419 13403 13408 13408 13401 13376 13373 13360 13360 13365 13365 13365 13346 13346 13279 13314 13317
13297 13265 13243 13406 13394 13409 13414 13402 13389 13382 13374 13374 13374 13373 13370 0 0 13279 13279 13286 13277
13478 13471 13423 13409 13406 13408 13402 13397 13386 13374 13377 13382 13380 13375 0 0 0 0 13289 13271 13266
