inst/extdata/modis/lst/modgrid/Lat43.00075Lon-78.78820Start2001-01-01End2013-12-31___MOD11A2/GRID_Lat43.00075Lon-78.78820Start2001-01-01End2013-12-31___MOD11A2_LST_Day_1km_A2011121.asc
ncols		 21
nrows		 21
xllcorner	 -6416881.12
yllcorner	 4772121.02
cellsize	 926.625433055834
NODATA_value	 0
14899 14910 14897 14910 14936 14933 14907 14887 14853 14796 14793 14819 14817 14791 14771 14720 14707 14732 14732 14739 14729
14695 14751 14767 14784 14796 14604 14590 14776 14763 14741 14783 14794 14818 14803 14772 14747 14713 14716 14731 14721 14723
14183 14313 14558 14566 14438 14449 14631 14680 14695 14714 14741 14782 14809 14835 14824 14768 14734 14716 14703 14703 14712
14189 14271 14306 14381 14409 14401 14425 14590 14677 14795 14815 14843 14872 14859 14807 14751 14707 14602 14593 14605 14642
14559 14556 14581 14547 14547 14455 14405 14487 14788 14882 14915 14926 14880 14820 14784 14760 14626 14577 14596 14647 14648
14764 14672 14656 14715 14678 14545 14487 14657 14836 14905 14888 14826 14794 14816 14836 14678 14602 14595 14667 14674 14702
14685 14685 14803 14788 14685 14633 14583 14806 14924 14917 14834 14795 14846 14917 14888 14787 14667 14695 14697 14705 14718
14773 14760 14765 14746 14717 14634 14740 14943 14944 14880 14834 14863 14918 14921 14848 14711 14719 14713 14717 14742 14741
14741 14758 14769 14745 14725 14758 14942 14945 14904 14870 14901 14903 14889 14878 14875 14870 14865 14785 14775 14777 14782
14694 14672 14710 14814 14897 14964 14956 14931 14923 14983 14879 14852 14825 14824 14936 14936 14878 14761 14783 14791 14803
14685 14767 14899 14941 14989 14982 14979 14979 15030 14899 14860 14839 14820 14899 14923 14936 14809 14802 14800 14832 14817
14830 14889 14917 14962 14978 15008 15028 15063 15109 15008 14968 14930 14891 14936 14886 14878 14870 14870 14891 14880 14810
14937 14957 14991 14994 14938 14954 14982 15010 15049 15003 14970 14937 14960 14887 14890 14873 14872 14913 14919 14820 14756
14999 15052 15050 14956 14961 14970 14980 15044 15018 14994 14963 14936 14857 14885 14862 14852 14896 14907 14812 14767 14747
14951 14948 14939 14953 14959 14964 15029 14999 14865 14852 14841 14843 14874 14854 14850 14880 14890 14820 14755 14762 14729
14968 14948 15064 14931 14928 14999 14982 14871 14868 14859 14863 14877 14868 14869 14874 14883 14837 14764 14716 14693 14681
15100 15081 14939 14936 14893 14889 14898 14889 14883 14878 14879 14898 14904 14903 14865 14884 14683 14651 14668 14652 14644
14967 14969 14987 14939 14926 14915 14905 14899 14904 14881 14857 14843 14831 14826 14775 14688 14632 14636 14654 14653 14663
14961 14980 14987 14961 14891 14901 14901 14913 14898 14890 14872 14849 14826 14790 14715 14671 14662 14645 14658 14667 14669
14982 14983 14965 14888 14897 14903 14927 14939 14945 14931 14914 14884 14854 14787 14717 14706 14681 14686 14702 14703 14705
15004 14988 14941 14939 14941 14970 14992 14993 14961 14942 14923 14878 14810 14733 14717 14704 14692 14685 14689 14785 14718
