inst/extdata/modis/lst/modgrid/Lat43.00075Lon-78.78820Start2001-01-01End2013-12-31___MOD11A2/GRID_Lat43.00075Lon-78.78820Start2001-01-01End2013-12-31___MOD11A2_LST_Day_1km_A2008153.asc
ncols		 21
nrows		 21
xllcorner	 -6416881.12
yllcorner	 4772121.02
cellsize	 926.625433055834
NODATA_value	 0
15142 15303 15253 15247 15294 15284 15274 15257 15233 15196 15168 15167 15159 15116 15081 15043 15028 15033 15014 15000 14994
14935 15036 15113 14924 15015 15092 15073 15035 14983 15015 15121 15146 15175 15184 15105 15068 15053 15022 15002 15004 15007
14611 14624 14715 14691 14747 14813 14885 14923 14953 14984 15026 15111 15160 15178 15157 15081 15026 14993 14990 14990 15001
14613 14741 14728 14653 14691 14617 14634 14744 14967 14930 14997 15008 15194 15176 15145 15032 14996 14976 14967 14982 15009
14858 14881 14799 14769 14713 14745 14659 14705 14852 15004 15026 15012 14980 14971 15075 15046 14997 14941 14947 14976 15000
14986 14994 14965 14929 14779 14708 14687 14790 14961 15007 14982 14937 14952 15101 15117 15059 14955 14930 14969 15010 15022
15003 15001 14988 14961 14906 14827 14869 14957 15012 15015 14959 14951 15114 15188 15166 15007 14999 15019 15042 15048 15044
15011 15021 14975 14933 14931 14885 15118 15193 15159 15125 15099 15116 15195 15220 15088 15065 15069 15084 15080 15065 15082
14988 14995 14991 14977 14938 15159 15203 15211 15144 15127 15147 15185 15163 15120 15126 15156 15124 15137 15137 15111 15163
14879 14875 14871 15007 15221 15235 15229 15202 15210 15256 15254 15224 15184 15182 15199 15202 15140 15084 15099 15111 15172
14791 14835 15093 15243 15258 15263 15257 15253 15286 15270 15241 15201 14993 15027 15035 15005 14983 14992 14998 15005 14990
14970 15160 15236 15246 15270 15281 15311 15330 15322 15275 15221 15016 15029 15049 15035 15032 15027 15021 15033 15027 14956
15009 15092 15094 15110 15120 15323 15341 15352 15305 15252 15032 15009 15023 15035 15039 15034 15022 15043 15033 14968 14891
15116 15132 15132 15124 15312 15321 15338 15304 15268 15251 15217 15202 15217 15029 15022 15002 15028 15014 14989 14955 14938
15148 15154 15138 15130 15124 15125 15105 15080 15062 15043 15029 15027 15008 15010 14990 15017 15020 15004 14981 15068 15028
15174 15157 15141 15124 15117 15092 15069 15058 15047 15044 15042 15031 15029 15028 15031 15034 15018 15111 15085 14983 14992
15168 15147 15128 15122 15099 15074 15065 15053 15050 15044 15023 15014 15013 15012 15008 14969 15064 15016 14952 15003 14997
15147 15148 15153 15133 15121 15108 15088 15083 15077 15061 15021 14972 14971 14978 14958 15015 14944 14943 14956 15012 14994
15138 15144 15137 15127 15093 15084 15084 15082 15078 15052 15122 15113 15087 15064 15025 14905 14894 14902 14996 14954 14958
15153 15149 15138 15097 15079 15085 15086 14969 15007 14983 14976 15011 15020 14961 14865 14856 14847 14854 14858 14971 14959
15160 15149 15124 15123 15238 15249 15196 15051 15023 15010 15020 15031 15010 14924 14904 14885 14859 14859 15012 15010 15002
