inst/extdata/modis/lst/modgrid/Lat43.00075Lon-78.78820Start2001-01-01End2013-12-31___MOD11A2/GRID_Lat43.00075Lon-78.78820Start2001-01-01End2013-12-31___MOD11A2_LST_Day_1km_A2012233.asc
ncols		 21
nrows		 21
xllcorner	 -6416881.12
yllcorner	 4772121.02
cellsize	 926.625433055834
NODATA_value	 0
15259 15387 15413 15371 15357 15340 15340 15337 15259 15306 15309 15312 15319 15276 15238 15146 15103 15134 15131 15094 15048
15036 15138 15262 15223 15218 15260 15204 15176 15154 15153 15166 15161 15292 15293 15257 15110 15116 15134 15116 15074 15092
14900 14930 15030 15037 15033 14983 15012 15045 15065 15075 15078 15121 15259 15277 15268 15208 15065 15037 15086 15076 15085
14883 14904 14924 14948 14879 14905 14941 14989 15030 15077 15117 15264 15307 15275 15200 15142 15095 15058 15044 15122 15087
15069 15082 14992 14907 14894 15008 14868 14987 15087 15256 15296 15325 15282 15211 15180 15200 15139 15007 15013 15069 15095
15161 15161 15128 15090 15027 14888 14900 15039 15179 15341 15281 15220 15244 15289 15279 15175 15046 15019 15098 15153 15088
15188 15194 15171 15116 15076 14992 15037 15177 15346 15284 15202 15212 15262 15318 15286 15138 15088 15149 15176 15141 15127
15246 15158 15138 15118 15176 15160 15237 15312 15306 15236 15207 15223 15273 15287 15237 15201 15205 15224 15186 15164 15161
15130 15213 15228 15207 15193 15245 15320 15324 15302 15236 15259 15293 15282 15264 15262 15258 15217 15211 15186 15197 15238
15138 15177 15229 15276 15348 15359 15355 15330 15331 15379 15376 15332 15309 15378 15358 15272 15215 15173 15167 15225 15262
15215 15274 15380 15456 15489 15430 15422 15392 15410 15429 15409 15415 15392 15370 15320 15296 15251 15238 15275 15291 15299
15345 15434 15484 15506 15526 15525 15540 15498 15495 15517 15505 15475 15374 15384 15395 15385 15369 15345 15364 15358 15336
15471 15513 15520 15522 15513 15486 15508 15517 15545 15515 15488 15401 15407 15418 15400 15383 15380 15410 15417 15364 15285
15577 15590 15577 15552 15576 15526 15508 15455 15439 15420 15391 15352 15374 15406 15376 15366 15405 15424 15366 15322 15269
15508 15498 15489 15523 15474 15467 15421 15403 15397 15381 15354 15330 15379 15390 15398 15413 15421 15376 15322 15296 15236
15489 15508 15478 15484 15473 15391 15368 15348 15378 15395 15386 15376 15422 15438 15443 15445 15413 15340 15283 15209 15181
15486 15483 15489 15497 15415 15387 15370 15370 15418 15415 15425 15446 15426 15418 15397 15349 15306 15258 15222 15223 15209
15479 15496 15510 15479 15461 15404 15401 15449 15478 15541 15467 15391 15362 15331 15273 15237 15190 15193 15198 15204 15169
15503 15512 15517 15527 15470 15457 15496 15501 15569 15561 15430 15386 15347 15286 15226 15086 15050 15108 15152 15144 15129
15509 15515 15523 15470 15465 15454 15509 15565 15563 15446 15400 15387 15367 15326 15186 15145 15158 15162 15168 15127 15108
15511 15512 15512 15505 15438 15574 15582 15575 15484 15421 15404 15407 15367 15207 15166 15181 15164 15171 15153 15114 15125
