inst/extdata/modis/lst/modgrid/Lat43.00075Lon-78.78820Start2001-01-01End2013-12-31___MOD11A2/GRID_Lat43.00075Lon-78.78820Start2001-01-01End2013-12-31___MOD11A2_LST_Day_1km_A2006337.asc
ncols		 21
nrows		 21
xllcorner	 -6416881.12
yllcorner	 4772121.02
cellsize	 926.625433055834
NODATA_value	 0
13776 13776 13774 13790 13716 13712 13708 13705 13694 13690 13691 13701 13690 13683 13676 13674 13889 13878 13879 13883 13882
13773 13774 13788 13782 13723 13732 13727 13709 13697 13691 13702 13701 13698 13691 13687 13903 13876 13877 13887 13889 13887
13763 13765 13764 13742 13755 13743 13748 13733 13725 13712 13692 13696 13701 13694 13676 13663 13695 13885 13887 13887 13885
13745 13742 13722 13722 13733 13757 13765 13766 13768 13769 13770 13707 13703 13919 13892 13891 13702 13645 13891 13880 13880
13747 13631 13624 13710 13761 13769 13766 13769 13771 13774 13714 13714 13923 13901 13902 13912 13913 13905 13885 13883 13874
13617 13619 13717 13751 13759 13753 13757 13767 13770 13718 13711 13924 13906 13908 13923 13926 13920 13903 13901 13888 13879
13697 13694 13687 13689 13736 13758 13776 13754 13944 13942 13921 13915 13918 13937 13937 13935 13927 13926 13913 13905 13904
13694 13691 13691 13723 13752 13757 13751 13955 13955 13947 13946 13942 13932 13933 13934 13934 13934 13934 13931 13930 13935
13710 13713 13736 13744 13744 13955 13959 13958 13945 13945 13944 13939 13936 13932 13931 13931 13950 13953 13950 13943 13943
13742 13742 13743 13948 13956 13960 13960 13943 13942 13948 13966 13966 13955 13945 13944 13940 13941 13942 13942 13942 13926
13738 13738 13935 13938 13938 13953 13959 13957 13957 13966 13966 13943 13936 13938 13941 13938 13938 13942 13942 13919 13906
13725 13698 13702 13940 13941 13962 13962 13962 0 13929 13922 13920 13921 13959 13963 13957 13939 13939 13934 13928 13925
13700 13705 13943 13945 13946 0 0 0 13929 13937 13938 13940 13952 13953 13948 13939 13938 13935 13936 13926 13884
13707 13714 13946 13968 13968 13971 13979 13964 13954 13954 13956 13957 13956 13945 13937 13937 13930 13928 13915 13896 13894
13491 13488 13727 13722 13973 13978 13974 13959 13955 13957 13955 13956 13938 13929 13929 13926 13925 13917 13905 13903 13888
13501 13731 13724 13725 13973 13971 13960 13957 13956 13950 13951 13937 13926 13924 13916 0 13909 13909 13909 0 0
13488 0 13985 13978 13973 13962 13960 13957 13939 13940 13934 13938 13936 13916 0 0 0 0 0 0 13496
13959 13993 13993 13984 13969 13968 13963 13929 13929 13929 0 0 0 0 0 0 0 0 0 13505 13506
0 0 13967 13967 13967 13967 0 0 0 0 0 0 0 0 0 0 0 0 13509 13525 13542
0 13967 13967 13967 13967 0 0 0 0 0 0 0 0 0 0 13553 13553 0 13522 13524 13526
0 0 0 0 0 0 0 0 0 0 0 0 0 0 13553 13553 0 13522 13535 13535 13530
