inst/extdata/modis/lst/modgrid/Lat43.00075Lon-78.78820Start2001-01-01End2013-12-31___MOD11A2/GRID_Lat43.00075Lon-78.78820Start2001-01-01End2013-12-31___MOD11A2_LST_Day_1km_A2013033.asc
ncols		 21
nrows		 21
xllcorner	 -6416881.12
yllcorner	 4772121.02
cellsize	 926.625433055834
NODATA_value	 0
13168 13152 13139 13152 13168 13176 13161 13144 13129 13118 13122 13107 13096 13100 13110 13112 13091 13095 13094 13094 13104
13177 13170 13167 13175 13183 13141 13123 13112 13104 13099 13091 13097 13105 13110 13100 13089 13088 13081 13077 13383 13106
13237 13215 13209 13551 13194 13183 13157 13120 13085 13068 13093 13103 13112 13110 13105 13094 13088 13089 13400 13404 13401
13556 13566 13592 13547 13513 13201 13187 13140 13075 13094 13097 13099 13095 13101 13112 13096 13097 13413 13414 13394 13389
13433 13429 13417 13433 13482 13550 13216 13145 13111 13448 13111 13099 13102 13429 13407 13410 13429 0 13389 13394 13397
13407 13402 13397 13405 13423 13482 13558 13542 13481 13448 13420 13408 13406 13424 13437 13445 13446 13436 13433 13432 13430
13400 13396 13397 13402 13411 13474 13529 13500 13473 13450 13420 13412 13443 13454 13451 13442 13440 13442 13447 13451 13454
13408 13403 13397 13394 13435 13501 13521 13500 13485 13451 13421 13457 13463 13463 13462 13450 13441 13441 13449 13438 13438
13412 13408 13417 13462 13510 13534 13490 13478 13461 13457 13469 13471 13465 13470 13465 13455 13443 13438 13434 13432 13433
13463 13501 13485 13500 13512 13500 13475 13458 13462 13476 13195 13487 13482 13476 13466 13449 13436 13435 13435 13433 13430
13477 13461 13454 13461 13479 13482 13457 13455 13475 13198 13191 13483 13476 13443 13438 13440 13440 13439 13439 13437 13425
13442 13445 13462 13463 13476 13478 13475 13473 13204 13199 13475 13462 13407 13440 13441 13441 13441 13445 13122 13122 13436
13474 13465 13459 13504 13494 13498 13501 13508 13484 13467 13450 13414 13446 13446 13443 13437 13439 13124 13127 13431 13405
0 0 13527 13504 13506 13512 13502 13481 13465 13459 13431 13432 13431 13464 13430 13436 13118 13114 13099 13084 13097
13527 13531 13500 13477 13485 13486 13478 13461 13455 13448 13442 13442 13481 13434 13427 13456 13119 13105 13089 13093 13096
13538 13516 13504 13508 13493 13475 13089 13091 13466 13453 13456 13087 13078 13472 13101 13116 13103 13085 13421 13087 13080
13532 13520 13520 13154 13140 13092 13096 13086 13083 13461 13085 13087 13082 13082 13104 13098 13078 13079 13068 13064 13060
13529 13514 13160 13157 13496 13485 13088 13466 13463 13475 13079 13076 13071 13073 13440 13075 13070 13421 13415 13406 13396
13524 13537 13536 13499 13469 13465 13471 13470 13490 13516 13485 13448 13438 13437 13435 13434 13422 13417 13407 13400 13400
13559 13547 13501 13464 13465 13484 13504 13497 13505 13478 13453 13449 13457 13453 13442 13432 13418 13402 13393 13392 13413
13569 13541 13498 13483 13496 13509 13510 13506 13476 13459 13471 13470 13461 13444 13437 13427 13415 13412 13407 13406 13400
