inst/extdata/modis/lst/modgrid/Lat43.00075Lon-78.78820Start2001-01-01End2013-12-31___MOD11A2/GRID_Lat43.00075Lon-78.78820Start2001-01-01End2013-12-31___MOD11A2_LST_Day_1km_A2005193.asc
ncols		 21
nrows		 21
xllcorner	 -6416881.12
yllcorner	 4772121.02
cellsize	 926.625433055834
NODATA_value	 0
15230 15452 15611 15499 15401 15331 15460 15493 15426 15430 15413 15411 15385 15337 15323 15272 15230 15289 15330 15201 15140
15225 15175 15168 15245 15271 15297 15298 15269 15250 15335 15344 15340 15330 15311 15359 15258 15279 15211 15258 15209 15158
14954 15041 15027 15124 15111 15121 15116 15147 15260 15246 15230 15299 15287 15364 15384 15386 15246 15197 15158 15148 15162
14892 14890 14885 14926 15106 15040 15089 15168 15217 15266 15291 15324 15396 15412 15281 15211 15151 15126 15118 15168 15263
15043 15146 15176 15037 15097 15055 15013 15094 15253 15393 15346 15441 15355 15347 15250 15204 15153 15097 15142 15213 15235
15197 15243 15209 15178 15160 15097 15050 15144 15306 15452 15437 15306 15296 15360 15408 15300 15119 15105 15208 15280 15281
15287 15185 15241 15261 15182 15145 15135 15226 15567 15339 15286 15318 15406 15474 15404 15257 15201 15304 15274 15266 15279
15132 15153 15156 15123 15178 15186 15189 15273 15399 15381 15354 15422 15475 15515 15398 15329 15354 15286 15296 15354 15305
15140 15154 15186 15237 15235 15298 15384 15439 15439 15417 15446 15478 15457 15445 15452 15437 15411 15406 15369 15365 15275
15135 15135 15233 15306 15381 15515 15492 15480 15484 15484 15492 15441 15487 15507 15511 15453 15383 15359 15368 15373 15365
15126 15311 15358 15576 15588 15527 15539 15547 15629 15517 15469 15481 15463 15448 15445 15397 15376 15378 15393 15416 15409
15333 15389 15489 15522 15523 15532 15496 15597 15616 15522 15520 15477 15449 15458 15546 15463 15442 15416 15426 15433 15384
15417 15469 15543 15538 15489 15564 15597 15617 15570 15540 15514 15442 15451 15524 15369 15359 15402 15450 15545 15391 15363
15499 15596 15504 15550 15523 15458 15589 15565 15522 15513 15251 15333 15346 15390 15390 15422 15498 15554 15395 15397 15383
15598 15567 15408 15393 15417 15458 15566 15547 15372 15236 15328 15370 15487 15460 15440 15459 15539 15425 15407 15393 15345
15556 15408 15394 15412 15451 15519 15493 15518 15227 15320 15458 15463 15478 15496 15483 15537 15398 15419 15360 15268 15254
15551 15453 15442 15415 15494 15485 15512 15412 15410 15459 15456 15398 15436 15429 15424 15234 15288 15250 15238 15297 15331
15547 15539 15540 15534 15499 15410 15372 15426 15401 15326 15293 15383 15397 15246 15215 15169 15129 15158 15291 15318 15277
15488 15447 15415 15401 15389 15367 15306 15411 15429 15386 15368 15407 15288 15235 15192 15125 15099 15173 15223 15253 15157
15420 15349 15342 15323 15293 15377 15457 15500 15503 15471 15414 15381 15348 15215 15189 15178 15224 15222 15246 15131 15178
15277 15271 15351 15353 15365 15406 15424 15380 15315 15316 15366 15313 15305 15296 15290 15290 15269 15116 15099 15160 15152
