inst/extdata/modis/lst/modgrid/Lat43.00075Lon-78.78820Start2001-01-01End2013-12-31___MOD11A2/GRID_Lat43.00075Lon-78.78820Start2001-01-01End2013-12-31___MOD11A2_LST_Day_1km_A2009105.asc
ncols		 21
nrows		 21
xllcorner	 -6416881.12
yllcorner	 4772121.02
cellsize	 926.625433055834
NODATA_value	 0
14770 14786 14806 14801 14797 14794 14782 14777 14788 14644 14660 14680 14682 14761 14646 14734 14720 14716 14702 14700 14699
14598 14684 14693 14705 14732 14748 14740 14748 14730 14718 14746 14748 14758 14763 14749 14728 14697 14690 14685 14688 14680
14064 14325 14165 14326 14299 14378 14455 14523 14559 14600 14702 14725 14749 14753 14743 14706 14683 14680 14673 14663 14677
14106 14142 14150 14192 14371 14350 14154 14459 14362 14716 14575 14638 14765 14764 14726 14692 14677 14665 14658 14676 14685
14572 14390 14382 14389 14328 14424 14171 14249 14453 14600 14642 14658 14653 14633 14614 14607 14587 14642 14653 14679 14691
14458 14465 14458 14634 14433 14395 14346 14394 14562 14638 14637 14610 14632 14641 14652 14631 14580 14550 14569 14693 14611
14745 14760 14665 14520 14486 14432 14407 14497 14671 14658 14633 14639 14665 14697 14689 14622 14585 14593 14609 14610 14608
14759 14666 14668 14578 14647 14434 14634 14764 14679 14667 14653 14664 14698 14705 14648 14628 14634 14639 14636 14639 14624
14638 14646 14627 14663 14624 14631 14787 14776 14682 14664 14666 14669 14649 14648 14647 14650 14654 14650 14642 14636 14646
14662 14648 14649 14672 14775 14808 14805 14806 14823 14846 14705 14691 14684 14681 14819 14683 14658 14640 14639 14649 14645
14623 14713 14833 14818 14825 14817 14824 14863 14873 14854 14836 14828 14813 14808 14826 14829 14616 14653 14660 14660 14648
14786 14839 14864 14885 14890 14909 14894 14908 14916 14870 14851 14657 14633 14646 14666 14654 14654 14679 14694 14677 14618
14843 14872 14892 14896 14918 14946 14903 14992 14944 14920 14669 14666 14677 14690 14678 14667 14812 14846 14857 14767 14563
14898 14925 14928 14933 14939 14937 14964 14941 14921 14748 14676 14666 14679 14689 14832 14820 14857 14850 14772 14721 14718
14938 14940 14937 14933 14926 14922 14787 14774 14758 14745 14733 14731 14725 14832 14823 14858 14890 14846 14797 14740 14698
14960 14960 14943 14926 14905 14772 14758 14758 14749 14737 14732 14717 14822 14826 14848 14872 14841 14800 14706 14682 14686
14967 14951 14935 14916 14756 14738 14749 14740 14727 14739 14717 14822 14813 14803 14822 14784 14744 14684 14668 14679 14474
14924 14926 14927 14912 14749 14725 14714 14714 14737 14724 14784 14786 14779 14782 14739 14692 14673 14691 14715 14714 14466
14900 14901 14891 14724 14691 14682 14697 14710 14721 14707 14791 14783 14777 14734 14686 14669 14674 14692 14721 14473 14510
14877 14874 14827 14672 14668 14693 14701 14693 14695 14795 14796 14795 14766 14732 14701 14686 14683 14693 14718 14675 14540
14877 14847 14808 14714 14710 14741 14737 14733 14805 14802 14813 14811 14793 14752 14726 14711 14686 14573 14610 14544 14541
