inst/extdata/modis/lst/modgrid/Lat43.00075Lon-78.78820Start2001-01-01End2013-12-31___MOD11A2/GRID_Lat43.00075Lon-78.78820Start2001-01-01End2013-12-31___MOD11A2_LST_Day_1km_A2010329.asc
ncols		 21
nrows		 21
xllcorner	 -6416881.12
yllcorner	 4772121.02
cellsize	 926.625433055834
NODATA_value	 0
0 13619 13617 13602 13588 13624 13624 13625 13641 13688 13732 13747 13747 13687 13693 13713 13773 13773 13779 13743 0
13707 13729 13643 13584 13628 13684 13691 13654 13669 13742 13746 13733 13703 13718 13736 13738 13798 13798 0 0 13666
13787 13688 13738 0 13747 13735 13808 13665 13680 13677 13733 13707 13720 13740 13738 13734 0 0 0 0 0
13738 13747 13693 13724 0 13718 13738 13721 13694 13763 13727 13718 13696 13668 0 0 0 0 0 0 0
13682 13692 13705 13698 13672 0 13721 13827 13823 13728 13723 13703 13706 13729 0 0 0 0 0 0 0
13665 13675 13721 13673 13683 13811 13843 13862 13871 13881 13807 13755 13744 0 0 0 0 0 0 0 0
13739 13735 13717 13712 13765 13799 13832 13819 13837 13840 13847 13841 0 0 0 0 0 0 0 0 0
13714 13729 13739 13734 13739 13753 13797 13838 13826 13816 0 0 0 0 0 0 0 0 0 0 0
13724 13724 13748 13773 13802 13806 13836 13843 0 0 0 0 0 0 0 0 0 0 13637 0 13725
13762 13792 13803 13845 13808 13812 0 0 0 0 0 0 0 0 0 0 13626 13656 0 0 13665
13831 13824 13805 13791 13729 0 13802 13802 0 0 0 0 0 0 0 13640 13770 13817 13801 13729 13747
13791 13772 13764 13774 13822 13806 13802 0 0 0 0 0 0 0 0 13666 13838 13857 13868 13910 0
13764 13760 13722 13806 13821 0 0 0 0 0 0 0 0 0 13646 13719 13851 13937 13928 13925 0
13714 13730 13791 13811 13798 13779 13730 0 0 0 0 0 0 13684 13699 13790 13904 13942 13945 13941 13889
13701 13813 13830 13809 13746 13708 13708 0 0 13654 13654 0 13635 13685 13730 13809 13906 13923 13890 13873 13807
13899 13780 13789 13731 13736 13725 13774 13793 13686 13654 13602 13642 13697 13682 13677 13724 13793 13802 13790 13707 13729
13820 13715 13715 13755 13746 13782 13775 13791 13780 13748 13710 13726 13740 13763 13741 13722 13701 13684 13659 13729 13784
13715 13715 13744 13740 13746 13776 13740 13703 13716 13743 13750 13749 13763 0 13684 13674 13708 13755 13766 13693 13693
13625 13737 13759 13722 13708 13642 13716 13717 13742 13691 13621 13619 13623 13623 0 0 13766 13766 13693 13693 0
13652 13706 13718 13709 13670 13672 13695 13690 13684 13628 13623 0 13623 0 13596 13596 13596 0 0 0 0
13680 13673 13664 13656 13678 13714 13717 13647 13643 13643 0 0 0 0 13596 0 13647 13647 0 0 13570
