inst/extdata/modis/lst/modgrid/Lat43.00075Lon-78.78820Start2001-01-01End2013-12-31___MOD11A2/GRID_Lat43.00075Lon-78.78820Start2001-01-01End2013-12-31___MOD11A2_LST_Day_1km_A2007033.asc
ncols		 21
nrows		 21
xllcorner	 -6416881.12
yllcorner	 4772121.02
cellsize	 926.625433055834
NODATA_value	 0
13233 13106 13067 12989 13206 13203 13070 13055 13046 13157 13142 13134 13127 13128 13009 13009 13100 13103 13102 12983 12975
13281 13266 13237 13237 13235 13225 13207 13175 13136 13118 13116 13103 13102 13113 13170 13173 13183 13183 12992 12971 12962
13333 13292 13280 13281 13288 13277 13231 13174 13139 13115 13096 13112 13118 13175 13179 13185 13183 12977 12971 13166 13168
13280 13277 13296 13284 13242 13263 13213 13220 13150 13166 13150 13220 13202 13192 13192 13191 13194 13172 13167 13171 13178
13179 13173 13176 13246 13253 13240 13270 13210 13198 13166 13167 13189 13182 13214 13210 13214 13209 13199 13174 13178 13178
13217 13149 13247 13208 13203 13233 13203 13173 13166 13165 13181 13174 13081 13085 13208 13198 13183 13153 0 0 13177
13197 13185 13150 13157 13164 13160 13266 13184 13179 13154 13170 13076 13082 13211 13110 13202 13116 13087 0 0 0
13086 13116 13141 13134 13132 13254 13193 13187 13151 13047 13052 13055 12910 13094 13095 13020 13004 12900 12893 12893 13039
13075 13087 13088 13185 13240 13095 13095 12921 13051 13059 12924 12932 12937 12947 12937 12921 13043 13043 13040 13042 13055
13166 13130 13214 13240 13005 13013 12937 12922 12925 12940 12948 12954 12956 12974 12951 13057 13048 13039 13040 13049 13057
13178 13043 0 12915 12927 12942 12939 12937 12945 12955 12970 12987 12967 13059 13061 13062 13063 13058 13054 13048 13045
13355 13355 0 12890 12897 12907 12918 12935 12956 12957 12960 12964 13048 13058 13059 13058 13061 13057 13059 13165 13165
12901 13088 13071 13074 12883 12897 12915 13074 13075 12954 13183 13183 13181 13059 13037 13041 13047 13060 13045 13039 13051
13088 13090 13123 13040 13043 13051 13060 13040 13033 13025 13023 13183 13179 13021 13021 13031 13045 13036 13026 13050 13002
13095 13117 13048 13039 13036 13037 13032 13032 13022 13018 13020 13028 13029 13029 13037 13034 13034 13018 13009 12859 12841
13079 13066 13064 13049 13034 13016 13015 13018 13018 13020 13027 12880 13170 13037 12893 12890 12869 12854 12836 12819 12799
13035 13065 12977 13043 13020 13020 0 0 13173 0 0 0 0 12858 12858 12841 12894 12873 12831 12782 0
13114 13102 13109 13106 13088 13106 12912 12904 12899 12969 12969 12955 12888 12855 12843 12858 12879 12880 0 0 0
13110 13118 13129 13104 13089 13084 13091 13093 13097 13103 12907 12912 12907 12877 12841 12841 0 0 0 0 0
12947 12933 12887 13066 13065 13069 13073 13081 13078 12821 12783 12787 12818 12841 0 0 0 0 0 0 0
0 0 12832 13057 13051 13053 13048 13054 12804 12775 12754 12755 0 0 0 0 0 0 0 0 0
