inst/extdata/modis/lst/modgrid/Lat43.00075Lon-78.78820Start2001-01-01End2013-12-31___MOD11A2/GRID_Lat43.00075Lon-78.78820Start2001-01-01End2013-12-31___MOD11A2_LST_Day_1km_A2007193.asc
ncols		 21
nrows		 21
xllcorner	 -6416881.12
yllcorner	 4772121.02
cellsize	 926.625433055834
NODATA_value	 0
14772 14772 15146 15173 15000 14985 14948 14942 14945 15072 15052 0 15070 15105 15134 15145 0 15105 15102 15100 14995
14637 14812 14844 14784 14813 14733 14794 14817 14815 14814 15017 15013 15058 15142 15148 15093 15066 15056 0 14991 14853
14600 14627 14688 14868 14686 14681 14690 14724 14809 15018 15011 14987 15054 15095 15085 15068 14905 14889 14857 14757 14742
14542 14637 14666 14645 14823 14635 14653 14819 15073 14934 14920 15022 15064 15096 15012 14875 14829 14816 14752 14745 14731
14755 14726 14723 14709 14634 14780 14644 14843 14932 14963 15010 15006 14993 14973 14828 14707 14681 14720 14670 14657 14668
14830 14774 14766 14734 14637 14700 14830 14900 14992 15046 15011 14987 14942 14853 14707 14713 14725 14674 14659 14656 14690
14912 14918 14853 14768 14728 14840 14878 14991 15044 15036 14994 14964 14907 14919 14936 14935 14595 14661 0 14880 14859
15031 15053 14951 14824 14901 14919 14987 15056 15080 15054 15029 14913 14917 14932 14933 14683 14670 14740 14880 14880 14858
14982 15057 14935 14926 14938 14969 15062 15086 15056 15049 14913 14903 14903 14899 14841 14667 14769 14880 14880 0 14755
14848 14876 14931 15034 15041 15155 15194 15201 15198 15214 14938 14922 14886 15086 0 0 0 0 0 0 14965
14875 14955 14838 14946 14994 15206 15262 15264 15253 15224 15211 0 15050 15050 15099 15106 0 0 0 0 0
14959 14989 15005 15011 15228 15230 15236 15247 15246 15223 15200 15182 15128 15127 15101 14946 14975 14997 15024 14817 0
15134 15197 15202 15141 15167 15223 15223 0 15200 15200 15231 15236 15243 15209 15158 14984 14997 15023 15009 15120 15063
15185 15185 15099 15105 0 0 0 14988 15028 15197 15059 15079 15100 15108 15147 15148 15177 15171 15120 15105 15097
15153 15107 15061 0 0 15155 15026 15114 15187 15103 15091 15089 15098 15210 15184 15169 15164 15007 15013 15027 14995
15133 0 0 0 15218 15218 15205 15207 15113 15116 15113 15193 15182 15187 15183 15182 15004 15005 15005 14983 14965
15228 0 0 15219 15176 15183 15224 15229 15243 15257 15221 15183 15179 15191 15181 15025 14983 15043 15064 15016 14993
15310 15319 15335 15103 15031 15195 15236 15257 15270 15280 15249 15203 15145 15127 14989 14934 14927 14960 14999 15025 15027
15326 15335 15249 15207 15252 15248 15269 15272 15278 15256 15223 15082 15016 14977 14950 14917 14940 14965 15012 15025 15013
15337 15318 15273 15251 15260 0 15198 15225 15274 15243 15171 15172 15097 14983 14918 14973 14999 15004 15005 15006 14988
15319 15284 15220 15220 0 15232 15221 15290 15255 15206 15228 15233 15141 15114 15015 14842 14836 14821 14800 14790 14923
