inst/extdata/modis/lst/modgrid/Lat43.00075Lon-78.78820Start2001-01-01End2013-12-31___MOD11A2/GRID_Lat43.00075Lon-78.78820Start2001-01-01End2013-12-31___MOD11A2_LST_Day_1km_A2006265.asc
ncols		 21
nrows		 21
xllcorner	 -6416881.12
yllcorner	 4772121.02
cellsize	 926.625433055834
NODATA_value	 0
14726 14647 14661 14651 14794 14638 14632 14619 14626 14619 14619 14626 14599 14603 14563 14557 14558 14557 14539 14533 14607
14610 14608 14605 14599 14584 14666 14572 14569 14587 14566 14600 14609 14604 14613 14604 14590 14581 14640 14556 14558 14575
14517 14545 14613 14611 14494 14524 14548 14558 14536 14557 14662 14591 14616 14600 14616 14615 14645 14547 14540 14552 14546
14473 14432 14449 14453 14522 14473 14489 14516 14575 14681 14689 14628 14626 14644 14607 14566 14609 14584 14565 14578 14561
14559 14483 14587 14455 14454 14553 14454 14550 14580 14635 14641 14632 14707 14590 14597 14570 14569 14530 14468 14538 14445
14651 14630 14596 14595 14566 14520 14516 14565 14642 14640 14658 14561 14566 14611 14553 14571 14439 14423 14512 14526 14576
14576 14592 14611 14597 14553 14518 14597 14610 14631 14635 14582 14566 14682 14703 14647 14467 14464 14545 14533 14610 14590
14493 14499 14489 14500 14553 14567 14622 14677 14664 14615 14656 14680 14718 14711 14526 14519 14560 14536 14625 14635 14562
14458 14490 14522 14538 14568 14600 14658 14643 14646 14614 14665 14670 14537 14541 14556 14635 14649 14633 14651 14603 14535
14555 14560 14530 14558 14594 14604 14599 14602 14603 14603 14634 14536 14541 14562 14642 14630 14624 14535 14647 14551 14541
14596 14551 14561 14597 14614 14612 14598 14587 14628 14613 14565 14548 14677 14707 14697 14671 14560 14557 14571 14557 14565
14563 14564 14652 14682 14671 14572 14565 14572 14615 14743 14706 14623 14676 14667 14710 14732 14601 14596 14712 14734 14692
14562 14616 14662 14670 14686 14627 14631 14661 14651 14735 14626 14678 14679 14707 14728 14596 14619 14738 14733 14693 14666
14616 14642 14651 14673 14612 14616 14644 14739 14728 14696 14737 14681 14709 14719 14712 14701 14713 14723 14678 14662 14657
14701 14609 14682 14583 14589 14684 14672 14660 14641 14697 14708 14728 14729 14601 14602 14617 14750 14681 14674 14657 14627
14784 14828 14715 14712 14667 14657 14650 14475 14570 14576 14712 14713 14586 14588 14600 14628 14614 14584 14530 14506 14480
14754 14819 14554 14550 14730 14721 14403 14421 14554 14665 14665 14545 14540 14564 14701 14594 14566 14534 14520 14487 14458
14673 14652 14552 14637 14730 14714 14624 14736 14668 14683 14652 14623 14663 14665 14650 14614 14507 14507 14516 14471 14464
14645 14632 14660 14758 14729 14725 14729 14749 14819 14826 14805 14731 14703 14673 14594 14565 14447 14458 14533 14488 14486
14733 14742 14726 14712 14744 14757 14778 14824 14825 14806 14657 14678 14702 14681 14624 14455 14447 14539 14587 14492 14541
14740 14693 14692 14757 14767 14811 14832 14825 14759 14689 14722 14730 14701 14647 14603 14500 14537 14537 14546 14526 14495
