inst/extdata/modis/lst/modgrid/Lat43.00075Lon-78.78820Start2001-01-01End2013-12-31___MOD11A2/GRID_Lat43.00075Lon-78.78820Start2001-01-01End2013-12-31___MOD11A2_LST_Day_1km_A2005169.asc
ncols		 21
nrows		 21
xllcorner	 -6416881.12
yllcorner	 4772121.02
cellsize	 926.625433055834
NODATA_value	 0
15292 15302 15302 15290 15269 15202 15179 15199 15124 15089 15073 15098 15114 15112 15062 15005 15011 15075 15063 14980 14876
15058 15130 15124 14933 14922 14919 14938 14957 14916 14941 15034 15089 15135 15137 15105 15082 15101 15078 14998 14967 14933
14677 14759 14764 14774 14779 14804 14843 14850 14895 14966 14996 15060 15109 15143 15141 15119 15076 15019 14973 14961 14981
14729 14680 14772 14773 14761 14755 14781 14850 14926 14953 15005 15118 15169 15163 15129 15075 15004 14958 14953 14985 15009
14857 14872 14875 14852 14812 14791 14787 14842 14954 15062 15099 15230 15149 15113 15050 15013 14961 14915 14942 14993 15038
14938 14947 14939 14906 14875 14826 14805 14928 15033 15131 15127 15059 15071 15058 15069 15021 14913 14920 14978 15024 15063
14979 14984 14970 14960 14932 14974 14986 15070 15229 15145 15063 15079 15105 15139 15106 15010 14992 15029 15056 15064 15058
14939 14941 14936 14939 14949 14982 15046 15243 15150 15110 15081 15098 15190 15119 15072 15055 15061 15074 15102 15107 15064
14911 14931 14967 14976 14997 15035 15255 15240 15121 15072 15114 15158 15148 15135 15126 15148 15143 15124 15120 15100 15103
14926 14931 14975 15044 15124 15267 15263 15183 15142 15165 15225 15208 15217 15229 15200 15178 15129 15101 15084 15110 15129
14932 15025 15088 15154 15250 15230 15219 15182 15289 15268 15254 15262 15246 15191 15188 15169 15155 15153 15167 15179 15190
15055 15102 15172 15241 15230 15297 15330 15387 15409 15304 15287 15258 15218 15237 15251 15242 15230 15231 15262 15263 15166
15136 15213 15311 15323 15342 15371 15421 15445 15406 15358 15258 15200 15209 15220 15220 15204 15198 15248 15243 15158 15106
15329 15371 15366 15366 15376 15396 15438 15295 15266 15254 15196 15172 15192 15217 15201 15181 15241 15229 15148 15117 15094
15396 15376 15306 15305 15361 15371 15252 15225 15217 15182 15158 15158 15185 15201 15185 15225 15233 15168 15128 15091 15035
15413 15332 15320 15370 15300 15244 15214 15204 15177 15185 15179 15173 15198 15206 15222 15239 15193 15143 15078 15004 14986
15411 15385 15378 15315 15264 15222 15215 15188 15194 15190 15172 15181 15180 15183 15166 15134 15127 15078 15044 15035 15035
15388 15391 15344 15336 15297 15268 15256 15247 15265 15211 15188 15154 15140 15116 15077 15040 15013 15024 15034 15062 15045
15350 15360 15353 15316 15274 15266 15258 15265 15275 15268 15211 15185 15140 15098 15040 14961 14925 14956 14997 15023 15005
15366 15361 15320 15259 15263 15287 15287 15289 15377 15278 15218 15191 15158 15113 15039 15007 14995 14997 15018 15023 15005
15378 15353 15304 15288 15306 15314 15367 15378 15352 15270 15261 15253 15219 15110 15048 15025 15022 15015 14983 14982 14987
