inst/extdata/modis/lst/modgrid/Lat43.00075Lon-78.78820Start2001-01-01End2013-12-31___MOD11A2/GRID_Lat43.00075Lon-78.78820Start2001-01-01End2013-12-31___MOD11A2_LST_Day_1km_A2003025.asc
ncols		 21
nrows		 21
xllcorner	 -6416881.12
yllcorner	 4772121.02
cellsize	 926.625433055834
NODATA_value	 0
13232 13232 0 13228 13223 13225 13226 13192 13185 0 13154 13157 13141 13121 13110 0 13110 13110 13357 13361 13391
13292 13352 13309 13263 13253 13252 13221 13185 0 13157 13157 13161 13161 13163 0 13110 13099 13062 13218 13376 13380
13408 13449 13451 13445 13425 13442 13416 13388 13287 13244 13180 13178 13185 13187 13170 13154 13124 13242 13373 13379 13424
13410 13393 13370 13407 13446 13410 13388 13291 13240 13225 13220 13212 13212 13206 13191 13180 13171 13451 13451 13414 13438
13295 13246 13240 0 13312 13318 13427 13405 13314 13274 13228 13223 13217 13201 13198 13189 13472 13455 13406 13426 13301
0 13232 0 13313 13313 13442 13452 13371 13325 13248 13230 13213 13207 13210 13237 13363 13480 13336 13335 13320 13316
13199 13200 13200 0 0 13407 13407 13347 13300 13254 13235 13215 13220 13247 13247 13237 13336 13336 13332 13337 13351
13200 13200 0 0 13331 13336 13325 13312 13262 13250 13225 13235 13262 13249 13237 13237 13234 13342 13339 13355 13354
0 13257 13257 13305 13343 13320 13312 13262 13253 13228 13227 13224 13240 13248 13248 13248 13246 13350 13349 13357 13353
13274 13292 13299 13329 13310 13304 13261 13251 13219 13238 13256 13254 13255 13246 13246 13245 13352 13460 13349 13353 13344
13333 13280 13239 13238 13241 13251 13250 13240 13257 13276 13264 13260 13241 13238 13230 13236 13242 13352 13351 13347 13342
13220 13222 13232 13235 13248 13254 13262 13278 13291 13271 13265 13241 13238 13232 13235 13239 13355 13353 13354 13226 13203
13233 13251 13247 13252 13262 13288 13306 13318 13285 13275 13240 13236 13229 13231 13234 13249 13250 13240 13232 13349 13339
13288 13292 13294 13292 13289 13299 13306 13286 13276 13238 13233 13223 13219 13217 13215 13221 13230 13364 13357 13348 13344
13151 13159 13298 13293 13305 13127 13117 13111 13235 13238 13242 13239 13236 13217 13219 13228 13363 13359 13359 13360 13365
13164 13151 13145 13144 13131 13118 13114 13110 13255 13251 13252 13246 13225 13225 13231 13228 13226 13331 13355 13351 13353
13164 13163 13158 13148 13131 13118 13110 13102 13099 13255 13246 13233 13235 13235 13229 13336 13328 13061 13056 13190 13333
13159 13157 13155 13146 13128 13111 13103 13101 13250 13228 13202 13204 13211 13222 13225 13330 13058 13055 13191 13185 13320
13152 13159 13160 13130 13281 13265 13105 13262 13239 13219 13208 13208 13220 13227 12887 12888 12870 13323 13318 13314 13319
13165 13163 13284 13269 13242 13253 13260 13254 13248 13234 13233 13235 13235 12887 12880 12881 13326 13320 13312 13054 13058
13163 13316 13285 13243 13251 13256 13264 13262 13245 13253 13259 13258 12894 12881 12877 13204 13196 13333 13059 13059 13326
