inst/extdata/modis/lst/modgrid/Lat43.00075Lon-78.78820Start2001-01-01End2013-12-31___MOD11A2/GRID_Lat43.00075Lon-78.78820Start2001-01-01End2013-12-31___MOD11A2_LST_Day_1km_A2001089.asc
ncols		 21
nrows		 21
xllcorner	 -6416881.12
yllcorner	 4772121.02
cellsize	 926.625433055834
NODATA_value	 0
14578 14611 14663 14693 14657 14652 14630 14603 14616 14560 14554 14567 14584 14590 14549 14534 14513 14499 14503 14499 14492
14480 14432 14461 14434 14571 14586 14544 14546 14513 14534 14560 14566 14572 14583 14562 14514 14490 14493 14501 14494 14479
14083 14252 14216 14216 14169 14293 14416 14485 14485 14536 14551 14574 14605 14605 14567 14542 14515 14505 14506 14506 14477
14118 14184 14255 14240 14121 14106 14131 14257 14464 14531 14579 14604 14606 14585 14567 14529 14502 14501 14484 14499 14530
14253 14331 14406 14404 14355 14274 14206 14307 14312 14591 14617 14612 14619 14619 14587 14551 14506 14458 14458 14511 14539
14519 14502 14468 14426 14407 14328 14311 14364 14598 14635 14612 14600 14608 14604 14603 14559 14510 14492 14524 14525 14516
14542 14551 14556 14512 14401 14343 14424 14497 14537 14632 14617 14598 14605 14605 14580 14541 14522 14536 14535 14526 14512
14523 14532 14526 14486 14483 14463 14481 14550 14650 14648 14593 14586 14597 14613 14614 14595 14563 14549 14538 14536 14533
14507 14498 14490 14488 14489 14469 14583 14654 14651 14615 14583 14589 14596 14599 14593 14583 14583 14596 14579 14556 14532
14465 14479 14507 14565 14564 14648 14663 14665 14683 14680 14679 14644 14603 14597 14597 14615 14619 14607 14598 14598 14578
14421 14544 14569 14590 14670 14678 14696 14707 14704 14722 14719 14655 14593 14601 14637 14634 14636 14631 14623 14605 14576
14586 14572 14603 14631 14652 14699 14715 14736 14768 14758 14680 14616 14617 14692 14687 14656 14642 14639 14649 14642 14599
14614 14655 14650 14650 14683 14684 14732 14758 14759 14734 14731 14697 14683 14690 14665 14658 14660 14665 14657 14598 14569
14680 14676 14680 14683 14683 14728 14739 14715 14698 14714 14689 14669 14669 14683 14676 14668 14672 14667 14607 14589 14562
14695 14684 14683 14687 14697 14701 14673 14673 14681 14664 14663 14658 14679 14687 14674 14668 14662 14612 14600 14552 14525
14685 14685 14685 14689 14693 14643 14639 14646 14657 14660 14642 14637 14651 14667 14667 14652 14634 14624 14525 14513 14509
14696 14684 14683 14681 14675 14665 14657 14655 14653 14650 14647 14636 14653 14661 14594 14602 14592 14504 14500 14507 14513
14682 14681 14689 14688 14679 14670 14669 14664 14657 14652 14603 14591 14595 14574 14581 14521 14481 14485 14510 14526 14523
14664 14695 14708 14701 14672 14671 14668 14667 14667 14654 14630 14594 14562 14562 14503 14490 14487 14496 14498 14513 14491
14681 14684 14677 14670 14672 14667 14666 14671 14671 14666 14653 14639 14606 14524 14496 14490 14485 14488 14501 14510 14501
14676 14667 14664 14664 14664 14666 14682 14693 14690 14654 14650 14630 14600 14595 14506 14486 14485 14486 14486 14484 14476
