inst/extdata/modis/lst/modgrid/Lat43.00075Lon-78.78820Start2001-01-01End2013-12-31___MOD11A2/GRID_Lat43.00075Lon-78.78820Start2001-01-01End2013-12-31___MOD11A2_LST_Day_1km_A2005257.asc
ncols		 21
nrows		 21
xllcorner	 -6416881.12
yllcorner	 4772121.02
cellsize	 926.625433055834
NODATA_value	 0
15010 15020 15136 15116 15081 14990 14959 14947 14937 14935 14927 14977 14976 14960 14932 14905 14901 14901 14893 14889 14882
14904 14944 14933 14937 14929 14920 14912 14914 14909 14909 14937 14953 14957 14946 14937 14926 14939 14921 14910 14895 14877
14786 14806 14819 14879 14835 14839 14860 14878 14903 14917 14928 14937 14953 14955 14951 14943 14909 14890 14882 14860 14858
14746 14750 14759 14768 14822 14774 14790 14847 14905 14933 14938 14963 14983 14973 14953 14869 14841 14833 14806 14803 14809
14817 14833 14826 14807 14778 14816 14782 14841 14917 14960 14986 14982 14959 14923 14900 14857 14832 14771 14772 14801 14826
14865 14964 14946 14904 14817 14782 14792 14863 14943 14986 14963 14927 14913 14907 14947 14915 14814 14788 14836 14859 14864
14973 14979 14966 14943 14827 14820 14849 14915 14945 14942 14902 14896 14909 14967 14952 14863 14851 14867 14876 14874 14844
14922 14931 14930 14917 14963 14858 14928 14973 14960 14949 14928 14937 14966 14977 14892 14872 14880 14879 14942 14881 14859
14917 14922 14931 14981 14995 14987 14972 14953 14928 14947 14942 14951 14961 14899 14904 14943 15016 14923 14893 14892 14897
14889 14897 14923 14951 14985 15047 15024 15054 14965 14968 15075 15165 15147 15147 15034 15029 14999 14934 14938 14894 14900
14899 14944 14979 15011 15112 15077 15070 15083 15263 15189 15168 15163 15147 15143 15030 15020 15032 14996 15004 15034 15046
14993 15051 15097 15101 15074 15086 15273 15309 15320 15274 15228 15202 15182 15181 15162 15080 15041 15045 15076 15090 15039
14963 15099 15107 15247 15087 15281 15316 15317 15286 15245 15217 15189 15192 15221 14942 14959 14980 15059 15087 15037 14997
15090 15100 15298 15283 15289 15295 15297 15282 15256 15238 15187 15154 15166 14951 14933 14954 15046 15070 15002 15032 15003
15147 15259 15239 15274 15275 15272 15260 15233 15209 15191 15165 15157 15025 15007 15039 15104 15121 15061 15034 14994 14977
15279 15251 15228 15229 15209 15171 15138 15143 15209 15193 15176 15010 15019 15077 15036 15039 15032 15045 14989 14953 14906
15266 15234 15235 15230 15185 15152 15143 15145 15140 15059 15015 15006 15026 15020 15003 14996 14894 14873 14844 14858 14928
15231 15234 15249 15233 15192 15175 15096 15087 15047 15035 15017 15022 15007 14986 14959 14854 14837 14823 14831 14883 15061
15235 15251 15173 15140 15020 15002 15000 15108 15053 15071 15063 15031 15007 14971 14847 14818 14798 14854 14864 14886 14883
15257 15172 15133 15012 15011 15006 15009 15018 15118 15105 15083 15063 15031 14975 14861 14817 14830 14872 14888 14909 14880
15186 15158 15029 15024 15037 15052 15046 15178 15115 15092 15086 15076 15083 14887 14851 14843 14889 14882 14870 14869 14866
