inst/extdata/modis/lst/modgrid/Lat43.00075Lon-78.78820Start2001-01-01End2013-12-31___MOD11A2/GRID_Lat43.00075Lon-78.78820Start2001-01-01End2013-12-31___MOD11A2_LST_Day_1km_A2001265.asc
ncols		 21
nrows		 21
xllcorner	 -6416881.12
yllcorner	 4772121.02
cellsize	 926.625433055834
NODATA_value	 0
14718 14739 14652 14647 14664 14645 14610 14579 14512 14505 14608 14757 14752 14730 14710 14690 14626 14636 14645 14386 14397
14540 14586 14603 14600 14584 14571 14540 14478 14473 14472 14492 14741 14751 14750 14659 14648 14652 14656 14650 14618 14577
14471 14494 14505 14548 14505 14479 14444 14446 14475 14477 14651 14664 14743 14665 14663 14658 14634 14625 14599 14553 14560
14446 14457 14456 14456 14498 14431 14448 14467 14493 14684 14691 14757 14669 14673 14662 14623 14607 14574 14518 14523 14541
14429 14441 14520 14438 14382 14466 14443 14548 14699 14718 14785 14678 14669 14671 14636 14671 14653 14494 14500 14499 14542
14629 14485 14469 14439 14538 14552 14570 14616 14664 14795 14675 14666 14748 14785 14793 14694 14669 14647 14404 14608 14666
14585 14606 14601 14580 14571 14594 14609 14647 14791 14772 14744 14749 14785 14797 14770 14725 14700 14714 14719 14705 14692
14602 14600 14616 14627 14632 14666 14687 14701 14807 14775 14768 14779 14802 14794 14764 14742 14732 14691 14689 14719 14722
14582 14598 14629 14641 14669 14684 14708 14820 14798 14785 14770 14798 14793 14779 14767 14669 14672 14700 14742 14735 14694
14549 14633 14652 14681 14693 14709 14838 14828 14840 14856 14870 14746 14735 14740 14697 14675 14658 14752 14714 14687 14704
14754 14771 14835 14838 14848 14858 14857 14872 14883 14756 14759 14756 14755 14752 14747 14659 14700 14716 14719 14668 14651
14799 14834 14852 14862 14874 14875 14885 14903 14766 14758 14756 14734 14752 14761 14752 14748 14799 14781 14687 14665 14732
14841 14860 14870 14878 14878 14892 14916 14922 14768 14759 14729 14760 14764 14739 14737 14812 14803 14677 14653 14753 14697
14874 14880 14886 14885 14894 14906 14903 14888 14877 14746 14746 14749 14728 14728 14809 14794 14793 14771 14754 14704 14669
14893 14896 14883 14885 14897 14886 14860 14835 14727 14732 14735 14718 14719 14816 14806 14797 14778 14766 14677 14658 14664
14836 14914 14902 14900 14775 14758 14736 14724 14724 14724 14709 14692 14691 14705 14820 14793 14771 14713 14657 14655 14643
14839 14833 14820 14800 14776 14751 14726 14713 14688 14689 14688 14682 14694 14679 14753 14739 14716 14662 14659 14663 14649
14815 14806 14803 14783 14759 14732 14728 14722 14717 14716 14694 14682 14661 14722 14702 14667 14631 14647 14666 14660 14628
14770 14761 14743 14724 14719 14734 14884 14890 14895 14869 14853 14757 14713 14707 14678 14617 14619 14620 14628 14605 14597
14743 14744 14725 14712 14910 14909 14907 14909 14890 14876 14852 14814 14803 14728 14672 14660 14649 14639 14637 14650 14601
14942 14943 14927 14928 14926 14926 14925 14902 14884 14857 14810 14812 14762 14733 14698 14659 14650 14603 14592 14585 14597
