inst/extdata/modis/lst/modgrid/Lat43.00075Lon-78.78820Start2001-01-01End2013-12-31___MOD11A2/GRID_Lat43.00075Lon-78.78820Start2001-01-01End2013-12-31___MOD11A2_LST_Day_1km_A2011225.asc
ncols		 21
nrows		 21
xllcorner	 -6416881.12
yllcorner	 4772121.02
cellsize	 926.625433055834
NODATA_value	 0
15241 15230 15232 15227 15219 15270 15250 15238 15241 15185 15165 15176 15158 15140 15117 15039 15054 15074 15066 15064 15053
15035 15095 15101 15095 15098 15098 15078 15137 15106 15116 15126 15128 15125 15121 15124 15113 15078 15059 15053 15056 15056
14919 14954 14965 14963 14965 14970 15015 15015 15015 15038 15073 15106 15145 15155 15161 15076 15043 15027 15026 15040 15043
14822 14849 14875 14900 14908 14871 14876 14965 15038 15084 15115 15179 15209 15206 15109 15049 15019 14999 15004 15015 15018
14915 14933 14928 14912 14908 14949 14895 14948 15039 15192 15227 15189 15165 15144 15095 15068 15027 14987 14986 15011 15012
15083 15013 15019 14994 14946 14924 14927 15004 15105 15253 15183 15137 15139 15163 15153 15118 15013 15003 15055 15069 15075
15069 15085 15085 15065 15025 15015 15043 15189 15281 15215 15155 15150 15203 15223 15210 15095 15062 15093 15096 15091 15087
15046 15051 15049 15052 15054 15074 15168 15299 15260 15214 15190 15200 15228 15228 15149 15088 15116 15112 15125 15106 15094
15033 15049 15074 15078 15111 15175 15267 15272 15242 15219 15228 15230 15217 15181 15142 15133 15186 15183 15175 15130 15130
15036 15065 15089 15153 15224 15280 15288 15270 15255 15268 15254 15225 15213 15258 15256 15233 15204 15154 15130 15144 15179
15072 15157 15221 15263 15312 15336 15328 15316 15307 15292 15245 15229 15275 15239 15240 15248 15228 15198 15194 15203 15183
15128 15209 15269 15309 15343 15347 15335 15312 15322 15332 15308 15282 15263 15252 15275 15285 15261 15236 15231 15233 15165
15246 15288 15312 15361 15357 15362 15365 15381 15415 15366 15316 15258 15263 15274 15262 15251 15235 15226 15212 15150 15127
15292 15313 15318 15321 15321 15378 15347 15356 15353 15306 15261 15253 15263 15256 15245 15244 15265 15240 15151 15106 15080
15331 15305 15313 15291 15310 15320 15307 15314 15302 15275 15248 15248 15263 15252 15244 15268 15256 15225 15115 15065 15076
15360 15381 15294 15279 15321 15293 15300 15279 15263 15234 15249 15244 15251 15260 15265 15259 15239 15207 15132 15057 15044
15392 15373 15352 15360 15304 15292 15273 15256 15237 15237 15240 15228 15231 15217 15174 15165 15177 15128 15070 15055 15046
15368 15371 15368 15353 15314 15304 15289 15275 15261 15259 15237 15221 15184 15120 15107 15108 15070 15055 15042 15040 15023
15352 15353 15336 15296 15303 15295 15287 15293 15266 15259 15260 15222 15185 15171 15136 15073 14974 14992 15024 15030 15018
15335 15323 15274 15301 15294 15293 15302 15307 15315 15296 15264 15240 15232 15200 15150 15029 15024 15022 15070 15072 15051
15341 15344 15319 15309 15296 15330 15333 15333 15323 15297 15286 15288 15261 15200 15118 15091 15075 15072 15048 15013 15024
