inst/extdata/modis/lst/modgrid/Lat43.00075Lon-78.78820Start2001-01-01End2013-12-31___MOD11A2/GRID_Lat43.00075Lon-78.78820Start2001-01-01End2013-12-31___MOD11A2_LST_Day_1km_A2006097.asc
ncols		 21
nrows		 21
xllcorner	 -6416881.12
yllcorner	 4772121.02
cellsize	 926.625433055834
NODATA_value	 0
14479 14468 14469 14478 14491 14487 14479 14470 14475 14453 14442 14440 14442 14442 14421 14374 14375 14396 14362 14363 14357
14335 14397 14403 14409 14409 14411 14410 14409 14408 14401 14415 14438 14454 14458 14434 14420 14401 14362 14361 14375 14360
14064 14110 14139 14171 14181 14210 14272 14296 14301 14291 14307 14407 14446 14464 14456 14331 14297 14284 14291 14285 14295
14123 14132 14121 14155 14204 14152 14172 14216 14285 14353 14436 14468 14482 14468 14329 14303 14274 14269 14264 14292 14360
14309 14339 14332 14299 14231 14271 14128 14159 14273 14481 14515 14513 14485 14355 14332 14328 14292 14252 14276 14368 14382
14392 14399 14377 14341 14307 14226 14163 14201 14501 14525 14498 14428 14418 14440 14440 14391 14321 14293 14367 14383 14386
14396 14405 14396 14357 14319 14264 14248 14429 14486 14455 14405 14402 14459 14486 14456 14385 14353 14389 14388 14395 14393
14397 14420 14400 14369 14342 14304 14347 14479 14474 14435 14413 14447 14499 14495 14455 14389 14411 14410 14417 14420 14377
14355 14371 14398 14377 14329 14386 14471 14457 14432 14423 14443 14523 14468 14462 14437 14444 14442 14444 14452 14427 14420
14360 14321 14352 14366 14426 14458 14452 14511 14341 14359 14576 14535 14514 14477 14487 14488 14454 14423 14435 14423 14431
14336 14387 14485 14534 14569 14559 14546 14536 14553 14546 14511 14496 14469 14453 14480 14484 14464 14461 14474 14499 14468
14442 14497 14520 14547 14560 14598 14563 14571 14574 14529 14507 14492 14467 14490 14533 14517 14503 14471 14501 14494 14454
14456 14557 14583 14596 14614 14567 14573 14596 14562 14529 14509 14495 14507 14527 14517 14507 14473 14518 14506 14457 14398
14526 14548 14550 14547 14548 14555 14547 14557 14527 14517 14504 14492 14504 14527 14505 14459 14509 14494 14444 14406 14378
14558 14559 14556 14558 14545 14540 14476 14457 14459 14463 14452 14442 14468 14531 14502 14544 14587 14509 14386 14376 14361
14596 14588 14584 14569 14560 14532 14516 14523 14542 14547 14461 14450 14529 14535 14536 14569 14535 14388 14347 14311 14311
14599 14581 14572 14568 14544 14526 14527 14541 14537 14538 14523 14524 14538 14516 14517 14496 14445 14303 14323 14329 14389
14580 14575 14588 14579 14553 14549 14565 14552 14556 14495 14471 14451 14436 14449 14450 14427 14353 14402 14430 14428 14389
14575 14588 14593 14567 14539 14542 14540 14551 14504 14489 14489 14473 14473 14463 14417 14314 14313 14395 14415 14391 14394
14629 14591 14564 14540 14536 14543 14559 14522 14545 14521 14498 14516 14507 14473 14372 14351 14389 14386 14324 14336 14321
14645 14630 14588 14572 14558 14577 14585 14603 14581 14549 14548 14520 14493 14447 14419 14390 14312 14317 14315 14313 14306
