inst/extdata/modis/lst/modgrid/Lat43.00075Lon-78.78820Start2001-01-01End2013-12-31___MOD11A2/GRID_Lat43.00075Lon-78.78820Start2001-01-01End2013-12-31___MOD11A2_LST_Day_1km_A2005201.asc
ncols		 21
nrows		 21
xllcorner	 -6416881.12
yllcorner	 4772121.02
cellsize	 926.625433055834
NODATA_value	 0
15467 15500 15527 15522 15494 15470 15441 15434 15365 15341 15350 15347 15336 15317 15283 15249 15261 15307 15319 15289 15255
15336 15396 15364 15348 15351 15297 15302 15294 15298 15330 15342 15355 15358 15356 15336 15324 15313 15308 15282 15252 15164
15053 15093 15138 15136 15138 15165 15203 15242 15263 15275 15277 15302 15337 15357 15351 15324 15269 15239 15215 15166 15167
14991 15031 15050 15074 15072 15068 15080 15151 15232 15273 15286 15332 15381 15373 15315 15256 15203 15162 15128 15146 15176
15149 15146 15137 15117 15088 15081 15114 15161 15270 15337 15384 15393 15375 15313 15291 15254 15195 15118 15133 15167 15194
15216 15207 15180 15136 15101 15083 15113 15235 15284 15384 15364 15327 15288 15297 15300 15248 15158 15152 15208 15264 15291
15233 15244 15229 15197 15151 15157 15217 15299 15404 15386 15298 15263 15295 15357 15335 15258 15227 15248 15295 15311 15304
15212 15212 15201 15175 15184 15208 15269 15359 15374 15321 15278 15308 15367 15359 15314 15298 15310 15327 15330 15282 15270
15216 15223 15238 15232 15242 15287 15353 15378 15363 15338 15358 15388 15372 15373 15355 15326 15336 15344 15349 15314 15305
15198 15216 15267 15302 15284 15346 15361 15412 15427 15438 15452 15444 15418 15388 15362 15361 15381 15359 15335 15331 15298
15220 15268 15303 15374 15398 15398 15497 15498 15503 15478 15470 15475 15508 15356 15378 15419 15399 15379 15369 15372 15280
15297 15340 15412 15439 15443 15514 15523 15525 15522 15511 15500 15489 15473 15477 15475 15454 15426 15431 15397 15354 15314
15381 15444 15474 15484 15530 15550 15580 15574 15533 15521 15496 15461 15455 15462 15460 15447 15429 15394 15370 15344 15335
15465 15490 15493 15518 15527 15545 15556 15530 15527 15488 15457 15384 15371 15410 15439 15420 15390 15381 15308 15296 15242
15514 15510 15514 15503 15496 15485 15456 15455 15389 15379 15350 15338 15400 15451 15454 15472 15489 15356 15252 15239 15170
15550 15533 15523 15467 15465 15404 15393 15376 15367 15350 15359 15400 15472 15480 15488 15492 15499 15437 15229 15165 15193
15562 15539 15462 15463 15424 15402 15375 15361 15363 15380 15431 15436 15432 15417 15396 15368 15333 15287 15204 15187 15173
15542 15452 15462 15441 15429 15427 15456 15423 15430 15502 15478 15429 15373 15347 15315 15299 15265 15247 15224 15190 15170
15477 15490 15503 15493 15489 15475 15487 15499 15555 15564 15472 15400 15366 15327 15236 15169 15156 15156 15152 15154 15144
15504 15510 15498 15474 15474 15502 15518 15555 15562 15520 15486 15434 15387 15263 15194 15171 15159 15154 15164 15172 15156
15529 15527 15516 15519 15530 15548 15569 15567 15548 15530 15461 15418 15356 15249 15237 15222 15191 15177 15167 15162 15157
