inst/extdata/modis/lst/modgrid/Lat43.00075Lon-78.78820Start2001-01-01End2013-12-31___MOD11A2/GRID_Lat43.00075Lon-78.78820Start2001-01-01End2013-12-31___MOD11A2_LST_Day_1km_A2003017.asc
ncols		 21
nrows		 21
xllcorner	 -6416881.12
yllcorner	 4772121.02
cellsize	 926.625433055834
NODATA_value	 0
13162 13156 13175 13170 13166 13163 13153 13144 13067 13119 13114 13111 13103 13098 13057 12905 12898 12894 12893 13025 13040
13257 13207 13196 13193 13193 13181 13069 13063 13060 13169 13154 13158 13148 13141 12844 12849 12960 12957 13025 13041 13046
13303 13321 13318 13398 13309 13342 13320 13224 13171 13144 13157 13149 13032 13024 12842 0 0 0 0 0 13118
13367 13250 13277 13344 13381 13391 13351 13243 13177 13164 13064 13059 13045 13159 13162 13161 0 0 0 13118 13118
13172 13166 13168 13204 13228 13251 13341 13286 13206 13082 13076 13049 13165 13158 13160 0 0 0 0 0 0
13178 13160 13143 13141 13229 13383 13316 13214 13083 13069 13157 13156 13141 13154 13150 0 0 0 0 13072 13072
13154 12962 12954 12939 13174 13192 13212 13167 13108 13070 13059 13122 0 13150 13151 13140 13142 13078 13070 13074 13003
12965 12944 12923 13170 13120 13243 13190 13110 13072 13056 0 0 13150 13134 13091 13066 13092 13043 13018 12957 12996
12941 12938 13238 13244 13261 13216 13105 13077 13131 0 0 0 13116 13088 13055 13047 13044 13018 12967 13035 13038
13202 13142 13117 13161 13238 13221 13159 13159 0 13137 13137 0 13083 13041 13060 13061 13150 0 13037 13080 13070
13120 13062 13053 13080 13092 13156 13215 0 13164 13159 13162 13150 13078 13148 13151 13156 13167 13173 13073 13071 13120
13054 13027 13051 13092 13103 0 13234 13171 13174 13134 13110 12981 13139 13151 13166 13170 13111 13085 13075 13163 13172
13026 13058 13083 13178 13114 13159 13163 13135 13156 13117 13016 13026 13043 13164 13162 13123 13080 13082 13153 13174 13168
13101 13115 13176 13217 13154 13159 13164 13183 13110 13059 13072 13070 13076 13182 13126 13104 13144 13152 13172 13032 13035
13111 13238 13221 13191 13201 13167 13190 13096 13087 13085 13081 13075 13086 13149 13092 13114 13112 13025 13013 13038 13064
13251 13184 13192 13206 13208 13199 13046 13085 13052 13089 13049 12991 13079 13154 13085 13076 13065 13063 13141 13082 13048
13166 13160 13197 13199 13177 13100 13097 13091 13085 13039 13039 13041 13014 13049 13058 13050 13063 13139 13128 13124 13094
13155 13141 13146 13120 13109 13099 13097 13090 13037 13037 13033 13004 13003 13005 13043 13044 13124 13122 13116 13094 13087
13138 13184 13127 13117 13095 13066 13063 13086 13075 13133 13034 13006 13006 13115 13112 13035 13035 13037 13096 13081 13078
13125 13129 13119 13084 13028 13031 13044 13130 13123 13119 13109 13106 13105 13104 13024 13032 13031 13095 13089 13087 13089
13128 13121 13087 13034 13026 13084 13139 13122 13115 13113 13110 13102 13099 13098 13032 13027 13091 13092 13092 13090 13088
