inst/extdata/modis/lst/modgrid/Lat43.00075Lon-78.78820Start2001-01-01End2013-12-31___MOD11A2/GRID_Lat43.00075Lon-78.78820Start2001-01-01End2013-12-31___MOD11A2_LST_Day_1km_A2004193.asc
ncols		 21
nrows		 21
xllcorner	 -6416881.12
yllcorner	 4772121.02
cellsize	 926.625433055834
NODATA_value	 0
15350 15405 15392 15364 15307 15168 15008 15170 15059 15065 15089 15109 15051 14993 14968 14865 14869 14882 14897 14906 14876
15001 15030 15018 14946 15080 15008 14951 14845 14864 14882 14942 15014 14964 14941 14775 0 14884 14844 14820 14852 14834
14820 14846 14754 14724 14752 14805 14803 14829 14850 14910 14930 14930 15136 0 0 0 14797 14813 14827 14827 14738
14775 14719 14736 14768 14745 14686 14701 14812 14912 14928 15014 15178 0 0 0 14761 14773 14796 0 0 14674
14716 14979 14971 14921 14752 14677 14707 14808 14949 15220 15196 0 0 0 0 14779 14786 0 14852 14782 14795
15016 15023 14981 14947 14852 14794 14824 14892 15006 15319 15339 0 0 0 0 0 0 15002 14958 14945 14960
15051 15036 15000 14926 14847 14843 14888 14999 15083 15076 0 0 0 0 0 15002 15021 15061 15061 0 0
15002 14998 14946 14929 14866 14877 14951 15077 15073 14766 14766 0 14974 14974 15006 15002 0 0 0 0 0
14965 14947 14954 14966 14974 14958 15078 15066 15031 15029 0 14974 14977 15101 15110 15158 15158 0 0 0 0
14918 14940 15082 15210 15228 15083 15063 15033 15292 0 14974 14974 15101 15119 15158 15158 0 0 0 0 0
15076 14918 15289 15317 15395 15390 15378 15368 0 0 0 0 0 0 0 0 0 0 0 0 0
14954 15029 15037 15377 15397 15411 15410 15416 0 0 0 0 0 0 0 0 0 0 0 0 0
15083 15417 15438 15442 15451 15440 15419 0 0 0 0 0 0 0 0 0 0 0 0 0 0
15455 15474 15472 15477 15499 15492 0 0 0 0 15156 15178 15193 0 0 0 0 0 14955 14974 15131
15498 15494 15481 15467 15458 0 0 0 0 15156 15180 15196 0 0 0 0 0 14955 14980 15109 15123
15545 15498 15460 15440 0 0 0 0 0 15185 15199 0 0 0 0 0 0 14992 14995 15016 15029
15530 15478 15472 0 0 0 0 0 0 0 15162 15162 15162 0 0 0 14992 15050 15100 15101 15007
15528 15528 0 0 0 0 0 0 0 15162 15162 15162 0 0 0 0 15061 15102 15104 15005 14971
15478 0 0 0 0 0 0 0 0 15162 15162 0 15131 15131 0 14967 14967 14967 0 0 14930
15576 0 0 0 0 0 0 0 0 0 0 15131 15131 0 0 14967 14967 0 0 14930 14930
0 0 0 0 0 0 0 0 0 0 0 15273 15273 15230 15156 15156 0 0 0 0 0
