inst/extdata/modis/lst/modgrid/Lat43.00075Lon-78.78820Start2001-01-01End2013-12-31___MOD11A2/GRID_Lat43.00075Lon-78.78820Start2001-01-01End2013-12-31___MOD11A2_LST_Day_1km_A2008161.asc
ncols		 21
nrows		 21
xllcorner	 -6416881.12
yllcorner	 4772121.02
cellsize	 926.625433055834
NODATA_value	 0
15243 15233 15283 15275 15294 15285 15261 15240 15206 15115 15121 15136 15131 15117 15091 15064 15051 15056 15045 15034 15020
14892 14954 14958 15077 15095 15071 15059 15046 15043 15057 15101 15116 15139 15133 15118 15100 15071 15040 15031 15039 15032
14780 14780 14777 14822 14858 14893 14913 14964 14986 15029 15069 15112 15137 15144 15131 15087 15047 15029 15033 15026 15033
14731 14785 14820 14846 14826 14805 14842 14919 15027 15091 15129 15153 15169 15187 15124 15043 15044 15032 15020 15004 15035
14905 14915 14925 14931 14881 14818 14801 14871 15066 15149 15222 15208 15186 15089 15073 15059 15034 14986 15004 15035 15120
14990 15071 15056 15025 14950 14908 14876 14989 15174 15194 15158 15101 15077 15130 15142 15103 15014 15027 15073 15063 15067
15068 15071 15074 15018 14976 14949 14961 15169 15223 15192 15131 15131 15178 15212 15182 15097 15093 15142 15097 15087 15085
15017 15024 15035 15027 15007 14948 15076 15227 15234 15175 15144 15179 15223 15261 15167 15159 15172 15110 15122 15110 15125
14959 14974 15024 15058 15021 15139 15242 15247 15246 15187 15206 15224 15225 15233 15246 15252 15282 15228 15201 15131 15171
14952 14967 15007 15127 15249 15281 15297 15275 15273 15310 15311 15345 15262 15260 15276 15333 15250 15197 15199 15337 15238
14983 15044 15161 15273 15305 15331 15309 15308 15343 15325 15345 15388 15299 15295 15369 15303 15276 15267 15297 15318 15255
15111 15156 15243 15284 15307 15337 15359 15376 15365 15466 15419 15294 15265 15339 15376 15372 15342 15323 15365 15337 15198
15251 15295 15325 15329 15345 15370 15403 15449 15519 15455 15331 15293 15362 15392 15381 15339 15319 15394 15380 15228 15175
15339 15394 15399 15368 15379 15390 15459 15523 15323 15306 15275 15261 15275 15394 15317 15295 15371 15353 15258 15177 15162
15427 15415 15396 15380 15383 15439 15424 15314 15304 15292 15266 15239 15292 15313 15291 15352 15383 15277 15215 15169 15113
15431 15402 15380 15385 15435 15405 15376 15380 15305 15294 15292 15282 15332 15338 15360 15379 15304 15234 15141 15077 15062
15479 15377 15374 15365 15394 15371 15379 15379 15354 15371 15331 15331 15305 15307 15335 15266 15244 15128 15095 15083 15082
15376 15358 15370 15367 15334 15318 15377 15353 15372 15350 15298 15232 15233 15325 15220 15180 15125 15138 15115 15140 15106
15372 15378 15376 15324 15295 15290 15293 15300 15355 15412 15382 15339 15272 15238 15179 15109 15037 15051 15111 15091 15121
15375 15372 15321 15270 15272 15290 15303 15438 15448 15411 15364 15365 15297 15258 15185 15063 15050 15111 15140 15165 15147
15380 15364 15313 15286 15287 15352 15471 15469 15429 15398 15422 15420 15372 15294 15121 15103 15144 15062 15041 15057 14998
