inst/extdata/modis/lst/modgrid/Lat43.00075Lon-78.78820Start2001-01-01End2013-12-31___MOD11A2/GRID_Lat43.00075Lon-78.78820Start2001-01-01End2013-12-31___MOD11A2_LST_Day_1km_A2005105.asc
ncols		 21
nrows		 21
xllcorner	 -6416881.12
yllcorner	 4772121.02
cellsize	 926.625433055834
NODATA_value	 0
14890 14911 14929 14928 14943 14932 14901 14896 14887 14872 14874 14890 14881 14869 14859 14823 14814 14829 14837 14835 14828
14619 14775 14776 14774 14777 14782 14805 14822 14810 14783 14823 14858 14868 14880 14867 14834 14828 14842 14847 14833 14814
14226 14337 14463 14487 14435 14484 14555 14655 14715 14779 14817 14842 14863 14874 14859 14827 14807 14810 14807 14795 14794
14326 14429 14393 14413 14395 14343 14343 14518 14692 14815 14864 14892 14924 14913 14841 14802 14781 14770 14770 14783 14823
14669 14693 14696 14666 14594 14498 14400 14459 14744 14891 14931 14931 14908 14847 14826 14807 14779 14754 14764 14805 14822
14814 14815 14781 14743 14669 14538 14440 14614 14812 14928 14913 14871 14842 14862 14892 14849 14786 14772 14789 14812 14832
14865 14839 14835 14800 14736 14639 14566 14760 14924 14924 14871 14855 14893 14937 14920 14845 14816 14834 14845 14843 14839
14834 14830 14834 14815 14718 14614 14747 14917 14943 14893 14861 14880 14927 14936 14891 14858 14868 14872 14876 14868 14852
14806 14817 14814 14733 14664 14761 14904 14941 14903 14873 14897 14919 14909 14905 14905 14906 14905 14904 14896 14884 14887
14708 14689 14692 14758 14890 14952 14954 14931 14938 14969 14964 14933 14927 14935 14946 14938 14908 14879 14880 14888 14888
14685 14779 14878 14950 14973 14966 14958 14971 15010 15011 14971 14941 14907 14912 14927 14922 14896 14894 14910 14926 14906
14855 14906 14947 14964 14980 14997 15006 15031 15050 15000 14966 14929 14915 14939 14952 14953 14945 14942 14965 14948 14903
14930 14960 14969 14981 15001 15019 15047 15073 15019 14992 14952 14930 14939 14950 14947 14937 14938 14984 14964 14910 14858
14975 14996 15003 15004 15013 15030 15049 15007 14994 14962 14936 14918 14933 14958 14923 14918 14963 14949 14907 14857 14822
15019 15011 15001 15003 15004 15001 14968 14960 14945 14935 14913 14893 14932 14918 14916 14941 14951 14911 14850 14821 14793
15037 15016 15007 15002 14989 14953 14940 14937 14941 14943 14932 14921 14928 14929 14931 14930 14911 14838 14795 14776 14773
15035 15022 15020 15009 14980 14952 14939 14941 14943 14943 14928 14928 14916 14907 14886 14859 14782 14738 14756 14811 14816
15014 15020 15029 15019 14981 14962 14952 14950 14956 14953 14926 14887 14870 14849 14814 14754 14722 14752 14827 14838 14813
15020 15039 15034 14996 14957 14955 14956 14956 14961 14955 14927 14889 14859 14815 14756 14735 14731 14781 14821 14819 14828
15034 15037 15009 14959 14959 14969 14976 14981 14969 14946 14900 14890 14862 14820 14793 14784 14795 14823 14839 14852 14850
15045 15022 14978 14975 14991 15015 15011 14984 14956 14916 14909 14898 14870 14843 14825 14815 14821 14834 14852 14856 14859
