inst/extdata/modis/lst/modgrid/Lat43.00075Lon-78.78820Start2001-01-01End2013-12-31___MOD11A2/GRID_Lat43.00075Lon-78.78820Start2001-01-01End2013-12-31___MOD11A2_LST_Day_1km_A2012273.asc
ncols		 21
nrows		 21
xllcorner	 -6416881.12
yllcorner	 4772121.02
cellsize	 926.625433055834
NODATA_value	 0
14710 14688 14696 14714 14836 14801 14696 14691 14539 14522 14573 14581 14593 14444 14438 14364 14346 14379 14420 14432 14468
14602 14553 14546 14586 14520 14460 14456 14426 14404 14418 14457 14502 14586 14538 14385 14361 14407 14581 14566 14784 14462
14451 14451 14445 14559 14394 14411 14395 14403 14393 14399 14417 14559 14524 14507 14616 14595 14795 14774 14774 14778 14780
14411 14416 14430 14434 14570 14355 14366 14438 14398 14534 14580 14529 14550 14679 14632 14795 14771 14768 14464 14531 14536
14553 14450 14540 14506 14407 14494 14400 14441 14541 14508 14509 14508 14569 14522 14566 14812 14782 14462 14468 14531 14547
14694 14685 14663 14641 14504 14478 14394 14600 14512 14558 14552 14526 14508 14569 14567 14790 14467 14471 14519 14539 14458
14691 14681 14670 14623 14567 14546 14563 14491 14561 14557 14514 14502 14590 14587 14855 14574 14556 14498 14529 14597 14593
14633 14607 14595 14446 14452 14517 14622 14644 14628 14582 14577 14586 14527 14638 14606 14564 14470 14549 14438 14452 14441
14406 14426 14451 14508 14552 14625 14662 14642 14624 14608 14606 14544 14583 14622 14602 14486 14491 14462 14425 14406 14460
14414 14460 14518 14578 14639 14692 14701 14689 14633 14634 14550 14608 14635 14495 14442 14433 14410 14425 14439 14457 14630
14524 14816 14843 14674 14676 14674 14677 14661 14642 14590 14482 14510 14513 14439 14429 14428 14433 14461 14470 14662 14646
14825 14862 14586 14609 14666 14664 14663 14656 14498 14489 14510 14528 14450 14445 14457 14579 14593 14693 14696 14695 14841
14902 14602 14628 14656 14652 14651 14661 14646 14523 14662 14666 14558 14517 14685 14572 14588 14769 14924 14918 14586 14588
14907 14532 14539 14638 14639 14954 14667 14675 14688 14666 14515 14509 14677 14712 14727 14745 14759 14903 14588 14588 14612
14514 14515 14632 14542 14650 14637 14636 14662 14656 14872 14864 14526 14536 14577 14597 14667 14737 14780 14586 14631 14626
14642 14505 14525 14666 14619 14613 14605 14622 14634 14882 14587 14480 14520 14587 14672 14762 14793 14840 14815 14795 14527
14516 14645 14661 14619 14671 14656 14609 14618 14892 14885 14498 14508 14546 14581 14758 14597 14554 14616 14505 14534 14444
14634 14638 14628 14614 14640 14638 14736 14903 14646 14628 14518 14528 14574 14749 14556 14532 14497 14506 14516 14509 14542
14619 14941 14623 14624 14652 14572 14594 14643 14653 14538 14566 14590 14746 14668 14496 14432 14441 14471 14466 14520 14519
14684 14666 14588 14457 14598 14627 14659 14672 14687 14636 14627 14746 14715 14497 14506 14454 14470 14475 14650 14675 14670
14668 14648 14611 14594 14661 14692 14700 14694 14631 14611 14740 14716 14696 14448 14429 14442 14473 14800 14617 14447 14473
