inst/extdata/modis/lst/modgrid/Lat43.00075Lon-78.78820Start2001-01-01End2013-12-31___MOD11A2/GRID_Lat43.00075Lon-78.78820Start2001-01-01End2013-12-31___MOD11A2_LST_Day_1km_A2002241.asc
ncols		 21
nrows		 21
xllcorner	 -6416881.12
yllcorner	 4772121.02
cellsize	 926.625433055834
NODATA_value	 0
15225 15256 15277 15273 15257 15247 15202 15256 15210 15159 15143 15142 15150 15155 15100 15085 15071 15111 15113 15057 15031
15141 15115 15128 15123 15142 15130 15127 15133 15128 15122 15117 15133 15156 15141 15116 15099 15127 15121 15089 15031 14997
14901 14852 14863 14931 14952 14983 14991 15037 15094 15091 15071 15113 15137 15126 15133 15153 15079 15041 14995 14941 14963
14769 14785 14868 14858 14862 14860 14931 15032 15090 15106 15138 15172 15188 15142 15107 15019 15008 14969 14925 14945 14964
14968 14989 14978 14949 14895 14881 14867 14925 15086 15167 15192 15182 15074 15029 15050 15073 14994 14924 14910 14935 14958
15055 15090 15032 14982 14938 14879 14879 14995 15159 15202 15146 15081 15026 15054 15081 15009 14919 14900 14937 14970 14990
15111 15111 15114 15023 14961 14947 14966 15134 15192 15133 15043 15053 15116 15082 15042 14967 14957 15002 15015 15026 15027
15063 15065 15060 15033 15015 15011 15117 15196 15114 15048 15051 15113 15148 15156 15052 15032 15034 15027 15057 15036 14995
15030 15039 15087 15043 15044 15106 15184 15155 15086 15100 15142 15159 15164 15132 15109 15120 15106 15058 15068 15025 15049
15015 15031 15033 15078 15172 15214 15171 15144 15157 15208 15238 15201 15171 15175 15132 15112 15048 15010 15017 15079 15089
15022 15087 15150 15220 15247 15203 15200 15204 15206 15250 15268 15252 15226 15151 15130 15137 15129 15040 15078 15134 15125
15167 15171 15251 15242 15284 15288 15223 15239 15355 15303 15263 15253 15228 15222 15239 15239 15118 15170 15177 15144 15095
15320 15322 15275 15239 15238 15276 15319 15378 15323 15262 15214 15204 15217 15224 15218 15206 15194 15217 15172 15091 15055
15338 15315 15279 15261 15288 15307 15353 15316 15250 15211 15168 15148 15172 15236 15217 15212 15242 15234 15155 15069 15025
15335 15322 15303 15292 15288 15290 15258 15205 15190 15143 15135 15160 15233 15223 15229 15252 15264 15214 15100 15045 15029
15352 15329 15296 15286 15269 15219 15204 15215 15168 15147 15170 15209 15247 15274 15273 15269 15230 15148 15077 15016 14982
15340 15302 15296 15297 15289 15238 15195 15198 15199 15194 15191 15208 15253 15210 15153 15134 15143 15110 15085 15065 15020
15297 15320 15329 15329 15301 15224 15208 15210 15222 15239 15231 15184 15170 15131 15102 15062 15028 15019 15033 15083 15027
15310 15353 15359 15342 15276 15199 15211 15279 15300 15275 15212 15183 15204 15107 15007 14984 14983 14992 15021 15011 15001
15330 15364 15328 15297 15223 15235 15283 15369 15386 15263 15238 15272 15229 15120 15050 15000 15006 14997 15023 15010 14981
15329 15306 15274 15266 15296 15349 15347 15297 15283 15268 15267 15271 15237 15105 15080 15052 15036 14999 14986 14960 14949
