inst/extdata/modis/lst/modgrid/Lat43.00075Lon-78.78820Start2001-01-01End2013-12-31___MOD11A2/GRID_Lat43.00075Lon-78.78820Start2001-01-01End2013-12-31___MOD11A2_LST_Day_1km_A2013009.asc
ncols		 21
nrows		 21
xllcorner	 -6416881.12
yllcorner	 4772121.02
cellsize	 926.625433055834
NODATA_value	 0
13956 13961 13966 13961 14059 13953 13953 13835 13813 0 0 0 0 13701 13891 13891 0 0 0 13928 13929
13884 13909 13890 13870 13873 13880 13889 13871 13864 13684 0 13701 13701 13701 13701 0 0 0 13905 13909 13934
13814 13795 13755 13757 13805 13838 13850 13853 13780 0 13701 13701 13824 13824 0 0 0 13905 13885 0 0
13789 13747 13700 13754 13792 13785 13791 13897 13957 14004 14026 13948 13946 13942 13942 0 0 13864 13864 13970 13970
13778 13713 13776 13822 13839 13819 13881 13921 13989 14028 14029 14018 13986 13976 0 0 13869 13934 13916 13967 13956
13834 13746 13903 13943 13942 13904 13898 13942 14028 14035 14009 13972 13961 14029 13983 13976 13957 13934 14002 13963 13967
13886 13873 13939 13946 13937 13947 13943 14007 14027 14000 13967 14042 13991 13995 13995 13970 13967 14045 14056 14006 14047
13835 13953 13960 13935 13940 13928 13948 14006 13995 13979 14080 13984 13993 13949 13891 13891 14053 14055 14025 14092 14004
13941 13983 14013 14005 13973 13984 14001 13977 13973 14093 13990 13990 13994 13908 13916 13988 14058 14083 0 13982 13989
13971 13952 13957 14009 14031 14034 14020 14009 14031 14039 14092 13998 13909 13919 14000 14074 14083 0 0 0 0
13946 13995 14018 14029 14025 14013 14023 14032 14042 14048 14038 14014 14051 14088 14097 0 0 0 0 0 0
14009 14011 14006 14012 14007 14016 14029 14061 14063 14048 14017 14049 14088 14097 0 0 0 0 0 0 0
13972 14003 14003 14009 14018 14070 14057 14066 14059 14049 0 0 0 13963 0 0 13945 13945 0 0 0
13973 14003 14010 14001 14045 14040 14041 14048 14033 13962 0 0 13963 13963 0 13945 13945 0 0 0 0
13988 13988 13986 14027 14070 14024 14018 14020 13935 13935 0 13963 13963 0 0 0 0 0 13803 13799 13791
13988 13988 13967 13911 13907 13906 13911 13935 13935 0 0 0 0 0 0 0 0 13803 13798 13780 13770
0 13968 13833 13861 13899 13889 14092 0 0 0 0 0 0 0 0 0 0 13792 13776 13766 13763
13974 13910 13863 13856 14076 14092 0 0 0 0 0 0 0 0 0 0 0 13770 13772 13794 13778
13966 13973 0 0 0 0 0 0 0 0 0 0 0 0 0 0 13775 13777 13794 13782 13776
0 0 0 0 0 0 0 0 0 0 0 0 0 0 0 13786 13786 13794 13780 13776 13776
13745 13746 0 0 0 0 0 0 0 0 0 0 0 0 0 13786 13760 13760 13761 13759 13754
