inst/extdata/modis/lst/modgrid/Lat43.00075Lon-78.78820Start2001-01-01End2013-12-31___MOD11A2/GRID_Lat43.00075Lon-78.78820Start2001-01-01End2013-12-31___MOD11A2_LST_Day_1km_A2011345.asc
ncols		 21
nrows		 21
xllcorner	 -6416881.12
yllcorner	 4772121.02
cellsize	 926.625433055834
NODATA_value	 0
13903 13780 13864 13852 13864 13735 13735 13727 13719 13729 13689 13686 13679 13681 13733 13739 13682 13670 13659 13668 13678
13746 13750 13870 13864 13824 13788 13786 13777 13712 13706 13693 13680 13675 13673 13681 13673 13666 13650 13661 13667 13657
13772 13878 13871 13855 13848 13850 13816 13779 13705 13682 13691 13681 13671 13677 13668 13662 13655 13671 13685 13676 13672
13849 13845 13834 13828 13821 13819 13831 13803 13769 13685 13654 13681 13685 13662 13655 13669 13680 13692 13687 13681 13669
13781 13792 13799 13796 13765 13810 13849 13831 13730 13685 13672 13724 13684 13667 13678 13700 13714 13722 13689 13672 13668
13708 13759 13709 13722 13748 13803 13844 13811 13737 13714 13722 13707 13669 13666 13701 13708 13747 13707 13662 13659 13660
13697 13695 13701 13720 13742 13781 13795 13767 13734 13710 13696 13687 13686 13695 13715 13709 13643 13641 13634 13636 13716
13697 13703 13704 13703 13748 13767 13771 13748 13705 13707 13702 13700 13713 13728 13732 13644 13653 13722 13720 13729 13746
13678 13695 13692 13761 13784 13784 13713 13717 13716 13694 13713 13734 13711 13697 13713 13715 13696 13733 13735 13761 13766
13747 13801 13753 13735 13728 13723 13715 13707 13678 13725 13706 13667 13685 13734 13727 13725 13805 13824 13822 13764 13726
13732 13728 13705 13694 13715 13706 13693 13681 13699 13720 13661 13656 13727 13735 13743 13768 13891 13900 13828 13769 13831
13690 13689 13688 13695 13694 13695 13696 13711 13730 13688 13716 13715 13728 13742 13805 13897 13894 13901 13857 13799 13787
13689 13697 13727 13724 13698 13699 13700 13809 13769 13723 13721 13752 13758 13896 13900 13846 13848 13859 13805 13788 13760
13730 13733 13738 13676 13674 13619 13819 13825 13820 13800 13799 13801 13804 13898 13850 13846 13850 13844 13828 13763 13747
13685 13690 13777 13771 13807 13837 13838 13884 13885 13889 13803 13803 13802 13791 13784 13847 13842 13834 13761 13748 13784
13754 13747 13793 13967 13841 13894 13891 13890 13890 13894 13845 13806 13785 13786 13850 13851 13779 13762 13798 13777 13725
13831 13830 13933 13929 13925 13907 13903 13900 13903 13845 13810 13839 13841 13839 13839 13774 13755 13782 13774 13725 13719
13892 13882 13883 13886 13879 13913 13912 13920 13908 13891 13829 13831 13829 13826 13823 13804 13725 13784 13779 13733 13688
13879 13885 13890 13883 13922 13924 13865 13869 13860 13878 13824 13829 13833 13763 13744 13688 13682 13709 13685 13650 13709
13886 13891 13882 13921 13839 13857 13870 13872 13870 13855 13856 13857 13787 13766 13698 13687 13678 13675 13646 13688 13706
13892 13889 13885 13841 13864 13877 13879 13883 13878 13872 13868 13795 13784 13763 13705 13720 13684 13648 13697 13705 13729
