inst/extdata/modis/lst/modgrid/Lat43.00075Lon-78.78820Start2001-01-01End2013-12-31___MOD11A2/GRID_Lat43.00075Lon-78.78820Start2001-01-01End2013-12-31___MOD11A2_LST_Day_1km_A2003049.asc
ncols		 21
nrows		 21
xllcorner	 -6416881.12
yllcorner	 4772121.02
cellsize	 926.625433055834
NODATA_value	 0
13469 13451 13667 13659 13662 13661 13649 13637 13630 13604 13601 13608 13610 13613 13348 13354 13363 13356 13342 13346 13360
13657 13653 13664 13663 13661 13645 13619 13623 13599 13581 13604 13616 13619 13346 13348 13608 13366 13362 13597 13366 13372
13574 13580 13565 13535 13665 13649 13640 13606 13582 13606 13612 13618 13625 13619 13609 13598 13593 13596 13369 13374 13370
13527 13546 13526 13477 13645 13457 13463 13611 13610 13626 13634 13638 13636 13628 13622 13607 13600 13613 13618 13607 13353
13428 13433 13432 13427 13442 13660 13683 13632 13649 13653 13653 13649 13641 13636 13612 13619 13621 13627 13618 13610 13608
13423 13411 13407 13415 13423 13639 13643 13657 13665 13658 13643 13629 13620 13623 13648 13637 13632 13628 13618 13615 13615
13408 13410 13409 13402 13400 13419 13649 13668 13685 13668 13636 13618 13632 13665 13655 13638 13633 13627 13628 13632 13315
13410 13414 13399 13400 13421 13648 13664 13702 13677 13641 13625 13636 13659 13662 13649 13639 13640 13642 13649 13649 13643
13415 13415 13644 13471 13485 13509 13691 13449 13438 13642 13657 13665 13652 13660 13392 13391 13651 13650 13652 13647 13643
13458 13460 13638 13493 13517 13707 13455 13443 13655 13679 13695 13672 13669 13397 13397 13664 13645 13640 13644 13645 13644
13441 13416 13426 13675 13681 13678 13668 13416 13436 13466 13670 13678 13665 13657 13659 13662 13660 13384 13383 13659 13654
13401 13415 13442 13457 13461 13480 13439 13447 13472 13672 13673 13653 13636 13648 13673 13682 13395 13389 13669 13664 13652
13427 13457 13473 13471 13486 13502 13706 13706 13693 13675 13657 13633 13648 13660 13666 13671 13665 13684 13684 13657 13629
13689 13721 13502 13482 13478 13475 13705 13699 13676 13672 13640 13643 13664 13676 13666 13649 13667 13658 13639 13628 13624
13733 13714 13468 13464 13474 13705 13694 13672 13671 13674 13663 13664 13676 13665 13639 13654 13686 13636 13630 13626 13630
13732 13714 13704 13706 13439 13432 13451 13456 13669 13674 13667 13665 13668 13666 13671 13675 13653 13628 13621 13626 13627
13513 13713 13718 13445 13437 13449 13454 13676 13667 13676 13654 13665 13673 13663 13655 13646 13363 13612 13612 13612 13608
13722 13711 13726 13722 13702 13685 13680 13672 13687 13657 13643 13638 13633 13636 13357 13362 13381 13369 13352 13336 13330
13708 13510 13515 13700 13468 13471 13480 13487 13680 13686 13652 13643 13645 13338 13331 13383 13331 13329 13327 13321 13331
13521 13524 13716 13468 13463 13457 13475 13690 13706 13671 13662 13666 13666 13342 13637 13296 13287 13269 13321 13336 13343
13507 13711 13696 13419 13425 13476 13486 13717 13698 13684 13688 13688 13681 13669 13656 13642 13622 13628 13636 13635 13624
