inst/extdata/modis/lst/modgrid/Lat43.00075Lon-78.78820Start2001-01-01End2013-12-31___MOD11A2/GRID_Lat43.00075Lon-78.78820Start2001-01-01End2013-12-31___MOD11A2_LST_Day_1km_A2008169.asc
ncols		 21
nrows		 21
xllcorner	 -6416881.12
yllcorner	 4772121.02
cellsize	 926.625433055834
NODATA_value	 0
15020 14984 14939 14953 14965 14967 14946 14956 14907 14865 14899 14888 14860 14738 14818 14707 14704 14708 14733 14710 14726
14755 14752 14775 14881 14900 14909 14893 14885 14817 14795 14794 14794 14907 14843 14897 14791 14732 14736 14702 14702 14714
14622 14622 14614 14733 14584 14619 14632 14728 14733 14760 14786 14870 14902 14898 14934 14781 14731 14694 14691 14708 14743
14545 14565 14604 14575 14667 14578 14645 14699 14741 14896 14891 14879 14910 14902 14833 14761 14710 14690 14692 14727 14761
14654 14673 14678 14714 14709 14684 14621 14716 14907 14943 14911 14904 14879 14826 14765 14745 14721 14667 14690 14718 14741
14730 14811 14787 14799 14687 14720 14635 14828 14944 14985 14845 14807 14782 14781 14791 14781 14691 14643 14720 14800 14863
14891 14888 14863 14818 14696 14698 14805 14913 15045 14885 14852 14786 15019 14931 14827 14772 14750 14813 14840 14849 14849
14830 14830 14825 14814 14837 14791 14873 15023 14896 15036 14995 15019 15085 14932 14900 14869 14829 14866 14858 14913 14822
14727 14740 14850 14857 14869 14942 14988 15116 15067 15027 15072 15091 15046 14998 14930 14936 14985 14940 14938 14870 14873
14641 14758 14855 14902 14965 14991 15138 15131 15145 15174 15163 15115 15096 14961 14962 14970 14963 14915 14947 14948 15006
14750 14838 14925 15036 15041 15169 15156 15186 15222 15207 15140 15131 15110 15092 15113 14978 15116 15109 15139 15041 15007
14917 14962 15021 15038 15166 15069 15089 15261 15272 15157 15139 15135 15007 15118 15169 15166 15151 15162 15219 15067 14985
15112 15171 15172 15177 15071 15083 15414 15277 15249 15193 15029 15018 15037 15064 15171 15141 15138 15228 15062 15007 14908
15211 15231 15238 15240 15146 15166 15165 15253 15209 15155 15026 15025 15040 15170 15184 15125 15128 15090 15027 14935 14917
15243 15241 15134 15143 15136 15133 15109 15071 15035 15014 15002 15086 15154 15186 15207 15141 15099 15042 14950 14937 14952
15382 15260 15101 15137 15121 15078 15029 15036 15009 15003 15117 15116 15030 15051 15161 15329 15258 15165 14928 14903 14877
15151 15172 15126 15132 15094 15138 15058 15057 15138 15133 15118 14993 15036 15132 15132 14956 14917 14883 14911 14821 14836
15133 15123 15094 15192 15162 15162 15146 15167 15169 15177 15138 15047 15048 14989 14928 14866 14841 14799 14815 14847 14811
15096 15379 15225 15152 15152 15188 15185 15200 15211 15183 15166 15124 15004 14962 14839 14789 14770 14788 14811 14816 14781
15387 15222 15198 15154 15179 15186 15209 15226 15340 15187 15148 15040 15026 14985 14915 14861 14893 14868 14964 14892 14780
15230 15228 15194 15171 15175 15308 15321 15364 15312 15262 15167 15162 15025 14954 14877 14953 15016 14970 14917 14903 14898
