inst/extdata/modis/lst/modgrid/Lat43.00075Lon-78.78820Start2001-01-01End2013-12-31___MOD11A2/GRID_Lat43.00075Lon-78.78820Start2001-01-01End2013-12-31___MOD11A2_LST_Day_1km_A2011329.asc
ncols		 21
nrows		 21
xllcorner	 -6416881.12
yllcorner	 4772121.02
cellsize	 926.625433055834
NODATA_value	 0
13958 13958 13967 13979 13981 13983 13985 13984 13984 13977 13978 13978 13978 13977 13977 13978 13982 0 0 0 0
13958 13964 13963 13963 13963 13974 13981 13981 13987 13992 13991 13992 13993 13992 13990 13990 0 0 0 0 0
13963 13963 13962 13962 13969 13976 13977 13990 13995 13994 13996 13998 13998 13998 13998 0 0 0 0 0 13891
13968 13968 13966 13960 13960 13960 14009 13939 13939 14031 14042 14037 14027 14010 14012 14012 0 0 0 13875 13875
13961 13961 13958 13959 13959 14001 13898 13919 14032 14048 14048 14038 14012 14012 14012 14012 0 0 0 0 13901
13958 13958 13958 13958 13879 13887 13895 13956 14053 14053 14043 14015 14015 14014 14015 0 0 0 13895 13908 13954
13945 13946 13954 13984 13888 13917 13967 13986 14050 14014 14003 14019 14017 14015 0 0 0 13895 13931 13951 13956
13945 13953 13982 13996 13950 13994 14009 14040 14040 14045 14028 14014 14023 0 0 0 0 0 13946 13946 13952
13965 14000 14001 14007 14020 14041 14058 14076 14073 14051 14024 14048 14076 14006 13992 14019 14046 0 0 0 13880
14009 14011 14017 14067 14107 14103 14104 14201 14231 14239 14206 14167 14100 14031 14035 14099 14155 14128 14073 14034 14124
14049 14080 14096 14096 14104 14101 14217 14228 14103 14094 14085 14066 14014 14077 14122 14163 14159 14117 14072 14127 14132
14103 14100 14094 14105 14102 14226 14217 14094 14087 14080 14048 13980 14045 14102 14143 14172 14183 14187 14207 14187 14134
14239 14240 14116 14122 14256 14241 14103 14088 14069 14034 13985 14026 14052 14080 14130 14177 14187 14187 14183 14138 14105
14255 14276 14279 14247 14220 14209 14179 14127 14026 13989 14038 14037 14001 14063 14113 14137 14152 14154 14125 14099 14069
14262 14260 14187 14156 14136 14108 14073 13979 13987 14031 14020 14021 14075 14103 14142 14175 14152 14124 14097 14088 14049
14153 14115 14073 14067 14052 14028 14033 14044 14082 14064 14173 14196 14199 14202 14203 14172 14124 14081 14071 14049 13994
14099 14058 14080 14040 14005 14033 14098 14158 14166 14238 14245 14235 14216 14202 14180 14117 14006 14070 14034 13985 13952
14136 14163 14166 14149 14139 14177 14223 14241 14258 14233 14198 14152 14155 14169 14171 14143 14087 14065 14062 14065 0
14238 14247 14247 14232 14244 14260 14263 14250 14202 14141 14102 14108 14137 14104 14050 14047 14047 14039 14040 0 0
14286 14300 14289 14269 14257 14218 14178 14123 14066 14120 0 0 14041 14038 14028 14009 13987 14018 14017 14017 13957
14265 14236 14220 14227 14138 14155 14089 14019 0 0 0 0 0 0 0 0 0 13980 13979 13949 13939
