inst/extdata/modis/lst/modgrid/Lat43.00075Lon-78.78820Start2001-01-01End2013-12-31___MOD11A2/GRID_Lat43.00075Lon-78.78820Start2001-01-01End2013-12-31___MOD11A2_LST_Day_1km_A2002089.asc
ncols		 21
nrows		 21
xllcorner	 -6416881.12
yllcorner	 4772121.02
cellsize	 926.625433055834
NODATA_value	 0
14112 14152 14176 14182 14333 14327 14309 14312 14278 14207 14111 14145 14249 14189 14180 14165 14173 14187 14205 14104 14096
13950 14044 14061 14005 14124 13964 14238 14232 14159 14150 14136 14140 14185 14187 14174 14177 14187 14199 14202 14197 14199
13850 13953 14005 14002 13683 13978 13807 13907 14102 14154 14101 14115 14129 14155 14125 14097 14086 14090 14081 14070 14158
13692 0 13809 13810 13984 13794 13821 14029 14129 14218 14108 14123 14164 14139 14095 14063 14132 14037 14043 14163 14131
0 13809 13809 13809 13979 13954 13955 14017 14186 14117 14119 14254 14187 14073 14083 14148 14132 14114 14263 14285 14290
0 0 0 14055 14061 14020 13992 14076 14219 14262 14244 14164 14041 14150 14167 14329 14058 14050 14271 14271 14280
0 0 14249 14244 14152 14017 14083 14209 14276 14255 14228 14099 14160 14168 14340 14074 14064 14321 14325 14321 14330
14217 14227 14252 0 14183 14035 14130 14272 14283 14354 14338 14343 14338 14324 14324 14326 14350 14354 14341 14349 14345
14223 14186 14193 14083 14055 14133 14283 14293 14375 14362 14352 14351 14306 14346 14369 14378 14378 14371 14371 14393 14415
14194 14180 14146 14297 14288 14308 14307 14296 14307 14423 14429 14373 14364 14377 14404 14422 14421 14369 14411 14431 14418
14175 14277 14367 14251 14267 14288 14286 14325 14450 14434 14395 14372 14359 14381 14422 14460 14429 14432 14443 14441 14411
14273 14373 14217 14209 14233 14228 14310 14481 14467 14425 14388 14376 14387 14431 14486 14474 14457 14456 14459 14454 14414
14370 14377 14378 14063 14198 14310 14341 14343 14332 14433 14433 14407 14424 14470 14491 14472 14475 14495 14505 14443 14390
14384 14383 14063 14238 14246 14295 14322 14325 14435 14406 14401 14402 14433 14480 14464 14464 14475 14478 14448 14419 14406
0 0 14200 14200 14207 14242 14233 14411 14385 14397 14387 14412 14455 14476 14462 14483 14492 14475 14445 14404 14371
14533 14514 14495 14231 14242 14225 14396 14380 14380 0 14441 14440 14439 14473 14479 14493 14492 14461 14387 14358 14348
14526 14511 14488 14471 14445 14424 0 0 0 0 14461 14454 14429 14428 14455 14455 14389 14263 14330 14356 14348
14518 14501 14534 14505 14444 0 0 0 14517 14482 14439 14416 14391 14411 14416 14391 14297 14333 14369 14363 14329
14516 14543 14565 0 14498 14519 14526 14518 14487 14458 14455 14428 14444 14433 14391 14328 14338 14368 14370 14352 14350
14548 14569 14550 14529 14529 14533 14524 14486 14504 14511 14504 14528 14521 14474 14398 14361 14352 14343 14345 14357 14370
14588 14601 14554 14541 14546 14554 14544 14557 14548 14543 14544 14539 14509 14444 14403 14380 14346 14350 14358 14376 14384
