inst/extdata/modis/lst/modgrid/Lat43.00075Lon-78.78820Start2001-01-01End2013-12-31___MOD11A2/GRID_Lat43.00075Lon-78.78820Start2001-01-01End2013-12-31___MOD11A2_LST_Day_1km_A2011105.asc
ncols		 21
nrows		 21
xllcorner	 -6416881.12
yllcorner	 4772121.02
cellsize	 926.625433055834
NODATA_value	 0
14268 14272 14282 14288 14343 14329 14294 14272 14260 14231 14229 14273 14258 14256 14251 14222 14197 14223 14214 14214 14223
14035 14146 14213 14227 14215 14196 14182 14185 14183 14171 14241 14249 14261 14271 14263 14238 14216 14198 14205 14220 14220
13715 13759 13825 0 14088 14046 14087 14163 14166 14189 14234 14257 14274 14264 14257 14237 14206 14197 14206 14208 14226
13810 13841 13842 13970 13918 13828 13819 13960 14119 14250 14278 14321 14361 14339 14283 14234 14207 14196 14179 14182 14205
14105 14122 14116 14096 14027 13924 13850 13964 14205 14335 14358 14362 14315 14276 14259 14250 14217 14176 14196 14222 14211
14224 14235 14224 14195 14152 14030 13947 14087 14291 14360 14325 14259 14255 14295 14323 14310 14212 14201 14255 14261 14266
14241 14259 14262 14229 14157 14087 14017 14264 14363 14338 14276 14263 14318 14381 14347 14266 14246 14286 14299 14304 14295
14195 14199 14210 14207 14196 0 14271 14356 14366 14319 14288 14308 14382 14385 14302 14291 14310 14320 14321 14338 14268
14195 14203 14216 14215 14168 14237 14364 14363 14338 14324 14331 14354 14333 14326 14346 14346 14346 14352 14359 14323 14325
14196 14202 14181 14184 14359 14380 14356 14343 14356 14385 14396 14353 14335 14368 14383 14386 14349 14317 14328 14330 14317
14168 14219 14306 14328 14369 14352 14354 14363 14386 14399 14366 14336 14335 14343 14376 14380 14364 14354 14352 14362 14314
14240 14279 14304 14350 14353 14378 14413 14443 14438 14392 14337 14326 14284 14350 14388 14397 14386 14376 14381 14382 14322
14307 14331 14363 14372 14390 14397 14425 14438 14407 14348 14330 14305 14340 14383 14394 14378 14376 14410 14423 14345 14273
14351 14396 14412 14395 14401 14420 14424 14408 14382 14371 14337 14334 14347 14383 14355 14350 14387 14415 14358 14316 14315
14408 14436 14421 14395 14420 14423 14415 14397 14376 14365 14359 14347 14393 14366 14358 14378 14398 14377 14349 14336 14272
14458 14443 14430 14429 14432 14427 14420 14412 14401 14388 14389 14381 14343 14348 14367 14387 14383 14350 14304 14241 14232
14458 14459 14449 14430 14415 14422 14427 14415 14400 14402 14365 14360 14343 14342 14361 14348 14266 14171 14232 14228 14215
14455 14454 14455 14454 14451 14440 14421 14401 14400 14363 14306 14327 14312 14331 14310 14250 14202 14222 14244 14249 14199
14443 14467 14468 14431 14398 14399 14390 14400 14337 14319 14336 14330 14351 14329 14271 14239 14236 14240 14284 14231 14246
14453 14447 14411 14374 14376 14376 14417 14389 14400 14383 14377 14388 14396 14329 14269 14254 14226 14207 14217 14236 14241
14464 14435 14397 14383 14400 14424 14415 14418 14403 14392 14396 14398 14374 14301 14251 14208 14197 14211 14218 14214 14200
