inst/extdata/modis/lst/modgrid/Lat43.00075Lon-78.78820Start2001-01-01End2013-12-31___MOD11A2/GRID_Lat43.00075Lon-78.78820Start2001-01-01End2013-12-31___MOD11A2_LST_Day_1km_A2007185.asc
ncols		 21
nrows		 21
xllcorner	 -6416881.12
yllcorner	 4772121.02
cellsize	 926.625433055834
NODATA_value	 0
15323 15382 15389 15362 15360 15372 15341 15327 15323 15291 15286 15316 15314 15300 15229 15178 15214 15288 15287 15247 15190
15095 15144 15199 15215 15232 15233 15245 15248 15237 15209 15245 15275 15298 15277 15241 15205 15217 15231 15234 15180 15150
14925 14951 14944 14967 15003 15044 15075 15129 15163 15196 15202 15216 15252 15245 15276 15170 15148 15122 15114 15110 15117
14886 14902 14916 14937 14952 14932 14955 15060 15169 15213 15230 15275 15285 15295 15227 15163 15141 15079 15064 15077 15100
15067 15077 15069 15036 14995 14958 14937 15016 15174 15240 15276 15285 15261 15231 15171 15162 15084 15050 15041 15068 15110
15191 15209 15179 15110 15045 14972 14946 15084 15188 15298 15274 15221 15223 15228 15206 15129 15058 15034 15061 15104 15119
15233 15238 15216 15149 15094 15045 15036 15199 15338 15323 15208 15191 15223 15287 15256 15125 15099 15117 15179 15196 15179
15180 15177 15166 15139 15123 15081 15220 15312 15329 15243 15217 15237 15268 15311 15199 15155 15195 15213 15227 15210 15165
15143 15160 15192 15178 15146 15200 15360 15363 15332 15269 15276 15288 15298 15253 15222 15237 15255 15262 15256 15236 15237
15089 15115 15164 15223 15259 15384 15383 15358 15347 15347 15366 15349 15350 15348 15326 15300 15276 15209 15207 15222 15238
15116 15205 15278 15372 15405 15406 15414 15411 15418 15426 15387 15360 15357 15335 15310 15289 15241 15232 15233 15298 15262
15230 15275 15371 15406 15412 15425 15431 15454 15477 15406 15311 15339 15331 15348 15363 15251 15264 15270 15349 15325 15205
15310 15393 15410 15416 15435 15446 15464 15442 15437 15411 15391 15361 15344 15367 15346 15313 15313 15354 15227 15234 15153
15417 15440 15437 15437 15441 15441 15458 15437 15412 15396 15344 15310 15324 15329 15290 15295 15329 15248 15231 15190 15172
15455 15462 15440 15437 15413 15396 15403 15380 15368 15350 15309 15281 15321 15307 15308 15322 15318 15285 15215 15203 15130
15485 15451 15433 15422 15410 15392 15346 15342 15359 15357 15306 15323 15331 15344 15350 15329 15303 15242 15200 15068 15067
15452 15422 15424 15422 15397 15350 15346 15342 15358 15361 15326 15301 15267 15324 15286 15197 15174 15136 15100 15101 15096
15421 15427 15428 15414 15371 15366 15357 15367 15370 15350 15306 15266 15246 15231 15125 15092 15065 15079 15096 15112 15085
15416 15423 15420 15411 15407 15384 15373 15376 15386 15377 15348 15279 15258 15143 15082 15040 15019 15047 15090 15063 15064
15414 15412 15403 15395 15387 15382 15383 15402 15399 15351 15312 15318 15294 15192 15124 15097 15091 15072 15086 15074 15057
15406 15407 15399 15378 15373 15384 15408 15413 15377 15348 15350 15347 15321 15201 15127 15111 15073 15055 15022 15066 15070
