inst/extdata/modis/lst/modgrid/Lat43.00075Lon-78.78820Start2001-01-01End2013-12-31___MOD11A2/GRID_Lat43.00075Lon-78.78820Start2001-01-01End2013-12-31___MOD11A2_LST_Day_1km_A2010145.asc
ncols		 21
nrows		 21
xllcorner	 -6416881.12
yllcorner	 4772121.02
cellsize	 926.625433055834
NODATA_value	 0
15355 15388 15408 15401 15447 15456 15359 15344 15354 15192 15190 15217 15232 15215 15185 15118 15126 15155 15142 15131 15107
15147 15275 15264 15284 15270 15281 15138 15280 15150 15163 15201 15212 15225 15232 15194 15168 15138 15113 15105 15104 15099
14680 14704 14833 14992 14896 14842 14895 15080 15131 15148 15170 15194 15234 15246 15251 15175 15127 15100 15082 15078 15088
14654 14705 14729 14750 14850 14698 14753 14945 15067 15195 15212 15248 15284 15286 15215 15154 15117 15092 15003 15101 15127
15037 15046 15033 15005 14883 14877 14762 14845 15184 15280 15329 15308 15266 15230 15202 15162 15118 15059 15084 15123 15135
15162 15184 15157 15109 14957 14893 14801 15056 15234 15348 15293 15225 15208 15251 15261 15195 15065 15004 15125 15170 15202
15195 15217 15158 15098 15046 15006 15018 15208 15354 15309 15221 15205 15276 15334 15300 15178 15078 15160 15195 15141 15206
15124 15072 15069 15074 15057 15043 15184 15333 15336 15267 15231 15258 15325 15320 15249 15126 15211 15221 15233 15231 15209
15087 15057 15091 15094 15087 15218 15315 15329 15291 15275 15294 15305 15286 15275 15267 15275 15266 15281 15268 15257 15258
14969 14963 15115 15206 15306 15367 15365 15334 15352 15382 15392 15341 15318 15322 15335 15328 15270 15222 15258 15272 15202
14962 15176 15297 15351 15404 15405 15444 15428 15448 15436 15366 15346 15311 15291 15311 15295 15256 15280 15313 15325 15276
15213 15349 15399 15450 15468 15485 15529 15550 15557 15485 15436 15389 15352 15375 15417 15419 15346 15353 15386 15347 15258
15445 15423 15452 15414 15440 15513 15539 15571 15544 15480 15425 15402 15404 15430 15430 15398 15390 15446 15364 15276 15138
15455 15491 15435 15444 15500 15510 15516 15522 15500 15450 15416 15387 15402 15429 15392 15356 15420 15362 15272 15165 15165
15523 15454 15457 15477 15479 15499 15491 15397 15367 15409 15382 15382 15413 15395 15355 15420 15432 15308 15185 15190 15149
15524 15511 15491 15540 15515 15463 15378 15351 15405 15409 15406 15404 15408 15412 15447 15479 15403 15342 15190 15122 15093
15519 15506 15544 15516 15470 15435 15410 15409 15412 15418 15407 15398 15393 15382 15392 15358 15328 15201 15151 15119 15104
15498 15512 15514 15520 15457 15438 15426 15437 15466 15462 15441 15402 15371 15342 15281 15154 15124 15120 15135 15224 15119
15504 15510 15504 15492 15437 15428 15448 15487 15504 15518 15449 15404 15355 15244 15175 15104 15083 15097 15110 15108 15088
15504 15501 15502 15444 15443 15472 15443 15523 15547 15539 15477 15436 15425 15259 15248 15121 15097 15106 15122 15122 15109
15495 15455 15478 15465 15493 15460 15481 15579 15551 15489 15485 15473 15413 15334 15277 15128 15131 15118 15104 15106 15091
