inst/extdata/modis/lst/modgrid/Lat43.00075Lon-78.78820Start2001-01-01End2013-12-31___MOD11A2/GRID_Lat43.00075Lon-78.78820Start2001-01-01End2013-12-31___MOD11A2_LST_Day_1km_A2008305.asc
ncols		 21
nrows		 21
xllcorner	 -6416881.12
yllcorner	 4772121.02
cellsize	 926.625433055834
NODATA_value	 0
14396 14408 14411 14410 14434 14427 14417 14410 14409 14398 14396 14425 14425 14552 14555 14538 14388 14391 14394 14393 14401
14324 14362 14361 14369 14372 14378 14380 14382 14379 14494 14413 14428 14552 14558 14546 14527 14393 14398 14397 14404 14403
14246 14261 14270 14349 14272 14291 14323 14343 14457 14500 14531 14542 14553 14553 14412 14394 14391 14394 14399 14399 14393
14245 14268 14255 14273 14354 14270 14289 14330 14393 14439 14450 14566 14574 14563 14401 14395 14516 14515 14395 14392 14390
14367 14365 14367 14354 14330 14402 14308 14342 14413 14457 14460 14448 14437 14539 14534 14539 14534 14528 14526 14386 14388
14403 14405 14399 14393 14382 14358 14343 14386 14450 14463 14445 14427 14422 14439 14455 14571 14552 14534 14529 14399 14401
14415 14420 14429 14424 14412 14397 14397 14439 14474 14465 14445 14435 14447 14472 14476 14457 14440 14434 14553 14550 14546
14419 14426 14424 14419 14416 14408 14426 14474 14484 14469 14463 14463 14474 14482 14578 14444 14444 14450 14572 14572 14570
14427 14432 14443 14433 14427 14445 14474 14484 14478 14477 14477 14480 14470 14465 14465 14457 14463 14471 14471 14464 14461
14433 14423 14427 14446 14473 14489 14487 14483 14492 14502 14507 14490 14482 14474 14481 14486 14481 14474 14471 14466 14457
14417 14443 14478 14493 14496 14489 14490 14509 14516 14512 14496 14480 14468 14477 14489 14496 14495 14490 14487 14484 14472
14456 14472 14477 14493 14500 14506 14523 14533 14536 14506 14485 14478 14483 14497 14511 14511 14506 14507 14513 14506 14482
14489 14498 14509 14532 14536 14527 14535 14544 14528 14515 14508 14505 14509 14519 14518 14512 14510 14524 14519 14494 14463
14503 14526 14532 14534 14533 14538 14543 14547 14522 14515 14507 14505 14513 14521 14510 14505 14509 14510 14490 14475 14463
14537 14535 14531 14528 14528 14528 14521 14514 14512 14514 14512 14506 14517 14502 14501 14508 14513 14491 14479 14467 14426
14542 14541 14534 14534 14525 14514 14505 14507 14503 14503 14504 14503 14494 14507 14508 14516 14489 14464 14447 14420 14416
14556 14542 14534 14527 14516 14507 14509 14500 14491 14492 14491 14489 14490 14483 14487 14472 14441 14411 14411 14427 14415
14532 14526 14530 14530 14514 14509 14503 14490 14484 14481 14457 14462 14454 14460 14452 14435 14417 14422 14429 14423 14399
14524 14532 14532 14507 14495 14488 14479 14496 14625 14576 14466 14455 14459 14452 14437 14431 14433 14434 14436 14406 14408
14537 14533 14512 14491 14485 14615 14617 14488 14485 14487 14475 14480 14476 14458 14444 14440 14429 14423 14415 14417 14419
14546 14532 14631 14621 14620 14627 14503 14505 14503 14490 14491 14491 14481 14460 14439 14427 14416 14418 14428 14429 14424
