inst/extdata/modis/lst/modgrid/Lat43.00075Lon-78.78820Start2001-01-01End2013-12-31___MOD11A2/GRID_Lat43.00075Lon-78.78820Start2001-01-01End2013-12-31___MOD11A2_LST_Day_1km_A2012169.asc
ncols		 21
nrows		 21
xllcorner	 -6416881.12
yllcorner	 4772121.02
cellsize	 926.625433055834
NODATA_value	 0
15329 15361 15370 15395 15382 15410 15380 15383 15364 15338 15211 15164 15353 15209 15170 15049 15115 15150 15087 15120 15091
14994 15266 15227 15320 15259 15246 15136 15108 15166 15285 15121 15136 15330 15234 15149 15201 15126 15121 15086 15101 14995
14756 14783 14788 15140 14910 14934 14952 15010 15091 15078 15069 15081 15081 15168 15232 15133 15015 14973 15024 15013 15074
14751 14759 14769 14828 14881 14851 14894 15022 15064 15094 15134 15131 15244 15245 15130 15004 15035 14998 14990 15070 15109
14934 14980 14962 14930 14912 14853 14869 14973 15088 15184 15192 15258 15246 15154 15071 15067 15014 15012 14998 14994 15026
15063 15058 15030 15010 14916 14876 14898 15008 15151 15200 15240 15095 15111 15081 15099 15052 15004 14948 14996 15102 15134
15235 15111 15113 15027 14983 14963 15006 15153 15297 15196 15087 15044 15189 15147 15144 15114 15191 15060 15118 15138 15292
15076 15075 15042 15006 15014 15064 15153 15310 15251 15175 15164 15165 15201 15232 15333 15253 15165 15186 15192 15313 15174
15088 15082 15148 15109 15153 15231 15445 15276 15212 15241 15259 15332 15315 15308 15357 15255 15215 15215 15149 15159 15189
15043 15041 15100 15211 15274 15442 15462 15370 15298 15304 15364 15349 15250 15268 15271 15233 15210 15160 15159 15187 15221
15102 15160 15244 15364 15477 15476 15431 15419 15506 15494 15322 15275 15251 15240 15254 15366 15200 15209 15281 15312 15304
15188 15293 15378 15470 15472 15468 15458 15643 15683 15579 15300 15261 15222 15228 15405 15348 15250 15279 15351 15334 15260
15362 15399 15476 15478 15488 15484 15633 0 15615 15568 15433 15350 15378 15431 15412 15271 15272 15351 15289 15196 15107
15385 15481 15489 15506 15518 15638 15540 15534 15511 15430 15407 15354 15392 15425 15263 15230 15269 15259 15331 15077 15140
15419 15415 15493 15510 15513 15518 15498 15464 15346 15336 15232 15222 15271 15268 15246 15252 15443 15386 15317 15267 15070
15409 15409 15525 15522 15503 15314 15159 15329 15337 15250 15212 15212 15386 15402 15417 15480 15448 15318 15262 15025 15031
15365 15506 15512 15507 15322 15287 15323 15343 15428 15434 15296 15373 15342 15347 15442 15307 15198 15276 15231 15025 15043
15496 15505 15522 15510 15464 15447 15437 15450 15457 15333 15409 15273 15246 15348 15177 15147 15228 15229 15100 15099 15097
15438 15494 15491 15466 15443 15439 15443 15337 15352 15368 15392 15365 15359 15189 15135 15144 15103 14987 15026 15095 15012
15532 15467 15429 15418 15437 15440 15398 15390 15385 15388 15366 15388 15170 15139 15252 15198 15004 15033 15093 15042 15017
15465 15445 15421 15341 15354 15377 15454 15420 15421 15339 15322 15237 15188 15288 15227 15001 15017 15019 15077 15029 15031
