inst/extdata/modis/lst/modgrid/Lat43.00075Lon-78.78820Start2001-01-01End2013-12-31___MOD11A2/GRID_Lat43.00075Lon-78.78820Start2001-01-01End2013-12-31___MOD11A2_LST_Day_1km_A2004201.asc
ncols		 21
nrows		 21
xllcorner	 -6416881.12
yllcorner	 4772121.02
cellsize	 926.625433055834
NODATA_value	 0
15043 15052 15060 15148 15146 15143 15117 15066 15054 15008 15010 15014 14994 14980 14968 14935 14918 14923 14921 14903 14899
14952 14971 15036 15040 15061 15047 15007 15000 14973 14967 14925 14928 14943 14989 14960 14938 14920 14921 14907 14918 14896
14750 14785 14802 14784 14776 14861 14884 14825 14824 14884 14912 14940 14949 14920 14921 14938 14917 14917 14907 14892 14877
14744 14760 14774 14790 14766 14753 14754 14793 14886 14921 14932 14937 14957 14942 14953 14917 14901 14895 14875 14866 14870
14828 14811 14811 14825 14787 14760 14752 14858 14954 14989 14997 14991 14968 14990 14970 14961 14945 14891 14863 14868 14879
14831 14829 14864 14837 14820 14770 14845 14976 15076 15087 14984 15012 14986 15011 15018 14988 14916 14867 14883 14901 14912
14892 14909 14909 14937 14905 14898 14931 15069 15106 15072 15018 15003 15045 15073 15047 14978 14932 14976 14964 14965 14965
14906 14906 14928 14918 14936 14963 15057 15121 15098 15055 15016 15039 15075 15076 15039 14976 15008 15006 15018 15007 14979
14930 14933 14933 14962 14997 15069 15117 15108 15080 15059 15073 15084 15066 15065 15063 15062 15053 15063 15045 15018 15019
14911 14917 14957 15048 15109 15123 15114 15103 15128 15158 15142 15116 15100 15117 15123 15118 15078 15033 15031 15045 15039
14935 14997 15109 15137 15135 15129 15135 15156 15188 15175 15151 15128 15117 15089 15116 15105 15051 15047 15071 15093 15080
14998 15082 15125 15135 15141 15165 15203 15214 15225 15186 15158 15142 15101 15148 15160 15155 15134 15112 15144 15124 14996
15144 15160 15166 15160 15182 15214 15227 15267 15216 15182 15146 15118 15154 15160 15137 15114 15104 15163 15150 14980 14944
15201 15225 15207 15207 15218 15230 15221 15234 15186 15138 15124 15111 15136 15159 15127 15104 15158 15141 14982 14958 14954
15230 15218 15212 15215 15219 15215 15191 15164 15127 15122 15106 15105 15145 15126 15109 15135 15196 15040 15000 14949 14929
15260 15245 15229 15233 15224 15194 15153 15090 15097 15104 15100 15091 15122 15131 15147 15170 15041 15003 14965 14923 14920
15260 15233 15237 15233 15213 15166 15094 15098 15110 15115 15090 15133 15129 15121 15042 15013 14981 14970 14952 14937 14924
15221 15221 15229 15223 15202 15178 15167 15167 15170 15165 15121 15092 15090 15016 14984 14948 14924 14928 14933 14926 14829
15224 15234 15237 15217 15165 15171 15174 15184 15198 15322 15289 15178 15113 15063 14908 14873 14876 14903 14882 14801 14800
15265 15272 15237 15199 15202 15210 15217 15230 15245 15231 15184 15177 15118 15057 14903 14889 14901 14910 14797 14797 14806
15281 15250 15213 15214 15233 15261 15258 15249 15226 15196 15198 15135 15092 15047 15016 15004 14984 14985 14992 14894 14786
