inst/extdata/modis/lst/modgrid/Lat43.00075Lon-78.78820Start2001-01-01End2013-12-31___MOD11A2/GRID_Lat43.00075Lon-78.78820Start2001-01-01End2013-12-31___MOD11A2_LST_Day_1km_A2003233.asc
ncols		 21
nrows		 21
xllcorner	 -6416881.12
yllcorner	 4772121.02
cellsize	 926.625433055834
NODATA_value	 0
15177 15184 15196 15197 15168 15123 15093 15099 15073 15032 15018 15047 15051 15042 15012 14971 14976 14993 15005 14975 14915
15053 15056 15047 15027 15050 15034 15025 15020 15002 14987 15015 15033 15040 15020 14986 14988 14980 14971 14969 14918 14900
14891 14928 14930 14928 14923 14916 14927 14956 14968 14977 14992 15015 15028 15012 14993 14964 14943 14945 14922 14913 14933
14855 14861 14871 14878 14866 14845 14876 14929 14973 14990 15013 15029 15042 15011 14966 14938 14924 14900 14882 14934 14942
14893 14897 14896 14880 14832 14871 14881 14948 15004 15053 15066 15067 15010 14987 14954 14936 14894 14865 14875 14905 14925
14964 14966 14961 14902 14877 14868 14921 14987 15067 15089 15058 14997 14982 14980 14970 14940 14872 14859 14897 14921 14947
14982 14960 14939 14909 14924 14927 14961 15094 15107 15049 14984 14991 15013 15039 15050 14963 14924 14930 14938 14958 14947
14937 14929 14951 14962 14981 15006 15084 15118 15100 15018 14996 15012 15079 15078 15047 14975 14976 14997 15000 15003 14959
14925 14949 14976 15000 15014 15047 15095 15099 15058 15045 15066 15086 15088 15076 15060 15054 15041 15030 15025 14996 14989
14931 14957 14997 15022 15064 15092 15098 15108 15061 15097 15104 15109 15106 15102 15085 15055 15035 15018 15006 15000 14976
14965 15005 15006 15056 15108 15114 15150 15111 15105 15135 15124 15118 15106 15039 15032 15036 15027 15020 15014 15041 15019
15031 15007 15047 15077 15152 15175 15136 15133 15196 15164 15147 15115 15063 15060 15109 15090 15072 15062 15102 15115 15036
15094 15127 15147 15157 15170 15157 15176 15202 15196 15159 15095 15066 15115 15128 15084 15071 15068 15141 15127 15082 14978
15196 15208 15187 15178 15134 15155 15182 15191 15161 15081 15053 15081 15089 15088 15064 15066 15108 15115 15080 15024 14995
15218 15225 15187 15125 15124 15145 15153 15117 15113 15079 15068 15081 15120 15104 15077 15105 15131 15100 15021 14989 14919
15264 15233 15144 15140 15121 15077 15067 15094 15106 15107 15099 15102 15134 15142 15139 15140 15089 15035 15011 14962 14900
15254 15185 15148 15151 15079 15064 15108 15114 15124 15122 15103 15114 15119 15088 15065 15055 15028 15020 14983 14937 14937
15191 15203 15198 15192 15172 15167 15155 15153 15154 15169 15145 15095 15070 15032 15024 14991 14990 14970 14946 14958 14947
15232 15213 15178 15179 15176 15175 15174 15172 15187 15198 15121 15067 15087 15045 14979 14952 14938 14935 14961 14962 14953
15263 15220 15200 15184 15192 15204 15209 15227 15241 15219 15151 15135 15112 15057 15021 14981 14958 14959 14980 14978 14955
15279 15246 15209 15225 15231 15244 15262 15266 15257 15184 15180 15169 15117 15081 15012 14986 14993 14992 14973 14964 14956
