inst/extdata/modis/lst/modgrid/Lat43.00075Lon-78.78820Start2001-01-01End2013-12-31___MOD11A2/GRID_Lat43.00075Lon-78.78820Start2001-01-01End2013-12-31___MOD11A2_LST_Day_1km_A2004129.asc
ncols		 21
nrows		 21
xllcorner	 -6416881.12
yllcorner	 4772121.02
cellsize	 926.625433055834
NODATA_value	 0
15016 15062 15078 15070 15075 15118 15073 15037 15038 14992 14982 14971 15040 15045 15027 14987 14984 15008 15009 15008 15008
14783 14880 14849 14880 14823 14867 14850 14877 14903 14933 14973 15066 15087 15088 15047 15018 14994 14976 14977 14989 14992
14491 14559 14586 14579 14605 14636 14538 14886 14889 14922 15002 15045 15082 15091 15073 15007 14973 14963 14965 14970 14986
14396 14423 14614 14610 14621 14411 14479 14612 14976 15029 15082 15110 15136 15127 15033 14976 14965 14960 14959 14971 14993
14781 14834 14807 14784 14585 14718 14434 14527 14971 15115 15151 15156 15140 15075 15015 15024 14992 14966 14965 14975 14982
14867 14883 14867 14885 14846 14799 14661 14832 15074 15155 15112 15049 15027 15058 15099 15053 14981 14953 14974 14993 15006
14940 14946 14948 14911 14926 14843 14793 15009 15156 15115 15054 15043 15071 15139 15111 15019 15018 15042 15048 15049 15058
14915 14927 14915 14937 14907 14812 14858 15152 15134 15085 15058 15079 15136 15145 15097 15082 15097 15106 15109 15105 15056
14886 14953 14963 14908 14842 15021 15168 15102 15066 15072 15110 15138 15122 15124 15151 15161 15156 15157 15153 15133 15136
14882 14823 14882 14942 15112 15434 15189 15113 15119 15165 15183 15162 15157 15169 15188 15181 15140 15099 15129 15148 15132
14864 14954 15042 15082 15197 15438 15215 15222 15205 15192 15187 15172 15159 15152 15180 15186 15159 15155 15174 15185 15165
15042 15067 15083 15157 15166 15222 15252 15324 15374 15199 15187 15163 15143 15172 15236 15228 15205 15206 15231 15217 15161
15128 15161 15269 15255 15455 15483 15353 15595 15216 15202 15178 15164 15182 15223 15229 15214 15208 15261 15240 15173 15101
15309 15338 15322 15319 15331 15340 15529 15478 15197 15184 15169 15156 15177 15227 15205 15176 15238 15225 15162 15123 15087
15385 15353 15319 15312 15313 15307 15274 15181 15177 15173 15155 15156 15183 15187 15155 15207 15236 15183 15145 15099 15056
15399 15354 15353 15354 15325 15257 15196 15207 15206 15206 15190 15175 15179 15194 15195 15150 15200 15153 15082 15028 15008
15389 15354 15353 15343 15279 15204 15207 15210 15212 15221 15189 15201 15201 15175 15182 15150 15107 15051 15038 15046 15050
15359 15361 15370 15340 15296 15237 15225 15220 15232 15220 15185 15155 15138 15140 15118 15076 15020 15042 15066 15059 15030
15384 15392 15386 15295 15257 15269 15230 15245 15253 15251 15215 15166 15153 15120 15065 15006 15004 15025 15057 14886 14888
15398 15390 15303 15234 15267 15286 15307 15326 15347 15242 15202 15210 15202 15151 15070 15042 15022 14881 15054 15072 15074
15428 15401 15302 15285 15317 15351 15371 15366 15264 15229 15245 15240 15197 15128 15079 15050 15029 15036 15044 15063 15055
