inst/extdata/modis/lst/modgrid/Lat43.00075Lon-78.78820Start2001-01-01End2013-12-31___MOD11A2/GRID_Lat43.00075Lon-78.78820Start2001-01-01End2013-12-31___MOD11A2_LST_Day_1km_A2003337.asc
ncols		 21
nrows		 21
xllcorner	 -6416881.12
yllcorner	 4772121.02
cellsize	 926.625433055834
NODATA_value	 0
13784 13755 13701 13674 13676 13673 13668 13659 13648 13647 13725 13787 13792 13787 13701 13686 13662 13672 13677 13671 13739
13810 13704 13693 13669 13670 13653 13647 13655 13650 13773 13722 13726 13787 13703 13693 13665 13675 13681 13676 13737 13735
13744 13717 13688 13807 13697 13676 13688 13784 13722 13719 13723 13784 13786 13699 13675 13660 13653 13652 13645 13647 13651
13805 13694 13708 13813 13788 13715 13739 13726 13679 13755 13790 13791 13792 13777 13757 13664 13661 13615 13615 13524 13642
13729 13731 13719 13718 13696 13771 13716 13700 13769 13804 13802 13787 13768 13759 13658 13657 13613 13600 13611 13617 13536
13705 13712 13708 13706 13715 13743 13739 13844 13774 13765 13750 13651 13654 13664 13669 13637 13627 13639 13635 13549 13542
13722 13720 13712 13712 13756 13808 13816 13779 13766 13752 13655 13663 13677 13692 13696 13679 13676 13665 13612 13598 13574
13696 13692 13695 13716 13800 13812 13830 13807 13810 13798 13790 13668 13676 13695 13694 13705 13709 13636 13626 13618 13613
13688 13697 13730 13788 13806 13797 13774 13768 13803 13806 13680 13682 13692 13681 13678 13690 13703 13711 13643 13633 13619
13780 13804 13799 13804 13781 13783 13770 13811 13815 13818 13818 13817 13696 13691 13694 13694 13687 13687 13612 13610 13604
13805 13805 13802 13763 13774 13750 13747 13817 13821 13821 13815 13802 13799 13800 13799 13699 13694 13688 13600 13602 13593
13783 13784 13783 13808 13751 13754 13821 13824 13760 13752 13737 13786 13797 13800 13801 13796 13788 13693 13615 13606 13591
13814 13814 13810 13811 13824 13827 13827 13764 13757 13744 13795 13795 13799 13801 13795 13786 13781 13789 13704 13686 13574
13808 13812 13756 13760 13821 13823 13823 13808 13801 13796 13794 13789 13789 13800 13792 13784 13715 13686 13672 13636 13628
13822 13764 13762 13821 13819 13814 13792 13791 13791 13791 13782 13780 13788 13789 13783 13716 13690 13663 13637 13628 13626
13837 13832 13826 13822 13813 13783 13779 13778 13779 13769 13768 13775 13778 13781 13711 13713 13691 13666 13628 13628 0
13842 13831 13828 13818 13794 13785 13781 13787 13771 13767 13769 13770 13695 13688 13691 13671 13658 0 0 0 13420
13829 13830 13821 13819 13815 13807 13794 13715 13702 13690 13762 13682 13682 13682 13660 13641 13597 13587 13584 0 0
13820 13749 13822 13813 13809 13736 13724 13721 0 0 13683 13683 13606 13597 13641 13597 13586 13584 0 0 0
13824 13833 13822 13621 13613 13633 13630 13654 13658 13708 13697 13611 13605 13602 0 13593 13541 0 0 0 0
13835 13830 13629 13619 13636 13635 13659 13662 13715 13705 13700 13654 13636 13642 13593 13541 13488 0 0 0 0
