inst/extdata/modis/lst/modgrid/Lat43.00075Lon-78.78820Start2001-01-01End2013-12-31___MOD11A2/GRID_Lat43.00075Lon-78.78820Start2001-01-01End2013-12-31___MOD11A2_LST_Day_1km_A2004057.asc
ncols		 21
nrows		 21
xllcorner	 -6416881.12
yllcorner	 4772121.02
cellsize	 926.625433055834
NODATA_value	 0
13735 13735 13734 13730 0 13705 13705 13665 13676 13683 13678 13677 13665 13663 13659 13671 13649 13643 13637 13636 13646
13673 13674 13742 13738 13737 13730 13709 13671 13651 13634 13643 13676 13683 13674 13652 13646 13645 13637 13638 13636 13641
13687 13713 13714 13719 13725 13713 13704 13681 13669 13628 13677 13683 13730 13729 13711 13661 13646 13625 13637 13639 13635
13695 13702 13699 13703 13705 13704 13694 13686 13696 13681 13697 13739 13746 13743 13678 13659 13601 13611 13612 13619 13610
13706 13707 13706 13697 13692 13696 13705 13710 13736 13807 13780 13751 13760 13752 13696 13635 13637 13673 13660 13653 13621
13721 13715 13704 13701 13712 13717 13728 13734 13813 13840 13722 13702 13762 13718 13725 13716 13678 13664 13660 13651 13609
13714 13705 13701 13726 13764 13736 13743 13805 13840 13744 13781 13769 13777 13794 13819 13784 13677 13675 13636 13694 13665
13755 13749 13731 13738 13724 13739 13826 0 13752 13789 13735 13748 13900 13834 13801 13751 13735 13721 13706 13663 13671
13752 13735 13737 13766 13791 13823 0 13737 13746 13748 13754 13852 13815 13784 13760 13748 13745 13760 13734 13739 13739
13754 13758 13757 13788 13793 0 13737 13814 13762 13774 13865 13773 13779 13781 13833 13824 13786 13748 13742 13741 13743
13747 13759 13771 13785 0 13803 13803 13825 13877 13872 13823 13782 13766 13762 13806 13820 13809 13778 13747 13751 13742
13822 13830 13809 13841 13841 0 13830 13830 0 13922 13830 13782 13748 13781 13819 13829 13771 13808 13810 13821 13776
13830 13866 13841 13841 13982 13982 13982 0 0 13792 13777 13748 13749 13783 13800 13795 13784 13816 13750 13747 13692
0 0 0 13982 13982 0 0 0 13781 13782 13764 13757 13758 13791 13792 13767 13805 13745 13741 13708 13694
0 0 0 0 0 13718 13826 13815 13815 13782 13760 13757 13754 13757 13747 13822 13808 13753 13732 13720 13690
0 0 0 13718 13718 13764 13738 13741 13829 13761 13805 13830 13832 13779 13828 13827 13752 13738 13723 13681 13666
0 0 13718 13796 13782 13742 13744 13826 13817 13866 13833 13830 13730 0 0 13752 13717 13710 13678 13664 13631
0 13951 13937 13873 13837 13836 13823 13817 0 0 13758 13752 13742 13726 13722 13726 13719 13685 13676 13641 13625
13951 13951 0 13806 13801 13802 0 0 0 13758 13750 13747 13742 13740 13738 13731 13693 13690 13650 13629 13620
0 0 13828 13811 13807 0 0 0 0 13815 13788 13786 13790 13752 13734 13697 13691 13657 13639 13629 13626
0 13858 13838 13819 0 0 0 0 13820 13825 13824 13807 13762 13744 13714 13713 13658 13652 13642 13637 13654
