inst/extdata/modis/lst/modgrid/Lat43.00075Lon-78.78820Start2001-01-01End2013-12-31___MOD11A2/GRID_Lat43.00075Lon-78.78820Start2001-01-01End2013-12-31___MOD11A2_LST_Day_1km_A2008145.asc
ncols		 21
nrows		 21
xllcorner	 -6416881.12
yllcorner	 4772121.02
cellsize	 926.625433055834
NODATA_value	 0
15118 15119 15127 15115 15116 15094 15041 15020 15020 14979 14968 14978 14963 14942 14893 14851 14857 14892 14876 14858 14839
14875 14997 14983 14982 14918 14939 14952 14939 14914 14902 14919 14934 14969 14974 14943 14910 14889 14852 14839 14843 14835
14485 14554 14607 14670 14647 14673 14741 14841 14888 14884 14891 14929 14962 14963 14962 14918 14838 14813 14816 14813 14828
14537 14550 14555 14567 14574 14554 14620 14766 14875 14915 14941 14960 14973 14988 14933 14838 14816 14787 14773 14811 14854
14759 14805 14784 14735 14681 14606 14578 14697 14890 15007 15022 15005 14961 14922 14868 14869 14787 14741 14768 14823 14880
14891 14892 14870 14827 14745 14634 14573 14747 14967 15040 14979 14889 14897 14905 14942 14877 14766 14764 14825 14886 14911
14908 14901 14904 14851 14780 14732 14722 14942 15044 15013 14928 14920 14924 14997 14987 14867 14810 14854 14893 14899 14885
14845 14850 14841 14817 14808 14744 14908 15046 15037 14990 14926 14948 14996 15024 14942 14885 14911 14921 14931 14924 14888
14816 14838 14847 14839 14791 14922 15033 15026 14989 14965 14960 14979 14983 14960 14948 14973 14981 14972 14949 14928 14933
14767 14761 14819 14893 15025 15087 15067 15042 15034 15048 15040 15011 15012 15014 15035 15026 14984 14925 14921 14961 14958
14767 14889 14979 15071 15100 15085 15081 15091 15095 15071 15052 15027 15002 14985 15016 15011 14976 14965 15002 15029 14963
14934 14988 15054 15074 15088 15113 15136 15166 15163 15070 15021 15021 14978 14997 15040 15059 15025 15017 15049 15022 14941
15035 15094 15101 15114 15133 15155 15189 15184 15143 15050 15040 15012 15015 15046 15050 15012 14981 15005 15049 14952 14858
15109 15135 15134 15140 15151 15167 15177 15156 15094 15061 15029 14997 15002 15045 14996 14970 14993 15050 14953 14910 14886
15160 15142 15122 15121 15131 15133 15111 15078 15058 15028 14999 14973 15000 15041 15027 15049 15061 15013 14931 14863 14835
15171 15126 15104 15114 15107 15077 15048 15028 15016 15008 14991 15037 15049 15057 15051 15056 15026 14956 14843 14798 14787
15162 15134 15110 15096 15075 15042 15028 14997 15009 15054 15038 15037 15038 15030 15027 14983 14920 14874 14809 14813 14827
15104 15078 15109 15105 15070 15050 15052 14993 15037 15069 15046 15019 14981 14973 14912 14803 14788 14794 14821 14854 14837
15047 15062 15142 15117 15096 15086 15006 15044 15081 15094 15078 15026 14982 14923 14790 14752 14718 14753 14806 14805 14796
15118 15132 15111 15094 15089 15082 15089 15059 15107 15099 15049 15021 14990 14910 14865 14816 14761 14769 14804 14814 14810
15141 15120 15113 15099 15092 15111 15048 15096 15079 15055 15053 15033 14985 14921 14861 14782 14765 14841 14802 14815 14816
