inst/extdata/modis/lst/modgrid/Lat43.00075Lon-78.78820Start2001-01-01End2013-12-31___MOD11A2/GRID_Lat43.00075Lon-78.78820Start2001-01-01End2013-12-31___MOD11A2_LST_Day_1km_A2012321.asc
ncols		 21
nrows		 21
xllcorner	 -6416881.12
yllcorner	 4772121.02
cellsize	 926.625433055834
NODATA_value	 0
14117 14207 14210 14238 14241 14248 14232 14132 14147 14133 14132 14219 14230 14153 14153 14128 14134 14148 14151 14152 14152
14108 14056 14047 14039 14099 14107 14066 14110 14096 14197 14213 14139 14149 14165 14165 14154 14151 14071 14076 14081 14160
13938 14004 14011 14104 14056 14057 14089 14096 14106 14116 14130 14140 14160 14171 14172 14155 14068 14072 14074 14156 14164
13996 14002 14003 14041 14138 14073 14023 14049 14068 14142 14145 14167 14183 14182 14156 14152 14158 14149 14146 14096 14089
14027 14034 14066 14056 14081 14166 14039 14068 14158 14170 14192 14191 14181 14170 14172 14185 14152 14137 14083 14093 14092
14064 14110 14070 14064 14035 14076 14006 14022 14181 14198 14182 14174 14185 14194 14206 14180 14144 14068 14079 14093 14088
14206 14135 14138 14211 14099 14096 14101 14183 14196 14191 14181 14197 14208 14220 14215 14179 14092 14092 14100 14091 14148
14202 14132 14210 14215 14223 14227 14238 14182 14198 14194 14198 14201 14202 14201 14182 14182 14143 14087 14087 14176 14172
14209 14223 14233 14235 14239 14237 14176 14195 14202 14197 14210 14211 14153 14142 14139 14150 14146 14143 14147 14189 14188
14232 14238 14244 14253 14198 14198 14193 14209 14223 14234 14224 14161 14155 14152 14152 14157 14148 14117 14109 14137 14181
14229 14239 14203 14210 14216 14209 14215 14223 14237 14231 14157 14147 14140 14143 14157 14162 14130 14118 14144 14194 14178
14178 14193 14206 14160 14162 14229 14231 14245 14245 14206 14185 14182 14143 14156 14162 14133 14131 14157 14159 14204 14188
14191 14152 14160 14162 14158 14157 14169 14247 14223 14204 14197 14148 14158 14123 14129 14133 14155 14208 14215 14200 14177
14209 14223 14153 14148 14158 14169 14239 14227 14213 14206 14203 14201 14149 14124 14127 14182 14183 14187 14178 14168 14148
14153 14168 14174 14180 14183 14232 14217 14194 14192 14194 14200 14202 14104 14115 14154 14153 14182 14172 14162 14143 14113
14198 14208 14213 14210 14218 14192 14190 14203 14201 14203 14210 14253 14165 14184 14164 14163 14151 14129 14100 14195 14088
14233 14225 14218 14223 14217 14219 14226 14226 14221 14210 14195 14113 14122 14119 14128 14146 14129 14049 14056 14151 14082
14161 14174 14177 14250 14254 14249 14244 14238 14230 14217 14119 14114 14169 14171 14136 14128 14049 14113 14120 14058 14057
14182 14188 14260 14260 14259 14263 14260 14254 14233 14213 14191 14186 14189 14150 14133 14123 14112 14116 14117 14056 14019
14198 14279 14276 14260 14266 14262 14258 14246 14244 14250 14224 14224 14179 14156 14139 14136 14127 14125 14116 14062 14075
14287 14292 14281 14278 14280 14281 14283 14283 14280 14272 14266 14267 14216 14182 14150 14143 14151 14150 14062 14086 14127
