inst/extdata/modis/lst/modgrid/Lat43.00075Lon-78.78820Start2001-01-01End2013-12-31___MOD11A2/GRID_Lat43.00075Lon-78.78820Start2001-01-01End2013-12-31___MOD11A2_LST_Day_1km_A2013129.asc
ncols		 21
nrows		 21
xllcorner	 -6416881.12
yllcorner	 4772121.02
cellsize	 926.625433055834
NODATA_value	 0
15115 15140 15153 15155 15167 15149 15124 15107 14744 15082 15035 15045 15033 15026 15009 14978 14993 15008 14996 14989 14981
14904 14974 14974 14997 14996 14611 14616 14628 14992 14976 14993 15029 15040 15036 15024 14990 14972 14962 14960 14958 14970
14145 14269 14322 14737 14390 14386 14452 14884 14938 14961 15002 15023 15035 15049 15044 15000 14972 14947 14932 14939 14946
14577 14574 14524 14585 14662 14256 14660 14757 14911 15009 15047 15074 15105 15089 15029 14991 14951 14935 14928 14937 14951
14925 14955 14910 14839 14726 14648 14615 14739 14953 15112 15125 15120 15092 15038 15005 14970 14942 14914 14926 14960 14966
15007 15012 14997 14983 14915 14760 14653 14800 15051 15124 15105 15053 15018 15038 15058 15014 14942 14928 14959 14975 14989
15037 15027 15016 14994 14930 14873 14803 14965 15129 15106 15025 15003 15090 15129 15091 15023 14961 14975 14992 15002 15008
14991 15000 14995 14976 14916 14834 14930 15133 15113 15063 15037 15068 15111 15109 15070 15007 15004 15019 15032 15035 15008
14934 14940 14948 14909 14832 14941 15076 15079 15054 15048 15062 15074 15071 15064 15042 15043 15059 15055 15046 15031 15054
14907 14900 14882 14922 15081 15109 15091 15056 15033 15060 15098 15068 15065 15078 15088 15089 15059 15031 15037 15055 15038
14844 14940 15003 15091 15116 15115 15044 15050 15071 15145 15129 15086 15071 15064 15093 15091 15073 15079 15083 15074 15046
14985 15004 15027 15056 15112 15100 15067 15110 15216 15180 15109 15071 14990 15011 15122 15126 15118 15111 15127 15110 15031
15033 15030 15087 15114 15123 15172 15205 15219 15191 15142 15118 15060 15076 15135 15127 15109 15111 15147 15151 15059 15011
15101 15127 15134 15145 15152 15199 15210 15182 15156 15143 15094 15086 15113 15127 15106 15107 15145 15144 15071 15046 14996
15162 15149 15136 15143 15165 15175 15153 15144 15132 15125 15104 15102 15117 15106 15082 15087 15111 15101 15063 15012 14988
15202 15161 15150 15162 15164 15142 15134 15140 15135 15125 15116 15106 15094 15105 15110 15109 15115 15051 14981 14943 14913
15211 15190 15188 15171 15147 15139 15142 15136 15130 15123 15083 15071 15074 15088 15064 15055 14988 14935 14933 14929 14918
15196 15196 15215 15213 15171 15148 15138 15129 15118 15091 15052 15040 15042 15022 15012 14935 14907 14924 14934 14920 14899
15190 15217 15217 15160 15136 15126 15129 15124 15114 15091 15077 15056 15039 14989 14920 14879 14878 14895 14899 14902 14890
15200 15197 15142 15113 15095 15110 15130 15126 15123 15116 15075 15075 15046 15003 14934 14890 14859 14835 14855 14908 14913
15191 15170 15124 15097 15109 15138 15142 15139 15125 15088 15098 15097 15070 14993 14941 14899 14872 14875 14896 14919 14919
