inst/extdata/modis/lst/modgrid/Lat43.00075Lon-78.78820Start2001-01-01End2013-12-31___MOD11A2/GRID_Lat43.00075Lon-78.78820Start2001-01-01End2013-12-31___MOD11A2_LST_Day_1km_A2005337.asc
ncols		 21
nrows		 21
xllcorner	 -6416881.12
yllcorner	 4772121.02
cellsize	 926.625433055834
NODATA_value	 0
13583 13577 13592 13476 13402 13402 13497 13497 0 13474 13474 13438 13437 13448 13540 13622 13444 13461 13466 13462 0
13776 13680 0 13571 13608 13605 13617 13675 13509 13475 13441 13441 0 13454 13442 13442 13440 13442 13433 13425 0
13657 13678 13688 13672 13675 13663 13659 13623 13594 0 0 0 13436 13436 13442 13438 13436 13429 13523 13427 13326
13620 13624 13663 13697 13659 13697 13691 13711 13795 0 0 13417 13418 13433 13433 13432 13426 13523 13427 13330 13329
13551 13543 13583 13627 13563 13613 13656 13699 13708 0 0 0 0 13424 13424 13379 13449 13422 13420 13220 13216
13471 13471 13604 13506 13540 13591 13699 13692 13556 13613 0 13457 13442 13418 13379 13466 13440 13425 13343 13461 13215
13395 13402 13435 13398 13435 13666 13645 13567 13531 13408 13443 13449 13374 13294 13426 13443 13437 13344 13345 13285 13339
13408 13435 13398 13441 13454 13644 13650 13506 13401 13399 13407 13342 13294 13421 13445 13443 13231 13330 13331 13436 13512
0 13444 13467 13488 13614 13659 0 13410 13353 13350 13337 13282 13414 13451 13405 13411 13417 13466 13505 13430 13540
13536 13529 13488 13513 13521 13500 13467 13383 13387 13385 13266 13295 13457 13357 13410 13415 13542 13541 13536 13411 13407
13506 13471 13471 13477 13515 13441 13449 13374 13382 13256 13294 13384 13385 13239 13227 0 13476 13446 13436 13439 13442
13446 13453 13429 13380 13370 13363 13415 13351 13356 13268 13261 13334 13393 13398 13376 13474 13468 13459 13462 13460 13449
13499 13456 13381 13362 13362 13367 13385 13356 13323 13316 13317 13397 13398 13368 13471 13453 13445 13472 13459 13445 13465
13494 13388 13369 13367 13366 13371 13367 13340 13327 13321 13318 13445 13445 13423 13416 13393 13468 13449 13410 13455 13451
13405 13387 13365 13356 13352 13357 13343 13322 13317 13339 13329 13337 13403 13395 13437 13406 13419 13394 13379 13376 13376
13398 13390 13382 13347 13350 13387 13343 13326 13342 13359 13357 13401 13402 13397 13415 13463 13444 13390 13386 13383 13394
13409 13396 13397 13394 13414 13373 13333 13383 13389 13400 13428 13422 13416 13440 13471 13488 13428 13406 13419 13396 13441
13395 13402 13400 13464 13507 13417 13390 13389 13400 13482 13500 13479 13490 13529 13526 13526 13483 13435 13408 13472 13454
13397 13398 13467 13479 13467 13457 13490 13488 13469 13482 13489 13443 13458 13443 13432 13431 13425 13411 13483 13476 13441
13402 13516 13509 13480 13493 13505 13474 13479 13463 13459 13463 13468 13442 13437 13467 13467 13469 13470 13464 13452 13453
13525 13527 13501 13491 13506 13467 13469 13463 13459 13469 13481 13457 13447 13479 13431 13429 13424 13473 13368 13412 13388
