inst/extdata/modis/lst/modgrid/Lat43.00075Lon-78.78820Start2001-01-01End2013-12-31___MOD11A2/GRID_Lat43.00075Lon-78.78820Start2001-01-01End2013-12-31___MOD11A2_LST_Day_1km_A2013297.asc
ncols		 21
nrows		 21
xllcorner	 -6416881.12
yllcorner	 4772121.02
cellsize	 926.625433055834
NODATA_value	 0
14155 14292 14287 14278 14286 14293 14266 14252 14251 14245 14242 14248 14243 14228 14165 14158 14171 14191 14199 14149 14131
14108 14244 14250 14252 14240 14229 14228 14228 14230 14228 14244 14243 14243 14179 14172 14185 14188 14184 14163 14138 14128
14203 14199 14202 14201 14207 14212 14210 14215 14227 14219 14219 14234 14243 14253 14205 14193 14179 14175 14194 14196 14189
14189 14182 14171 14168 14173 14190 14218 14244 14251 14266 14265 14265 14265 14257 14241 14218 14217 14197 14190 14202 14205
14193 14209 14199 14176 14174 14197 14221 14246 14280 14290 14294 14291 14243 14234 14228 14226 14219 14184 14158 14192 14207
14220 14230 14216 14212 14193 14186 14218 14279 14295 14302 14279 14230 14238 14255 14269 14244 14175 14158 14177 14236 14234
14235 14228 14239 14226 14214 14235 14282 14296 14312 14298 14275 14250 14251 14264 14270 14245 14229 14248 14249 14245 14252
14223 14232 14232 14231 14252 14280 14295 14316 14319 14290 14282 14220 14240 14264 14213 14213 14258 14264 14266 14264 14266
14227 14233 14251 14274 14287 14297 14305 14315 14305 14297 14309 14322 14254 14236 14240 14264 14257 14257 14269 14253 14239
14243 14261 14284 14292 14303 14305 14319 14321 14319 14336 14345 14338 14329 14328 14328 14278 14268 14249 14240 14230 14228
14266 14283 14300 14322 14332 14334 14331 14342 14362 14277 14266 14341 14338 14334 14335 14321 14313 14310 14239 14248 14251
14285 14301 14312 14337 14345 14345 14362 14385 14302 14278 14350 14344 14338 14338 14350 14344 14337 14332 14337 14332 14309
14315 14336 14348 14351 14352 14367 14381 14398 14376 14358 14342 14338 14340 14349 14351 14301 14296 14304 14346 14322 14292
14345 14357 14361 14355 14362 14372 14376 14366 14359 14347 14342 14336 14338 14283 14298 14295 14303 14288 14268 14238 14231
14372 14363 14357 14364 14366 14263 14253 14287 14282 14279 14329 14264 14270 14291 14299 14303 14298 14274 14238 14241 14229
14395 14376 14364 14363 14251 14243 14270 14270 14273 14268 14250 14257 14330 14342 14352 14354 14338 14229 14217 14213 14199
14386 14350 14338 14357 14343 14315 14307 14266 14276 14313 14314 14318 14308 14309 14314 14299 14206 14196 14193 14190 14170
14341 14337 14370 14366 14343 14328 14329 14336 14337 14337 14311 14297 14292 14289 14247 14231 14174 14191 14204 14172 14167
14335 14355 14350 14340 14326 14334 14340 14356 14354 14325 14318 14312 14292 14240 14219 14157 14161 14177 14188 14160 14141
14336 14329 14319 14319 14334 14344 14349 14341 14335 14337 14326 14299 14279 14280 14261 14186 14178 14158 14166 14236 14153
14321 14333 14326 14307 14326 14342 14341 14347 14400 14376 14264 14254 14242 14258 14212 14152 14139 14147 14156 14155 14160
