inst/extdata/modis/lst/modgrid/Lat43.00075Lon-78.78820Start2001-01-01End2013-12-31___MOD11A2/GRID_Lat43.00075Lon-78.78820Start2001-01-01End2013-12-31___MOD11A2_LST_Day_1km_A2011233.asc
ncols		 21
nrows		 21
xllcorner	 -6416881.12
yllcorner	 4772121.02
cellsize	 926.625433055834
NODATA_value	 0
15103 15060 15072 15093 15124 15099 14996 14961 15014 14919 14911 14917 14894 14907 14871 14853 14832 14891 14891 14892 14886
14855 14958 14986 14950 15020 14931 14929 14928 14850 14845 14935 14957 14907 14912 14892 14865 14946 14892 14888 14894 14888
14703 14775 14730 14874 14760 14759 14712 14791 14897 14832 14866 14894 14923 14995 14981 14897 14904 14829 14829 14816 14874
14728 14732 14709 14743 14838 14683 14725 14757 14860 14902 14927 15021 15037 15015 14913 14931 14842 14820 14794 14854 14862
14765 14771 14793 14721 14691 14798 14715 14758 15019 15043 15065 15062 14945 15007 14969 14952 14907 14848 14852 14856 14870
14937 14840 14837 14826 14794 14785 14838 14888 15028 15088 15072 14933 14966 14979 14983 14938 14874 14831 14836 14854 14997
14954 14978 14994 14845 14827 14895 14882 15018 15082 15009 14927 14980 14977 15002 14975 14870 14868 14884 14897 15015 15004
14954 14971 14880 14876 14923 14941 15005 15122 15040 15085 15065 15057 15001 14985 14902 14896 14906 14920 14956 15033 15017
14956 14878 14906 14952 14964 15000 15133 15159 15119 15119 15121 15118 15105 14999 14961 14961 14958 14986 15086 15068 15071
14886 14897 14948 14992 15012 15161 15181 15151 15167 15187 15188 15178 15042 15035 15045 14983 15100 15077 15053 15063 15071
14900 14929 15054 15172 15219 15222 15213 15233 15253 15245 15080 15063 15035 15115 15024 15167 15143 15137 15143 15149 15120
14971 15123 15158 15216 15255 15264 15283 15306 15305 15261 15217 15131 15122 15137 15157 15197 15186 15183 15213 15123 15067
15153 15170 15226 15281 15291 15316 15349 15351 15310 15191 15171 15160 15152 15151 15151 15184 15187 15226 15139 15092 15031
15222 15296 15316 15313 15161 15269 15261 15246 15193 15175 15162 15125 15135 15153 15186 15184 15217 15127 15084 15051 15035
15321 15343 15332 15177 15173 15161 15228 15173 15161 15156 15170 15106 15114 15118 15149 15152 15155 15101 15065 15044 14971
15376 15362 15281 15171 15145 15130 15162 15154 15156 15193 15106 15104 15113 15151 15159 15175 15136 15081 15046 14933 14917
15360 15294 15274 15251 15133 15168 15158 15158 15211 15199 15188 15172 15158 15159 15097 15064 15026 15005 14938 14930 14928
15289 15291 15296 15335 15288 15279 15269 15248 15196 15186 15146 15094 15004 14987 14962 14928 14969 14945 14951 14940 14900
15265 15275 15344 15304 15285 15188 15175 15182 15190 15167 15112 15103 14977 14956 14903 14864 14774 14779 14870 14911 14911
15270 15233 15208 15183 15166 15175 15184 15184 15175 15121 15106 15048 15049 14958 14899 14799 14782 14779 14969 14989 14985
15246 15237 15213 15167 15134 15147 15152 15161 15139 15128 15079 15075 15213 15140 15028 15010 14996 14956 14932 14935 14934
