inst/extdata/modis/lst/modgrid/Lat43.00075Lon-78.78820Start2001-01-01End2013-12-31___MOD11A2/GRID_Lat43.00075Lon-78.78820Start2001-01-01End2013-12-31___MOD11A2_LST_Day_1km_A2013313.asc
ncols		 21
nrows		 21
xllcorner	 -6416881.12
yllcorner	 4772121.02
cellsize	 926.625433055834
NODATA_value	 0
14077 13962 13961 13974 14068 14073 14028 14020 14020 14008 13956 13967 13973 13965 13980 13975 13954 13949 13943 14007 14040
13927 13935 13956 14054 14057 13974 13975 14028 14019 13950 13959 13966 13965 13985 13992 13974 14018 14016 14011 13982 13989
14000 13933 14020 14012 13959 13953 14026 14038 13965 13984 13941 13964 13987 13990 13969 14020 14020 13990 13986 13990 14011
13981 13995 13993 14016 14020 14025 13989 13952 13980 13947 13999 13995 13999 14031 14023 14048 13994 14000 14016 14022 14025
13994 13934 13927 13934 13993 13985 13992 14039 13951 13986 14001 14064 14018 14016 14048 14026 14015 14011 14019 14031 14034
13936 13932 13943 14011 13969 13960 13974 13961 13986 13998 14059 14022 14028 14061 14075 14061 14042 14033 14042 14044 14038
13922 13942 13956 13979 13970 13979 13970 13991 14003 13992 14043 14052 14071 14085 14082 14073 14064 14064 14059 14050 14040
13933 13954 14010 14018 13987 13973 14009 14008 13998 14065 14077 14080 14082 14079 14072 14075 14078 14073 14057 14057 14050
13952 14022 14025 14033 13989 14015 14033 14092 14080 14086 14095 14087 14087 14077 14051 14078 14079 14080 14037 14032 14074
13984 14031 14041 13998 14003 13995 14064 14090 14070 14076 14101 14090 14055 14058 14065 14054 14049 14040 14033 14025 14028
14026 14040 14049 13986 13991 14053 14046 14056 14069 14104 14031 14024 14031 14051 14059 14060 14059 14054 14045 14054 14042
14036 14039 14058 13999 13996 14080 14083 14102 14098 14080 14040 14027 14045 14065 14070 14074 14069 14074 14081 14074 14035
14040 14065 14003 14008 14103 14105 14105 14098 14096 14096 14089 14072 14070 14073 14082 14076 14076 14078 14079 14062 14013
14067 14083 14089 14094 14101 14107 14102 14102 14104 14099 14081 14074 14074 14078 14073 14062 14064 14068 14068 14014 14001
14076 14090 14094 14097 14093 14099 14098 14095 14090 14078 14072 14065 14065 14060 14050 14053 14058 14064 14017 14008 13975
14092 14091 14092 14091 14083 14069 14066 14071 14073 14070 14061 14054 14044 14042 14046 14048 14067 14014 13998 14035 14054
14094 14088 14082 14074 14071 14073 14069 14064 14059 14055 14049 14041 14048 14015 14015 14012 13989 14029 14038 14063 14057
14087 14083 14082 14085 14081 14159 14071 14059 14131 14116 14040 14021 14006 14005 14006 13996 14052 14049 14065 14057 14043
14168 14091 14100 14171 14159 14160 14149 14146 14129 14158 14008 14007 14015 14020 14000 14062 14056 14108 14099 14086 14069
14177 14190 14167 14158 14157 14147 14145 14133 14126 14028 14027 14035 14036 14112 14081 14062 14056 14043 14023 14053 13988
14197 14181 14164 14148 14139 14144 14138 14138 14133 14133 14139 14147 14139 14093 14064 14053 14035 14029 14024 14005 13978
