inst/extdata/modis/lst/modgrid/Lat43.00075Lon-78.78820Start2001-01-01End2013-12-31___MOD11A2/GRID_Lat43.00075Lon-78.78820Start2001-01-01End2013-12-31___MOD11A2_LST_Day_1km_A2007345.asc
ncols		 21
nrows		 21
xllcorner	 -6416881.12
yllcorner	 4772121.02
cellsize	 926.625433055834
NODATA_value	 0
13721 13724 13723 13713 13714 13699 13678 13665 13665 13652 13641 13636 13622 13617 13615 13617 13617 13624 13626 13624 13621
13752 13741 13727 13727 13733 13722 13682 13662 13653 13649 13644 13630 13630 13626 13622 13616 13612 13618 13616 13618 13621
13827 13806 13772 13761 13776 13787 13765 13708 13671 13650 13632 13632 13630 13627 13635 13627 13620 13616 13614 13615 13631
13792 13768 13791 13781 13742 13772 13740 13694 13666 13653 13648 13643 13637 13651 13633 13627 13625 13624 13625 13626 13612
13669 13659 13665 13677 13734 13787 13819 13663 13682 13666 13658 13649 13646 13645 13636 13637 13631 13628 13624 13607 13616
13663 13653 13649 13652 13651 13680 13705 13734 13700 13671 13647 13645 13647 13640 13647 13646 13637 13637 13633 13656 13646
13649 13649 13652 13643 13659 13692 13744 13711 13687 13662 13646 13647 13652 13677 13661 13648 13646 13649 13655 13649 13640
13644 13643 13641 13643 13674 13724 13721 13692 13669 13649 13650 13656 13676 13673 13665 13650 13647 13651 13646 13634 13638
13646 13645 13650 13676 13711 13725 13690 13668 13653 13655 13657 13663 13664 13671 13671 13657 13649 13650 13647 13645 13642
13664 13713 13709 13702 13704 13683 13675 13666 13651 13658 13657 13653 13657 13662 13661 13643 13642 13647 13648 13641 13630
13696 13674 13675 13669 13664 13674 13673 13657 13667 13670 13671 13673 13661 13655 13650 13651 13650 13647 13648 13648 13651
13658 13657 13659 13674 13675 13674 13670 13687 13694 13692 13688 13663 13655 13658 13658 13655 13482 13485 13663 13668 13460
13679 13684 13685 13684 13675 13677 13698 13708 13703 13694 13658 13651 13652 13664 13661 13487 13487 13492 13498 13466 13457
13690 13694 13698 13683 13684 13693 13702 13697 13683 13676 13668 13660 13667 13670 13661 13477 13487 13489 13476 13466 13470
13699 13698 13685 13680 13682 13683 13681 13676 13670 13443 13441 13660 13657 13650 13638 13481 13481 13474 13463 13471 13493
13701 13698 13689 13681 13681 13673 13669 13664 13440 13441 13668 13660 13652 13646 13655 13456 13456 13454 13463 13483 13479
13700 13696 13688 13676 13669 13668 13665 13662 13672 13670 13662 13666 13665 13661 13452 13449 13453 13466 13455 13462 13458
13693 13689 13678 13670 13668 13670 13669 13667 13666 13423 13422 13654 13651 13646 13639 13637 13445 13441 13442 13441 13431
13683 13684 13677 13665 13665 13666 13665 13667 13430 13434 13664 13649 13643 13625 13625 13439 13430 13420 13430 13435 13444
13689 13692 13685 13662 13661 13666 13672 13688 13686 13667 13651 13647 13412 13411 13405 13402 13408 13407 13419 13612 13452
13697 13690 13676 13664 13670 13678 13685 13682 13673 13651 13659 13425 13419 13414 13411 13641 13411 13425 13421 13437 13443
