inst/extdata/modis/lst/modgrid/Lat43.00075Lon-78.78820Start2001-01-01End2013-12-31___MOD11A2/GRID_Lat43.00075Lon-78.78820Start2001-01-01End2013-12-31___MOD11A2_LST_Day_1km_A2010073.asc
ncols		 21
nrows		 21
xllcorner	 -6416881.12
yllcorner	 4772121.02
cellsize	 926.625433055834
NODATA_value	 0
14344 14350 14363 14429 14434 14436 14421 14412 14409 14370 14356 14371 14373 14367 14360 14275 14260 14274 14268 14267 14272
14197 14263 14328 14334 14222 14255 14246 14274 14269 14246 14273 14371 14385 14388 14303 14286 14284 14278 14277 14282 14290
13773 13840 13973 14067 14002 14022 14091 14151 14174 14221 14277 14292 14324 14323 14316 14303 14295 14278 14280 14287 14295
13916 13932 13957 13988 14051 13870 13901 14033 14254 14383 14313 14345 14371 14370 14345 14313 14279 14266 14269 14275 14286
14146 14213 14212 14251 14190 14169 13859 13891 14307 14324 14363 14374 14361 14346 14331 14312 14287 14264 14267 14277 14286
14267 14271 14317 14286 14211 14169 13894 14198 14260 14300 14426 14332 14336 14351 14363 14343 14295 14278 14291 14300 14314
14289 14282 14272 14275 14244 14105 14107 14211 14290 14435 14397 14408 14437 14390 14383 14335 14312 14327 14328 14329 14335
14274 14267 14276 14266 14339 14175 14156 14379 14430 14413 14413 14430 14453 14460 14431 14339 14349 14353 14354 14367 14337
14279 14278 14399 14343 14169 14230 14365 14417 14413 14424 14451 14452 14436 14428 14429 14432 14430 14368 14378 14368 14366
14254 14161 14184 14228 14306 14382 14412 14417 14441 14466 14472 14445 14441 14427 14431 14445 14425 14396 14407 14360 14365
14180 14234 14323 14356 14375 14393 14412 14443 14469 14465 14438 14357 14339 14344 14436 14455 14459 14387 14380 14383 14360
14292 14320 14325 14345 14369 14401 14440 14461 14460 14422 14343 14334 14337 14372 14414 14414 14415 14411 14418 14416 14366
14331 14334 14499 14520 14385 14392 14569 14586 14432 14352 14355 14357 14385 14409 14413 14410 14406 14427 14422 14377 14345
14356 14520 14539 14541 14391 14405 14582 14443 14432 14345 14359 14361 14380 14401 14405 14398 14420 14413 14388 14372 14360
14381 14546 14423 14339 14561 14570 14431 14418 14342 14359 14357 14354 14372 14395 14392 14403 14419 14400 14387 14370 14323
14425 14444 14442 14438 14437 14423 14418 14340 14356 14365 14362 14363 14381 14388 14396 14420 14401 14378 14347 14291 14294
14370 14367 14443 14441 14431 14421 14341 14353 14355 14353 14351 14361 14364 14362 14380 14362 14330 14281 14293 14310 14280
14409 14446 14450 14448 14430 14428 14350 14351 14347 14341 14329 14322 14326 14337 14317 14292 14270 14287 14301 14286 14259
14432 14449 14451 14440 14429 14334 14334 14339 14344 14321 14329 14325 14314 14304 14278 14303 14247 14248 14271 14317 14276
14436 14435 14418 14297 14416 14414 14424 14342 14356 14350 14341 14313 14305 14351 14327 14294 14223 14242 14253 14277 14279
14438 14427 14422 14416 14417 14428 14359 14375 14365 14355 14349 14356 14415 14365 14237 14239 14243 14243 14268 14272 14275
