inst/extdata/modis/lst/modgrid/Lat43.00075Lon-78.78820Start2001-01-01End2013-12-31___MOD11A2/GRID_Lat43.00075Lon-78.78820Start2001-01-01End2013-12-31___MOD11A2_LST_Day_1km_A2009169.asc
ncols		 21
nrows		 21
xllcorner	 -6416881.12
yllcorner	 4772121.02
cellsize	 926.625433055834
NODATA_value	 0
15248 15383 15387 15372 15346 15325 15298 15271 15151 15125 15139 15163 15190 15157 15131 15098 15098 15118 15103 15079 15061
15007 15214 15213 15213 15095 15009 15046 15088 15085 15059 15092 15124 15154 15193 15174 15164 15141 15097 15068 15058 15059
14801 14916 14957 14924 14861 14898 14959 14993 15013 15061 15102 15142 15229 15209 15208 15169 15107 15070 15052 15054 15074
14727 14766 14773 14788 14791 14799 14810 14814 14956 15108 15160 15234 15277 15242 15192 15132 15072 15035 15031 15051 15075
14971 14972 14956 14927 14877 14831 14836 14983 15096 15214 15299 15280 15221 15185 15155 15130 15075 15025 15019 15037 15074
15009 15015 15107 14992 14923 14890 14871 15012 15173 15288 15210 15169 15148 15185 15184 15120 15035 15018 15076 15126 15138
15128 15120 15120 15049 15009 14964 15023 15150 15287 15219 15134 15128 15186 15301 15239 15105 15067 15112 15167 15190 15178
15071 15069 15054 15044 15025 15028 15122 15406 15229 15164 15152 15178 15275 15277 15202 15139 15161 15184 15206 15192 15166
15051 15056 15069 15064 15062 15121 15387 15282 15196 15195 15229 15269 15266 15223 15198 15201 15215 15229 15220 15212 15205
15037 15093 15144 15202 15289 15450 15300 15268 15296 15357 15357 15298 15290 15287 15320 15303 15252 15191 15199 15198 15227
15045 15195 15272 15341 15480 15344 15469 15386 15418 15401 15371 15326 15305 15283 15304 15289 15207 15209 15225 15260 15234
15229 15298 15347 15346 15346 15375 15436 15465 15450 15419 15360 15330 15297 15313 15351 15355 15341 15325 15330 15306 15227
15351 15374 15373 15371 15387 15557 15584 15479 15471 15385 15351 15307 15320 15358 15350 15312 15297 15358 15367 15243 15165
15535 15584 15570 15560 15558 15569 15592 15557 15514 15333 15309 15293 15301 15464 15320 15291 15369 15373 15251 15196 15160
15596 15580 15552 15547 15547 15543 15376 15357 15323 15297 15295 15408 15338 15332 15288 15475 15357 15287 15230 15160 15117
15600 15581 15564 15564 15546 15361 15337 15305 15280 15277 15439 15320 15333 15343 15481 15351 15297 15245 15160 15119 15072
15597 15555 15548 15426 15378 15340 15332 15273 15275 15450 15413 15418 15275 15272 15277 15319 15171 15136 15121 15094 15087
15534 15540 15435 15423 15401 15472 15459 15457 15464 15457 15432 15256 15232 15203 15152 15118 15076 15089 15101 15102 15082
15537 15465 15439 15413 15342 15347 15354 15469 15480 15467 15374 15247 15223 15189 15128 15066 15033 15042 15077 15085 15062
15451 15443 15395 15331 15331 15345 15356 15504 15504 15498 15413 15401 15256 15199 15143 15079 15062 15083 15096 15105 15085
15431 15396 15330 15323 15345 15367 15534 15518 15505 15436 15441 15317 15283 15192 15111 15091 15070 15076 15073 15059 15039
