inst/extdata/modis/lst/modgrid/Lat43.00075Lon-78.78820Start2001-01-01End2013-12-31___MOD11A2/GRID_Lat43.00075Lon-78.78820Start2001-01-01End2013-12-31___MOD11A2_LST_Day_1km_A2004153.asc
ncols		 21
nrows		 21
xllcorner	 -6416881.12
yllcorner	 4772121.02
cellsize	 926.625433055834
NODATA_value	 0
15015 14987 15014 15018 15087 15065 15051 15046 15047 14976 14877 14886 14874 14887 14902 14871 14834 14796 14789 14858 14859
14786 14805 14903 14922 14935 14929 14918 14909 14896 14899 14926 14863 14880 14963 14930 14808 14805 14796 14860 14861 14864
14641 14709 14711 14700 14679 14715 14777 14828 14858 14875 14906 14938 14958 14966 14860 14832 14814 14849 14843 14841 14848
14577 14635 14627 14642 14642 14625 14650 14746 14820 14924 14944 14994 15009 14983 14938 14880 14842 14831 14823 14832 14841
14800 14814 14792 14749 14721 14679 14677 14729 14927 14996 15021 15014 14987 14965 14918 14885 14851 14818 14811 14824 14835
14859 14876 14849 14817 14760 14688 14679 14798 14944 15021 14983 14929 14921 14958 14962 14903 14854 14827 14843 14854 14866
14873 14879 14876 14935 14755 14737 14779 14886 15003 14978 14933 14924 14985 15036 15010 14951 14876 14895 14915 14911 14908
14838 14845 14838 14744 14725 14803 15063 15002 15001 14978 14958 14988 15020 15025 14992 14932 14943 14951 14955 14940 14918
14802 14815 14739 14747 14836 15089 15017 15015 14988 14974 15019 15027 15020 15017 15025 15029 15016 14999 14992 14987 14984
14790 14709 14731 14917 15046 15059 15070 15058 15055 15095 15092 15079 15056 15047 15052 15049 15007 14969 14977 14995 14989
14805 14783 14982 15052 15076 15089 15093 15095 15126 15114 15097 15068 15049 15031 15044 15042 15025 15010 15038 15045 15020
14798 14944 14976 15062 15085 15115 15146 15186 15201 15157 15103 15063 15023 15063 15083 15077 15064 15066 15088 15075 14991
15091 15010 15092 15107 15138 15166 15202 15237 15180 15130 15073 15044 15070 15087 15087 15078 15071 15113 15103 15005 14867
15103 15122 15124 15147 15173 15191 15313 15163 15139 15073 15058 15044 15066 15084 15064 15049 15107 15087 14927 14887 14865
15113 15197 15153 15260 15241 15085 15068 15058 15040 15040 15022 15035 15060 15058 15037 15094 15073 15021 14927 14915 14926
15218 15160 15148 15238 15072 15048 15019 15001 15014 15025 15035 15033 15001 15033 15054 15075 15047 14959 14917 14857 14877
15271 15121 15141 15101 15072 15041 15028 15045 15047 15054 15044 14992 15018 15030 15017 14994 14943 14921 14873 14839 14841
15138 15126 15160 15149 15088 15060 15049 15057 15096 15051 15079 15040 14944 14912 14899 14900 14887 14874 14868 14854 14895
15158 15197 15181 15097 15073 15063 15077 15093 15091 15159 15131 14993 14951 14914 14892 14844 14827 14846 14835 14831 14874
15193 15182 15133 15085 15084 15115 15136 15193 15211 15180 15030 15031 15029 14997 14927 14880 14868 14865 14856 14908 14893
15202 15173 15097 15093 15123 15163 15169 15155 15129 15074 15091 15099 15057 14985 14923 14902 14890 14898 14893 14893 14885
