inst/extdata/modis/lst/modgrid/Lat43.00075Lon-78.78820Start2001-01-01End2013-12-31___MOD11A2/GRID_Lat43.00075Lon-78.78820Start2001-01-01End2013-12-31___MOD11A2_LST_Day_1km_A2008289.asc
ncols		 21
nrows		 21
xllcorner	 -6416881.12
yllcorner	 4772121.02
cellsize	 926.625433055834
NODATA_value	 0
14457 14431 14431 14509 14471 14466 14465 14355 14344 14321 14370 14386 14399 14332 14317 14318 14319 14345 14308 14291 14283
14385 14381 14425 14426 14407 14417 14406 14385 14333 14344 14361 14386 14388 14382 14418 14339 14378 14358 14299 14320 14358
14352 14382 14402 14553 14369 14377 14372 14380 14322 14361 14363 14418 14434 14500 14463 14385 14374 14345 14355 14359 14365
14318 14306 14310 14345 14483 14328 14323 14333 14409 14369 14405 14439 14512 14504 14380 14370 14333 14335 14354 14363 14363
14328 14301 14366 14283 14309 14409 14347 14423 14441 14449 14517 14515 14498 14540 14402 14405 14340 14385 14330 14304 14275
14293 14378 14390 14332 14323 14338 14393 14458 14459 14457 14428 14397 14412 14425 14512 14432 14384 14313 14314 14387 14428
14306 14315 14341 14331 14335 14377 14444 14461 14474 14430 14404 14465 14441 14539 14529 14462 14342 14342 14407 14411 14416
14332 14357 14330 14335 14379 14425 14472 14498 14441 14418 14460 14503 14527 14527 14487 14413 14370 14441 14444 14442 14432
14353 14299 14340 14376 14429 14500 14498 14466 14443 14474 14509 14519 14521 14495 14488 14467 14467 14468 14454 14436 14352
14339 14366 14388 14432 14484 14489 14495 14501 14512 14541 14547 14522 14552 14534 14517 14420 14413 14440 14350 14349 14348
14377 14392 14406 14481 14485 14488 14478 14446 14504 14529 14518 14549 14532 14515 14464 14463 14505 14458 14408 14397 14387
14419 14462 14470 14489 14498 14503 14532 14575 14571 14540 14532 14542 14481 14475 14479 14482 14472 14433 14437 14420 14383
14448 14474 14489 14480 14500 14512 14561 14584 14548 14544 14501 14507 14490 14482 14482 14460 14423 14427 14423 14377 14336
14485 14509 14517 14518 14527 14495 14514 14527 14544 14501 14497 14477 14476 14517 14483 14470 14401 14401 14418 14374 14313
14478 14528 14529 14446 14414 14412 14466 14453 14471 14484 14471 14467 14509 14497 14440 14399 14405 14382 14354 14305 14297
14564 14492 14466 14410 14406 14410 14432 14489 14533 14536 14532 14493 14438 14411 14476 14428 14384 14321 14305 14277 14258
14438 14424 14415 14424 14445 14449 14500 14526 14527 14484 14420 14431 14445 14413 14456 14356 14317 14293 14272 14245 14233
14420 14436 14452 14449 14490 14455 14446 14442 14434 14514 14441 14431 14387 14362 14345 14323 14283 14257 14232 14345 14262
14427 14455 14471 14431 14443 14435 14427 14437 14533 14454 14501 14374 14372 14410 14368 14413 14328 14338 14344 14346 14253
14457 14468 14427 14416 14426 14464 14473 14523 14499 14515 14440 14453 14445 14459 14419 14324 14327 14336 14228 14294 14289
14468 14458 14439 14400 14405 14470 14512 14587 14525 14515 14440 14443 14464 14419 14359 14336 14266 14278 14281 14281 14283
