inst/extdata/modis/lst/modgrid/Lat43.00075Lon-78.78820Start2001-01-01End2013-12-31___MOD11A2/GRID_Lat43.00075Lon-78.78820Start2001-01-01End2013-12-31___MOD11A2_LST_Day_1km_A2004321.asc
ncols		 21
nrows		 21
xllcorner	 -6416881.12
yllcorner	 4772121.02
cellsize	 926.625433055834
NODATA_value	 0
13927 0 0 0 0 13883 13883 13851 13850 0 0 0 13932 13932 14023 14055 14004 14004 14038 14039 14042
13853 0 0 13740 13803 13857 13875 13862 13884 0 0 13923 13924 14062 14091 14030 14029 14048 14046 14046 14086
0 0 13751 0 13835 13910 13897 13884 0 13805 13859 13930 14094 14126 14085 14063 14068 14080 14083 14103 14103
13823 13767 13808 13837 13914 13925 13933 13940 13922 13902 13958 14110 14146 14153 14088 14080 14115 14115 14119 14125 14130
13858 13866 13901 13931 13950 13955 13951 13949 13988 14040 14123 14149 14154 14097 14096 14146 14125 14120 14132 13976 13973
13905 13952 13957 14004 14003 14017 14041 14072 14104 14147 14152 14153 14011 14016 14174 14140 14126 14011 13976 14023 14032
13982 13993 14049 14061 13949 13949 14095 14148 14170 14027 14025 14011 14009 14003 14035 14040 14038 14086 14067 14064 14056
13922 13937 13955 13958 13960 13980 14016 14032 14034 14033 14033 14026 14018 14035 14040 14061 14109 14097 14118 14113 14116
13944 13975 13997 13982 13997 14018 14022 14031 14029 14045 14034 14043 14065 14056 14068 14114 14123 14141 14150 14145 14145
13984 14001 14013 14143 14028 14029 14162 14081 14078 14070 14071 14084 14119 14133 14122 14121 14132 14149 14142 14139 14141
14116 14147 14158 14189 14191 14083 14080 14081 14070 14078 14079 14104 14060 14076 14117 14130 14140 14141 14140 14144 14138
14159 14170 14183 14183 14095 14087 14080 14078 14067 14050 14025 14050 14058 14107 14125 14151 14158 14159 14175 14168 14142
14173 14188 14182 14162 14168 14080 14077 14072 14051 14079 14074 14087 14121 14122 14144 14140 14146 14160 14160 14140 14108
14162 14151 14140 14144 14158 14167 14170 14010 14075 14095 14118 14131 14135 14146 14133 14133 14134 14135 14146 14108 14031
14137 14128 14124 14129 14153 14155 13994 14008 14085 14112 14085 14137 14145 14148 14147 14145 14156 14147 14130 14064 14049
14136 14146 14142 14120 14094 13902 13922 13981 14106 14119 14137 14136 14133 14133 14149 14170 14173 14162 14041 14040 14111
13987 13979 13958 14060 13856 13890 13960 14085 14104 14129 14127 14126 14123 14118 14139 14138 14146 14095 14105 14121 14130
13970 13959 14040 13991 14005 14012 14119 14125 14132 14122 14116 14109 14114 14108 14105 14079 14111 14118 14127 14112 14110
13934 14019 14027 14117 14119 14131 14141 14136 14117 14114 14099 14096 14103 14105 14081 14115 14124 14133 14106 14096 14125
14042 14109 14147 14140 14145 14147 14119 14155 14119 14104 14105 14114 14105 14081 14091 14093 14104 14104 14102 14098 14099
14112 14155 14144 14149 14130 14127 14162 14151 14153 14157 14155 14083 14078 14091 14087 14088 14082 14079 14087 14094 14092
