inst/extdata/modis/lst/modgrid/Lat43.00075Lon-78.78820Start2001-01-01End2013-12-31___MOD11A2/GRID_Lat43.00075Lon-78.78820Start2001-01-01End2013-12-31___MOD11A2_LST_Day_1km_A2013001.asc
ncols		 21
nrows		 21
xllcorner	 -6416881.12
yllcorner	 4772121.02
cellsize	 926.625433055834
NODATA_value	 0
13602 13617 13620 13615 13619 13618 13603 13592 13592 13581 13589 13591 13581 13566 13574 13569 13566 13569 13566 13562 13559
13620 13618 13602 13603 13628 13620 13604 13595 13589 13596 13589 13579 13579 13585 13581 13579 13576 13572 13568 13574 13574
13676 13657 13653 13687 13669 13639 13622 13603 13590 13582 13579 13583 13588 13582 13582 13574 13569 13558 13566 13563 13557
13650 13640 13654 13667 13671 13712 13699 13654 13607 13588 13588 13590 13593 13591 13581 13569 13568 13591 13577 13562 13563
13558 13587 13587 13575 13598 13649 13681 13666 13614 13601 13596 13592 13585 13583 13577 13580 13593 13575 13566 13563 13563
13581 13577 13560 13573 13595 13633 13687 13648 13617 13598 13583 13576 13578 13583 13595 13665 13672 13608 13585 13575 13574
13499 13572 13577 13586 13591 13636 13698 13627 13608 13592 13575 13570 13586 13592 13599 13614 13594 13584 13577 13575 13566
13567 13572 13509 13579 13613 13684 13640 13627 13607 13587 13571 13580 13589 13594 13595 13578 13574 13572 13569 13561 13555
13575 13506 13509 13524 13650 13638 13627 13613 13602 13599 13604 13607 13603 13599 13599 13587 13576 13576 13571 13551 13555
13526 13537 13540 13616 13618 13614 13609 13603 13602 13611 13616 13611 13612 13621 13609 13598 13576 13567 13561 13552 13554
13524 13527 13575 13575 13586 13605 13605 13599 13613 13623 13612 13610 13612 13594 13585 13578 13567 13566 13569 13560 13563
13489 13575 13558 13551 13580 13602 13605 13613 13627 13610 13608 13605 13590 13584 13589 13577 13574 13560 13577 13584 13568
13604 13611 13529 13555 13576 13594 13611 13624 13602 13599 13598 13580 13579 13593 13587 13577 13569 13585 13580 13581 13578
13542 13548 13551 13578 13589 13593 13600 13598 13598 13598 13586 13578 13581 13594 13588 13579 13588 13591 13587 13584 13583
13562 13581 13568 13580 13573 13562 13575 13587 13590 13585 13575 13567 13590 13590 13594 13599 13604 13588 13578 13575 13597
13587 13572 13565 13624 13546 13562 13567 13563 13560 13549 13540 13564 13589 13601 13596 13602 13575 13560 13559 13557 13596
13639 13538 13533 13642 13572 13558 13544 13528 13490 13509 13555 13572 13566 13561 13567 13546 13551 13563 13559 13599 13598
13563 13530 13709 13656 13603 13585 13577 13586 13587 13554 13534 13500 13492 13483 13506 13558 13608 13592 13589 13585 13571
13518 13531 13522 13507 13515 13513 13588 13589 13587 13486 13477 13459 13482 13493 13608 13518 13550 13551 13556 13556 13552
13526 13519 13507 13518 13516 13586 13590 13582 13573 13499 13487 13494 13495 0 13480 13539 13557 13552 13547 13539 13583
13509 13502 13491 13470 13466 13461 13467 13571 0 0 13464 0 13463 13463 13558 13544 13546 13545 0 13583 13576
