inst/extdata/modis/lst/modgrid/Lat43.00075Lon-78.78820Start2001-01-01End2013-12-31___MOD11A2/GRID_Lat43.00075Lon-78.78820Start2001-01-01End2013-12-31___MOD11A2_LST_Day_1km_A2013281.asc
ncols		 21
nrows		 21
xllcorner	 -6416881.12
yllcorner	 4772121.02
cellsize	 926.625433055834
NODATA_value	 0
14720 14707 14705 14705 14644 14654 14658 14694 14647 14615 14616 14658 14639 14625 14587 14577 14575 14586 14587 14594 14607
14629 14641 14654 14603 14612 14615 14585 14589 14562 14623 14631 14615 14604 14585 14598 14612 14580 14581 14585 14604 14622
14557 14542 14535 14561 14573 14536 14537 14539 14549 14567 14593 14598 14591 14620 14636 14615 14625 14634 14599 14602 14595
14528 14523 14546 14545 14538 14542 14525 14545 14571 14610 14639 14680 14669 14653 14628 14633 14627 14599 14579 14580 14578
14570 14594 14592 14569 14536 14588 14536 14574 14646 14703 14710 14691 14685 14623 14636 14653 14604 14557 14545 14547 14569
14633 14633 14615 14566 14533 14514 14544 14622 14703 14723 14679 14653 14639 14651 14680 14653 14594 14575 14561 14582 14582
14646 14649 14638 14596 14555 14582 14625 14688 14722 14704 14690 14695 14706 14682 14684 14643 14635 14688 14631 14645 14723
14610 14604 14596 14569 14601 14640 14691 14726 14721 14715 14721 14710 14744 14765 14727 14707 14708 14672 14695 14734 14672
14577 14594 14613 14638 14671 14705 14727 14726 14711 14709 14735 14741 14738 14709 14717 14705 14677 14670 14666 14655 14654
14604 14618 14659 14730 14730 14738 14734 14730 14734 14747 14756 14776 14729 14731 14713 14692 14666 14651 14658 14667 14684
14626 14668 14711 14749 14749 14740 14752 14799 14818 14767 14787 14722 14718 14688 14682 14679 14657 14648 14668 14709 14695
14670 14708 14741 14757 14774 14788 14870 14894 14904 14862 14757 14746 14715 14758 14774 14774 14679 14693 14739 14733 14696
14715 14757 14775 14783 14830 14810 14823 14837 14813 14839 14825 14722 14735 14745 14775 14838 14757 14793 14803 14740 14684
14755 14835 14787 14782 14797 14828 14831 14806 14810 14824 14699 14743 14733 14753 14807 14706 14769 14779 14706 14681 14665
14828 14782 14770 14779 14804 14797 14764 14762 14701 14690 14682 14684 14707 14799 14731 14743 14721 14637 14614 14609 14642
14846 14830 14790 14799 14782 14734 14727 14705 14708 14734 14736 14660 14682 14728 14750 14730 14698 14613 14592 14630 14620
14862 14834 14808 14747 14702 14682 14696 14709 14712 14747 14652 14677 14695 14705 14700 14738 14667 14587 14613 14574 14612
14835 14877 14820 14726 14716 14718 14723 14744 14797 14805 14816 14766 14686 14678 14643 14638 14576 14585 14591 14626 14601
14782 14817 14815 14800 14750 14748 14754 14809 14801 14820 14805 14698 14688 14699 14645 14614 14605 14623 14640 14610 14611
14793 14788 14777 14742 14780 14780 14796 14811 14810 14791 14770 14777 14723 14691 14676 14685 14622 14547 14541 14562 14574
14782 14781 14775 14758 14762 14781 14825 14821 14803 14780 14796 14774 14690 14668 14627 14644 14551 14554 14549 14559 14579
