inst/extdata/modis/lst/modgrid/Lat43.00075Lon-78.78820Start2001-01-01End2013-12-31___MOD11A2/GRID_Lat43.00075Lon-78.78820Start2001-01-01End2013-12-31___MOD11A2_LST_Day_1km_A2006225.asc
ncols		 21
nrows		 21
xllcorner	 -6416881.12
yllcorner	 4772121.02
cellsize	 926.625433055834
NODATA_value	 0
15159 15160 15187 15142 15144 15136 15144 15121 15098 15053 15013 15022 15030 15022 14996 14972 14953 14938 14937 14910 14861
15039 15064 15029 15035 15050 15045 15016 15029 15005 15032 15023 14977 14990 15036 15017 14967 14934 14938 14886 14871 14842
14828 14872 14884 14886 14912 14874 14904 14889 14906 14918 14955 14947 14962 14945 14954 14960 14944 14899 14887 14869 14857
14802 14817 14825 14827 14869 14783 14803 14868 14923 14983 14966 14990 15001 15014 14997 14960 14901 14893 14875 14877 14883
14865 14873 14881 14875 14822 14844 14865 14892 15007 15014 15040 15066 15050 15022 14989 14955 14895 14858 14871 14882 14855
14917 14920 14921 14881 14863 14866 14898 14991 15014 15085 15074 15017 14995 14990 14997 14917 14874 14882 14899 14921 14942
14941 14968 14970 14950 14919 14955 14980 15014 15096 15088 15046 15001 14998 15045 15019 14956 14921 14924 14962 14966 14951
14959 14939 14930 14947 14998 15025 15062 15112 15050 15030 15014 15003 15076 15070 15036 14973 14961 15002 14998 14989 14986
14926 14924 14970 15013 15058 15085 15132 15061 15054 15082 15075 15086 15079 15061 15056 15049 15050 15040 15020 15031 15015
14964 14982 15048 15093 15125 15136 15142 15155 15139 15150 15143 15124 15112 15104 15100 15082 15055 15008 15009 15000 14998
14992 15050 15107 15151 15166 15163 15175 15184 15199 15187 15158 15155 15146 15129 15099 15091 15083 15054 15035 15022 15064
15069 15132 15154 15169 15179 15193 15221 15250 15252 15208 15185 15167 15144 15115 15119 15134 15117 15110 15121 15109 15041
15186 15183 15190 15194 15226 15233 15261 15268 15239 15207 15170 15156 15129 15127 15151 15137 15131 15137 15135 15065 15000
15237 15236 15239 15241 15242 15258 15244 15206 15145 15140 15144 15119 15127 15142 15127 15115 15142 15128 15081 15007 14944
15290 15279 15258 15239 15241 15240 15189 15125 15126 15128 15126 15120 15106 15106 15100 15144 15122 15099 15012 14968 14920
15309 15289 15251 15240 15228 15187 15156 15139 15138 15139 15135 15110 15104 15103 15142 15138 15152 15013 14983 14913 14889
15323 15279 15268 15251 15226 15189 15163 15160 15158 15163 15154 15142 15143 15122 15089 15070 15002 14984 14925 14917 14889
15292 15294 15277 15257 15219 15205 15206 15199 15221 15208 15202 15175 15125 15065 15013 14956 14927 14891 14894 14986 14965
15285 15284 15283 15258 15248 15242 15229 15249 15241 15250 15208 15149 15078 15005 14945 14887 14849 14853 14931 14963 14965
15297 15291 15270 15268 15265 15253 15257 15262 15287 15264 15202 15165 15094 15061 14940 14898 14880 14949 14970 14972 14981
15297 15269 15271 15266 15250 15254 15260 15275 15266 15224 15183 15184 15184 15106 14930 14917 14967 14929 14901 14902 14892
