inst/extdata/modis/lst/modgrid/Lat43.00075Lon-78.78820Start2001-01-01End2013-12-31___MOD11A2/GRID_Lat43.00075Lon-78.78820Start2001-01-01End2013-12-31___MOD11A2_LST_Day_1km_A2006105.asc
ncols		 21
nrows		 21
xllcorner	 -6416881.12
yllcorner	 4772121.02
cellsize	 926.625433055834
NODATA_value	 0
14820 14832 14844 14847 14850 14835 14808 14790 14856 14830 14810 14744 14735 14728 14726 14698 14753 14773 14761 14744 14727
14628 14706 14709 14711 14719 14736 14711 14799 14776 14755 14790 14810 14826 14758 14812 14781 14767 14753 14737 14754 14735
14243 14361 14409 14422 14403 14429 14510 14584 14697 14748 14768 14796 14822 14828 14811 14769 14754 14728 14739 14729 14740
14304 14361 14359 14404 14379 14321 14326 14437 14706 14806 14830 14848 14868 14847 14788 14745 14722 14715 14705 14721 14741
14588 14577 14601 14577 14538 14517 14405 14555 14755 14894 14898 14895 14854 14826 14781 14774 14746 14700 14690 14712 14758
14692 14708 14684 14656 14597 14495 14391 14490 14835 14923 14883 14802 14795 14817 14843 14803 14733 14710 14731 14749 14763
14813 14707 14701 14684 14640 14564 14500 14735 14835 14815 14811 14810 14845 14901 14879 14797 14762 14779 14773 14771 14775
14787 14850 14788 14772 14633 14587 14689 14816 14832 14778 14826 14843 14904 14893 14849 14793 14804 14805 14828 14796 14780
14763 14756 14774 14726 14662 14722 14805 14825 14799 14850 14870 14887 14852 14844 14831 14919 14910 14849 14849 14830 14826
14716 14669 14672 14762 14879 14930 14851 14917 14926 14941 14926 14875 14874 14882 14882 14869 14852 14825 14803 14822 14831
14651 14767 14857 14934 14957 14950 14936 14957 14988 14992 14934 14892 14861 14848 14860 14868 14858 14849 14836 14845 14811
14834 14902 14927 14947 14958 14969 14981 15013 15021 14967 14921 14871 14840 14880 14914 14906 14881 14856 14856 14895 14843
14914 14936 14964 14966 14975 14994 15023 15043 15017 14954 14923 14881 14892 14913 14911 14894 14898 14924 14927 14862 14773
14968 14998 14980 14970 14979 14986 15013 15011 14956 14935 14896 14878 14885 14913 14876 14869 14918 14933 14852 14788 14762
15014 14999 14986 14991 15037 14975 14953 14848 14841 14896 14860 14866 14898 14864 14864 14920 14955 14861 14827 14813 14750
15024 14999 14996 14993 14981 14853 14830 14830 14842 14864 14952 14877 14890 14908 14923 14928 14878 14827 14793 14740 14733
15027 15002 14986 14989 14858 14831 14837 14841 14836 14907 14884 14894 14899 14884 14877 14852 14790 14755 14768 14764 14765
14992 14982 14918 14907 14955 14942 14853 14847 14929 14903 14888 14808 14800 14785 14818 14769 14738 14756 14779 14800 14764
14993 14926 14928 14890 14854 14857 14928 14934 14923 14903 14888 14867 14810 14780 14709 14677 14720 14750 14775 14757 14749
14929 14927 14887 14846 14856 14872 14872 14867 14921 14886 14862 14847 14819 14747 14706 14698 14687 14680 14752 14755 14760
15015 14902 14870 14868 14892 14898 14888 14903 14902 14868 14860 14855 14807 14760 14734 14695 14678 14673 14663 14760 14756
