inst/extdata/modis/lst/modgrid/Lat43.00075Lon-78.78820Start2001-01-01End2013-12-31___MOD11A2/GRID_Lat43.00075Lon-78.78820Start2001-01-01End2013-12-31___MOD11A2_LST_Day_1km_A2011281.asc
ncols		 21
nrows		 21
xllcorner	 -6416881.12
yllcorner	 4772121.02
cellsize	 926.625433055834
NODATA_value	 0
14918 14927 14939 14941 14937 14929 14908 14927 14924 14898 14901 14839 14836 14833 14889 14856 14847 14853 14857 14856 14854
14767 14821 14822 14853 14873 14852 14873 14878 14863 14852 14872 14821 14896 14896 14890 14854 14856 14848 14847 14851 14848
14653 14675 14692 14694 14684 14706 14721 14807 14757 14789 14805 14825 14893 14894 14884 14858 14838 14831 14831 14832 14839
14637 14641 14630 14648 14649 14646 14661 14721 14802 14829 14832 14904 14915 14904 14878 14847 14832 14821 14814 14821 14833
14753 14784 14778 14752 14705 14651 14644 14704 14823 14875 14937 14926 14905 14880 14863 14850 14823 14803 14816 14831 14839
14815 14828 14817 14804 14768 14710 14700 14792 14861 14939 14909 14879 14874 14895 14903 14888 14829 14818 14842 14850 14759
14836 14853 14854 14815 14775 14767 14782 14850 14905 14929 14885 14873 14854 14875 14930 14884 14862 14868 14869 14767 14766
14809 14809 14807 14809 14804 14789 14846 14896 14894 14909 14888 14845 14878 14946 14844 14879 14882 14806 14820 14815 14796
14798 14804 14821 14813 14804 14858 14905 14902 14895 14861 14876 14889 14890 14852 14840 14904 14829 14845 14851 14840 14907
14787 14795 14805 14839 14902 14932 14928 14914 14915 14931 14948 14910 14904 14898 14900 14941 14919 14815 14823 14828 14823
14776 14832 14881 14931 14945 14947 14939 14937 14963 14968 14933 14919 14907 14896 14940 14943 14839 14835 14844 14942 14823
14835 14877 14926 14939 14951 14959 14970 14990 15011 14944 14917 14901 14873 14871 14881 14877 14951 14951 14982 14855 14839
14893 14936 14943 14952 14970 14990 15046 15071 14923 14878 14872 14878 14881 14880 14955 14945 14936 14983 14985 14944 14812
14937 14968 14965 14965 14987 15028 15038 14911 14888 14872 14871 14935 14940 14956 14948 14929 14957 14961 14924 14821 14799
14969 14960 14948 14921 14921 14982 14972 14865 14850 14913 14907 14910 14929 14935 14864 14885 14892 14870 14837 14805 14784
14971 14913 14902 14906 14955 14939 14925 14922 14925 14935 14925 14918 14872 14882 14898 14926 14890 14835 14794 14775 14757
14891 14873 14942 14951 14939 14932 14934 14935 14950 14950 14938 14884 14889 14882 14871 14839 14787 14764 14774 14766 14756
14862 14920 14940 14961 14942 14939 14936 14959 14967 14964 14836 14836 14815 14794 14775 14729 14712 14749 14770 14868 14840
14939 14946 14953 14913 14906 14920 14957 14979 14875 14860 14827 14897 14844 14813 14770 14671 14695 14797 14823 14813 14834
14945 14947 14919 14881 14894 14928 14966 15002 14896 14972 14931 14886 14945 14794 14783 14794 14780 14775 14788 14834 14859
14968 14964 14918 14919 14936 14985 15013 15028 14995 14949 14910 14916 14980 14797 14783 14780 14771 14771 14803 14829 14858
