inst/extdata/modis/lst/modgrid/Lat43.00075Lon-78.78820Start2001-01-01End2013-12-31___MOD11A2/GRID_Lat43.00075Lon-78.78820Start2001-01-01End2013-12-31___MOD11A2_LST_Day_1km_A2011273.asc
ncols		 21
nrows		 21
xllcorner	 -6416881.12
yllcorner	 4772121.02
cellsize	 926.625433055834
NODATA_value	 0
14656 14661 14725 14731 14667 14649 14644 14684 14694 14668 14667 14644 14635 14598 14590 14579 14607 14613 14567 14556 14551
14633 14654 14586 14583 14645 14606 14633 14626 14573 14596 14608 14614 14614 14613 14603 14590 14619 14561 14543 14528 14522
14500 14512 14513 14555 14511 14509 14513 14546 14552 14567 14579 14594 14598 14608 14606 14573 14555 14534 14519 14514 14520
14489 14487 14478 14488 14485 14497 14506 14530 14554 14575 14656 14611 14672 14604 14584 14560 14531 14517 14501 14586 14591
14519 14512 14516 14516 14505 14555 14517 14540 14636 14688 14651 14642 14608 14592 14576 14551 14534 14562 14567 14583 14594
14555 14562 14553 14547 14580 14566 14554 14588 14654 14669 14638 14591 14577 14592 14671 14644 14580 14563 14597 14610 14614
14638 14579 14575 14559 14555 14575 14604 14663 14675 14639 14594 14582 14601 14701 14682 14625 14613 14627 14631 14630 14622
14566 14562 14562 14564 14589 14620 14661 14664 14639 14620 14596 14690 14707 14721 14669 14653 14650 14651 14647 14645 14562
14547 14569 14593 14607 14624 14668 14725 14647 14639 14710 14719 14720 14702 14692 14693 14672 14666 14665 14664 14609 14615
14570 14594 14603 14620 14646 14735 14737 14738 14745 14757 14762 14746 14734 14729 14703 14695 14654 14612 14585 14604 14606
14644 14657 14703 14744 14753 14754 14757 14775 14791 14784 14759 14742 14744 14699 14699 14679 14644 14641 14615 14623 14621
14665 14703 14738 14748 14759 14772 14794 14824 14830 14792 14752 14754 14707 14700 14703 14678 14634 14649 14663 14667 14692
14728 14759 14771 14781 14789 14815 14837 14854 14829 14789 14781 14778 14711 14652 14641 14630 14647 14673 14676 14701 14659
14774 14787 14798 14799 14821 14831 14845 14817 14787 14780 14642 14632 14665 14685 14647 14638 14777 14724 14701 14677 14573
14806 14811 14806 14809 14813 14817 14795 14770 14763 14752 14629 14626 14772 14649 14644 14782 14724 14700 14615 14587 14555
14841 14835 14822 14819 14737 14720 14699 14766 14762 14759 14752 14745 14756 14788 14778 14730 14707 14617 14573 14598 14589
14851 14834 14828 14748 14732 14706 14707 14769 14770 14761 14647 14644 14660 14649 14700 14675 14571 14531 14515 14514 14591
14833 14836 14757 14749 14729 14728 14794 14786 14789 14674 14660 14655 14636 14599 14623 14533 14502 14498 14505 14579 14570
14835 14840 14841 14825 14811 14799 14796 14803 14819 14669 14677 14650 14594 14569 14525 14564 14551 14557 14562 14552 14565
14842 14843 14824 14810 14807 14803 14804 14818 14752 14743 14686 14657 14587 14548 14514 14582 14573 14571 14567 14571 14579
14854 14844 14826 14821 14754 14749 14751 14767 14763 14737 14810 14804 14647 14520 14587 14586 14576 14561 14564 14567 14571
