inst/extdata/modis/lst/modgrid/Lat43.00075Lon-78.78820Start2001-01-01End2013-12-31___MOD11A2/GRID_Lat43.00075Lon-78.78820Start2001-01-01End2013-12-31___MOD11A2_LST_Day_1km_A2005121.asc
ncols		 21
nrows		 21
xllcorner	 -6416881.12
yllcorner	 4772121.02
cellsize	 926.625433055834
NODATA_value	 0
14863 14871 14881 14867 14863 14862 14836 14825 14831 14818 14820 14845 14836 14827 14818 14777 14687 14692 14700 14694 14704
14638 14697 14722 14736 14766 14768 14766 14672 14684 14692 14705 14731 14750 14762 14728 14714 14710 14719 14712 14705 14700
14370 14429 14329 14442 14331 14398 14460 14568 14617 14648 14694 14719 14756 14769 14758 14733 14722 14711 14695 14687 14682
14401 14300 14283 14322 14389 14341 14418 14537 14631 14699 14723 14781 14803 14797 14758 14724 14694 14671 14672 14744 14760
14610 14521 14548 14546 14586 14410 14418 14488 14663 14765 14803 14811 14799 14780 14760 14730 14687 14672 14731 14745 14765
14697 14734 14724 14711 14527 14486 14438 14569 14738 14799 14792 14739 14759 14783 14777 14740 14707 14741 14748 14762 14771
14750 14766 14782 14736 14699 14652 14620 14731 14807 14765 14727 14751 14788 14812 14797 14811 14775 14776 14779 14772 14764
14741 14738 14732 14745 14718 14696 14766 14847 14863 14755 14747 14775 14818 14808 14780 14749 14750 14826 14816 14679 14661
14740 14733 14757 14761 14765 14771 14851 14870 14778 14763 14764 14876 14765 14767 14782 14781 14863 14744 14707 14672 14675
14718 14733 14748 14803 14815 14848 14919 14923 14926 14946 14915 14786 14806 14917 14926 14803 14758 14732 14688 14695 14820
14745 14756 14813 14826 14858 14919 14966 14969 14931 14960 14960 14825 14806 14754 14759 14757 14793 14791 14765 14744 14714
14818 14863 14872 14899 14962 14996 15002 15024 15029 14994 14844 14834 14830 14787 14782 14832 14815 14779 14773 14758 14622
14873 14880 14901 14965 14976 15005 15037 15049 15009 14986 14852 14841 14853 14850 14855 14829 14809 14803 14786 14727 14617
14945 14980 14995 14995 15035 15040 15052 14991 14986 14861 14847 14840 14843 14871 14767 14748 14828 14812 14677 14659 14643
14990 15040 15001 15029 15037 15010 14851 14842 14853 14846 14839 14764 14797 14783 14761 14778 14843 14724 14693 14649 14647
15015 14924 14946 15051 14871 14853 14846 14860 14866 14866 14793 14795 14803 14812 14847 14851 14820 14770 14668 14624 14596
14931 14952 14956 14914 14866 14862 14866 14822 14818 14811 14803 14807 14809 14782 14784 14732 14644 14639 14641 14624 14612
14937 14839 14841 14954 14923 14893 14835 14824 14825 14825 14797 14843 14789 14780 14722 14659 14644 14655 14662 14643 14605
14826 14834 14921 14891 14850 14844 14841 14836 14871 14861 14862 14807 14790 14737 14687 14668 14605 14621 14594 14608 14477
14822 14917 14884 14832 14830 14837 14853 14857 14976 14848 14821 14812 14701 14666 14701 14669 14585 14463 14477 14600 14630
14796 14854 14820 14869 14897 14912 14905 14915 14885 14848 14754 14744 14701 14641 14572 14494 14477 14473 14470 14467 14427
