inst/extdata/modis/lst/modgrid/Lat43.00075Lon-78.78820Start2001-01-01End2013-12-31___MOD11A2/GRID_Lat43.00075Lon-78.78820Start2001-01-01End2013-12-31___MOD11A2_LST_Day_1km_A2001081.asc
ncols		 21
nrows		 21
xllcorner	 -6416881.12
yllcorner	 4772121.02
cellsize	 926.625433055834
NODATA_value	 0
0 14400 14406 14387 14107 14107 13854 0 14036 14036 14132 14151 0 0 0 0 0 0 14065 13940 13793
14034 13948 13995 14079 14095 13854 0 13792 13792 13953 13975 13847 13751 0 0 0 13776 13888 13903 13804 13811
13771 13787 13800 13766 13811 13783 13760 13760 13751 13868 13883 13930 0 0 0 13734 13749 13908 14066 13798 13817
13876 13879 13855 13927 13875 13726 13668 13634 13775 14083 14126 14166 14217 0 13728 13743 13905 14025 13877 13927 13964
14146 14196 14136 14080 14080 0 13542 13547 13929 14049 14084 14191 13853 13853 0 13901 13917 13942 13879 14142 13972
14208 14215 14164 14092 13358 13358 13502 13729 14053 14072 14050 13853 13862 13909 13917 13911 0 14067 14106 13963 13977
14208 14196 14192 14198 13358 13358 13508 13921 14042 13831 13739 13905 13913 13969 13951 13842 13968 13986 13998 14023 14231
14127 14121 14198 0 0 13639 13815 13872 13847 13739 0 13888 13888 13923 13875 13848 14014 14003 14035 14284 14070
14089 14092 0 0 13597 13597 13875 13875 0 0 0 0 13909 13907 13937 13869 14032 14240 14301 14070 14085
14112 14127 0 0 0 0 0 0 0 0 0 13913 13918 13937 13938 0 14185 14191 14021 14046 14336
14161 14212 0 0 0 0 0 0 0 0 0 0 0 0 0 14252 14269 14300 14325 14380 14369
14212 0 0 0 14321 14321 0 0 0 13806 13806 14372 14372 0 14252 14287 14315 14313 14374 14392 14341
14307 0 0 14321 14477 14520 13808 13808 13806 13806 14372 14056 13739 0 0 14302 14355 14392 14404 13964 13906
0 0 0 14457 14470 13808 13808 0 0 0 14021 14020 14296 14334 14305 14317 14348 14365 13939 13933 14247
14262 14233 14349 14399 14408 14396 14367 14338 0 14266 14278 14290 14325 14301 14294 14319 14349 14238 14204 14188 14162
14236 14260 14281 14327 14349 14344 14329 14338 14263 14275 14285 14284 14296 14309 14316 14329 14283 14220 14159 14125 14092
14188 14198 14273 14316 14301 14264 14282 14267 14282 14281 14262 14265 14253 14261 14268 14253 14192 14139 14132 14127 14138
14039 14241 14291 14298 14274 14199 14202 14264 14277 14246 14205 14192 14178 14167 14155 14132 14067 14140 14203 14200 0
14155 14191 14234 14172 14002 14096 14179 14210 14224 14196 14176 14163 14173 14162 14118 14010 13997 14012 14206 0 0
14157 14176 14167 14156 14153 14154 14173 14212 14219 14188 14181 14195 14183 14145 14081 14087 14088 14094 14090 14074 14109
14095 14093 14096 14158 14131 14130 14151 14164 14176 14154 14186 14196 14183 14123 14045 14053 14060 14074 14073 14073 14105
