inst/extdata/modis/lst/modgrid/Lat43.00075Lon-78.78820Start2001-01-01End2013-12-31___MOD11A2/GRID_Lat43.00075Lon-78.78820Start2001-01-01End2013-12-31___MOD11A2_LST_Day_1km_A2010225.asc
ncols		 21
nrows		 21
xllcorner	 -6416881.12
yllcorner	 4772121.02
cellsize	 926.625433055834
NODATA_value	 0
15257 15251 15247 15268 15271 15224 15204 15154 15135 15127 15127 15130 15118 15081 15049 15025 14987 14994 14973 14987 14929
14928 15086 14940 15060 15056 15056 15084 15046 15031 15032 15069 15087 15092 15093 15088 15056 15033 15023 15013 14952 14921
14826 14826 14841 14944 14853 14952 14960 14867 14967 14993 15012 15033 15088 15090 15072 15014 14985 14921 14892 14862 14871
14766 14786 14907 14820 14903 14801 14819 14936 14986 15038 15069 15099 15121 15100 15024 14983 14908 14870 14831 14875 14880
14933 14961 14954 14928 14803 14890 14903 14956 15043 15134 15133 15115 15095 15032 15018 14993 14928 14863 14865 14889 14913
15010 15018 14989 14954 14901 14880 14910 14979 15127 15146 15080 15015 15008 15041 15047 14994 14845 14824 14929 14949 14984
15024 15034 15005 14864 14828 14918 14947 15157 15235 15185 15033 15015 15064 15102 15082 14901 14881 14986 14996 15016 15016
14989 14976 14873 14866 14951 14962 15147 15218 15197 15072 15044 15069 15108 15114 15044 15013 15015 15021 15032 15034 15008
14955 14950 14990 15010 15011 15171 15216 15191 15089 15075 15100 15114 15096 15118 15132 15129 15053 15040 15049 15042 15049
14959 14984 15007 15044 15231 15241 15224 15196 15200 15228 15242 15205 15177 15176 15188 15088 15046 15006 15009 15043 15074
14973 15003 15101 15227 15244 15237 15224 15265 15289 15269 15228 15212 15204 15176 15086 15065 15030 15028 15060 15077 15053
15006 15109 15221 15247 15263 15265 15312 15330 15338 15274 15232 15194 15149 15155 15200 15209 15175 15081 15099 15075 15037
15125 15252 15279 15287 15289 15332 15346 15377 15308 15264 15207 15180 15178 15204 15218 15160 15161 15116 15096 15051 14984
15160 15195 15309 15300 15317 15335 15366 15327 15294 15243 15226 15179 15076 15242 15167 15154 15102 15075 15035 15091 14949
15209 15208 15200 15219 15228 15307 15276 15253 15241 15229 15181 15058 15093 15082 15061 15114 15134 15087 15032 14982 14937
15224 15213 15216 15220 15216 15190 15234 15230 15217 15081 15076 15075 15091 15125 15139 15150 15108 15055 15019 14942 14894
15221 15217 15218 15218 15197 15258 15250 15234 15213 15206 15097 15099 15107 15101 15124 15080 15037 15012 14972 14951 14925
15312 15217 15220 15214 15288 15273 15282 15283 15277 15275 15238 15195 15067 15060 15015 14986 14930 14924 14942 14948 14953
15332 15344 15336 15304 15286 15287 15287 15300 15314 15315 15242 15193 15154 15100 14974 14916 14911 14929 15014 14980 14947
15351 15351 15314 15272 15285 15295 15306 15310 15317 15264 15229 15202 15177 15148 15025 14988 14922 14952 14965 14967 14943
15350 15338 15300 15289 15291 15315 15327 15319 15234 15215 15189 15183 15169 15195 15016 14978 14964 14944 14946 14941 14912
