inst/extdata/modis/lst/modgrid/Lat43.00075Lon-78.78820Start2001-01-01End2013-12-31___MOD11A2/GRID_Lat43.00075Lon-78.78820Start2001-01-01End2013-12-31___MOD11A2_LST_Day_1km_A2010241.asc
ncols		 21
nrows		 21
xllcorner	 -6416881.12
yllcorner	 4772121.02
cellsize	 926.625433055834
NODATA_value	 0
15390 15399 15397 15385 15383 15365 15325 15304 15270 15265 15263 15274 15251 15234 15199 15166 15173 15200 15180 15154 15132
15144 15192 15222 15250 15242 15228 15213 15187 15180 15165 15201 15222 15242 15255 15247 15226 15216 15190 15164 15153 15098
15002 15022 15015 15019 15044 15063 15084 15093 15118 15155 15185 15212 15241 15258 15259 15225 15185 15145 15129 15120 15128
14957 14984 15005 15009 14992 14975 14981 15033 15127 15190 15231 15247 15295 15286 15237 15182 15134 15103 15080 15088 15129
15108 15138 15131 15101 15057 15021 14996 15064 15187 15307 15319 15299 15271 15239 15207 15194 15123 15061 15058 15116 15181
15205 15213 15184 15146 15100 15033 15027 15097 15326 15326 15280 15210 15212 15235 15247 15162 15094 15045 15131 15187 15211
15233 15237 15234 15173 15108 15086 15120 15289 15331 15299 15214 15211 15280 15309 15248 15169 15114 15176 15199 15220 15212
15169 15167 15156 15140 15131 15150 15240 15335 15325 15240 15223 15278 15298 15293 15219 15185 15213 15218 15249 15244 15208
15145 15150 15159 15168 15192 15256 15339 15324 15286 15273 15320 15317 15275 15261 15270 15290 15285 15276 15268 15254 15258
15124 15133 15151 15245 15333 15359 15352 15336 15338 15377 15393 15315 15329 15339 15332 15326 15277 15219 15232 15272 15280
15128 15197 15281 15348 15364 15373 15370 15379 15421 15434 15368 15362 15343 15315 15320 15314 15287 15284 15310 15332 15301
15221 15296 15351 15366 15380 15406 15419 15449 15468 15405 15375 15351 15302 15320 15373 15374 15352 15348 15379 15375 15313
15335 15380 15398 15404 15419 15426 15458 15484 15444 15391 15364 15327 15352 15376 15376 15358 15357 15392 15401 15339 15258
15398 15428 15425 15426 15431 15453 15468 15444 15395 15377 15339 15319 15347 15382 15356 15354 15389 15405 15327 15282 15265
15441 15440 15422 15416 15435 15432 15400 15372 15364 15350 15335 15330 15374 15376 15370 15399 15424 15367 15317 15279 15227
15467 15455 15431 15444 15428 15380 15362 15362 15363 15373 15365 15355 15383 15416 15424 15422 15396 15332 15272 15181 15159
15452 15438 15442 15438 15389 15369 15373 15374 15379 15390 15353 15375 15365 15358 15352 15331 15295 15259 15240 15212 15202
15422 15437 15434 15437 15415 15403 15394 15393 15402 15398 15364 15316 15284 15273 15242 15206 15164 15172 15193 15210 15189
15425 15439 15432 15419 15398 15396 15399 15414 15428 15427 15395 15350 15320 15272 15206 15126 15121 15151 15193 15112 15100
15446 15439 15415 15382 15387 15403 15420 15437 15447 15412 15376 15367 15355 15325 15256 15197 15172 15183 15138 15140 15119
15449 15439 15409 15398 15408 15437 15450 15451 15427 15396 15397 15406 15371 15295 15224 15203 15186 15130 15111 15101 15087
