inst/extdata/modis/lst/modgrid/Lat43.00075Lon-78.78820Start2001-01-01End2013-12-31___MOD11A2/GRID_Lat43.00075Lon-78.78820Start2001-01-01End2013-12-31___MOD11A2_LST_Day_1km_A2012265.asc
ncols		 21
nrows		 21
xllcorner	 -6416881.12
yllcorner	 4772121.02
cellsize	 926.625433055834
NODATA_value	 0
14728 14658 14671 14674 14692 14702 14705 14703 14612 14599 14567 14573 14579 14539 14520 14478 14469 14573 14570 14597 14611
14606 14621 14524 14622 14676 14637 14650 14674 14658 14637 14603 14549 14541 14556 14490 14475 14552 14545 14491 14523 14553
14488 14485 14602 14458 14600 14476 14525 14556 14558 14534 14538 14540 14564 14578 14572 14513 14503 14426 14431 14464 14487
14439 14416 14393 14391 14530 14489 14530 14554 14580 14590 14569 14589 14615 14616 14576 14544 14474 14434 14414 14434 14486
14524 14551 14532 14545 14464 14528 14489 14539 14599 14599 14604 14612 14600 14556 14545 14518 14479 14401 14413 14467 14447
14588 14577 14582 14496 14483 14520 14515 14569 14587 14602 14588 14545 14549 14624 14656 14611 14560 14412 14443 14459 14475
14571 14584 14526 14492 14467 14495 14560 14597 14619 14592 14558 14557 14656 14684 14693 14627 14464 14479 14484 14483 14538
14540 14547 14548 14516 14501 14538 14717 14753 14760 14713 14689 14708 14741 14749 14649 14644 14629 14560 14563 14572 14495
14532 14559 14568 14553 14568 14639 14748 14759 14626 14610 14611 14615 14611 14690 14672 14660 14662 14573 14563 14574 14595
14529 14569 14589 14622 14643 14648 14627 14633 14626 14620 14609 14613 14651 14624 14628 14626 14600 14546 14568 14576 14590
14607 14610 14659 14659 14655 14647 14637 14598 14600 14633 14638 14644 14632 14596 14622 14625 14618 14612 14595 14598 14594
14601 14635 14642 14651 14656 14737 14722 14705 14678 14666 14663 14645 14601 14623 14639 14642 14639 14660 14670 14643 14573
14631 14645 14666 14695 14720 14722 14757 14760 14730 14722 14714 14686 14647 14625 14643 14648 14657 14675 14659 14623 14598
14636 14754 14737 14743 14734 14736 14746 14706 14697 14714 14683 14621 14592 14611 14625 14606 14625 14658 14652 14613 14594
14720 14678 14693 14702 14706 14708 14690 14673 14662 14655 14642 14650 14674 14632 14615 14620 14682 14669 14614 14598 14574
14727 14689 14685 14692 14690 14670 14632 14616 14645 14636 14682 14679 14671 14667 14654 14673 14664 14603 14590 14558 14526
14697 14683 14687 14671 14655 14673 14606 14679 14681 14688 14697 14705 14667 14645 14640 14591 14585 14569 14566 14544 14504
14702 14708 14704 14691 14692 14666 14676 14693 14692 14701 14686 14664 14641 14592 14539 14546 14557 14522 14528 14518 14492
14714 14743 14727 14714 14673 14669 14714 14665 14668 14691 14678 14649 14608 14560 14556 14469 14488 14514 14510 14566 14459
14763 14754 14738 14727 14718 14716 14691 14669 14689 14689 14676 14665 14580 14508 14457 14480 14485 14550 14513 14484 14473
14736 14731 14723 14714 14716 14713 14652 14667 14647 14643 14661 14686 14598 14651 14506 14497 14505 14506 14496 14473 14462
