inst/extdata/modis/lst/modgrid/Lat43.00075Lon-78.78820Start2001-01-01End2013-12-31___MOD11A2/GRID_Lat43.00075Lon-78.78820Start2001-01-01End2013-12-31___MOD11A2_LST_Day_1km_A2007209.asc
ncols		 21
nrows		 21
xllcorner	 -6416881.12
yllcorner	 4772121.02
cellsize	 926.625433055834
NODATA_value	 0
15316 15335 15342 15296 15318 15361 15350 15278 15279 15245 15267 15272 15279 15282 15246 15212 15206 15238 15209 15151 15138
15214 15247 15159 15218 15223 15217 15170 15182 15151 15130 15196 15204 15254 15246 15219 15168 15175 15161 15145 15119 15148
14942 14975 14985 15022 15029 15052 15080 15065 15072 15080 15107 15219 15234 15232 15187 15167 15169 15153 15119 15136 15088
14916 14920 14956 14980 14982 14959 14953 15015 15093 15108 15226 15278 15283 15261 15230 15170 15134 15076 15079 15109 15131
15091 15105 15108 15065 15031 14974 14970 15046 15167 15219 15375 15271 15235 15207 15187 15186 15070 15037 15049 15112 15148
15217 15239 15195 15177 15084 15013 15008 15128 15235 15329 15275 15212 15188 15225 15234 15126 15056 15051 15119 15200 15185
15267 15271 15268 15218 15142 15087 15108 15232 15364 15305 15236 15209 15263 15315 15390 15141 15101 15187 15226 15267 15272
15224 15199 15191 15195 15150 15145 15252 15379 15391 15332 15295 15318 15361 15436 15316 15254 15242 15243 15277 15307 15234
15178 15176 15186 15200 15187 15270 15456 15403 15367 15346 15377 15409 15413 15342 15322 15331 15334 15352 15352 15350 15275
15169 15159 15189 15281 15365 15447 15456 15439 15443 15474 15479 15462 15444 15432 15385 15376 15371 15307 15332 15356 15365
15171 15245 15405 15470 15487 15495 15499 15509 15535 15531 15462 15447 15462 15426 15431 15362 15323 15321 15394 15437 15376
15360 15442 15484 15490 15514 15533 15549 15559 15568 15511 15481 15482 15429 15466 15410 15399 15419 15431 15479 15426 15370
15486 15509 15516 15533 15544 15554 15562 15566 15574 15542 15502 15449 15502 15488 15453 15414 15440 15450 15404 15291 15256
15537 15548 15554 15554 15566 15575 15481 15538 15520 15497 15469 15439 15435 15445 15417 15433 15443 15398 15346 15251 15235
15564 15557 15552 15561 15572 15467 15432 15410 15441 15429 15422 15400 15428 15447 15418 15443 15426 15379 15303 15289 15261
15580 15565 15560 15577 15462 15426 15463 15435 15428 15439 15422 15408 15451 15428 15441 15472 15453 15368 15304 15196 15144
15591 15575 15476 15464 15522 15474 15452 15487 15445 15443 15418 15418 15425 15438 15375 15356 15324 15303 15215 15196 15194
15449 15452 15547 15548 15499 15473 15465 15465 15468 15448 15434 15419 15396 15292 15261 15218 15251 15189 15197 15204 15177
15475 15484 15563 15519 15497 15438 15442 15480 15465 15482 15485 15414 15313 15278 15210 15200 15156 15135 15165 15205 15201
15484 15549 15556 15543 15494 15486 15501 15480 15489 15472 15360 15381 15375 15412 15298 15222 15133 15124 15199 15258 15249
15561 15565 15558 15543 15540 15546 15548 15490 15462 15369 15408 15410 15426 15311 15240 15141 15133 15130 15209 15230 15266
