inst/extdata/modis/lst/modgrid/Lat43.00075Lon-78.78820Start2001-01-01End2013-12-31___MOD11A2/GRID_Lat43.00075Lon-78.78820Start2001-01-01End2013-12-31___MOD11A2_LST_Day_1km_A2013201.asc
ncols		 21
nrows		 21
xllcorner	 -6416881.12
yllcorner	 4772121.02
cellsize	 926.625433055834
NODATA_value	 0
15146 15156 15140 15194 15218 15337 15294 15258 15184 15099 15105 15140 15134 15106 15073 15020 15016 15033 14996 14971 14951
15010 15056 15092 15116 15210 15201 15070 15089 15033 15032 15070 15098 15142 15157 15117 15060 15054 15021 14982 14975 14965
14880 14860 14840 15102 14815 14850 14921 14915 15017 15002 15063 15121 15164 15166 15150 15047 14998 14986 14975 14977 14987
14800 14768 14816 14838 14913 14932 14965 15028 15091 15113 15141 15174 15187 15221 15111 15032 15000 14961 14931 14941 14920
14892 14915 14931 14869 14928 14900 14850 14938 15143 15223 15226 15227 15232 15132 15073 15062 14969 14860 14795 14920 14836
14966 15077 15043 15015 14886 14897 14863 14997 15228 15111 15187 15086 15114 15154 15148 15030 14844 14797 14879 14988 15011
15076 15077 15095 15073 14896 14900 14982 15198 15253 15174 15092 14991 15172 15268 15022 14872 14830 15017 15049 15063 15042
15043 15038 15003 15002 15058 15088 15094 15262 15104 15145 15088 15043 15125 15295 15111 15010 15059 15051 15067 15049 15003
15003 15037 15068 15108 15143 15212 15159 15167 15255 15084 15211 15242 15222 15147 15129 15126 15089 15126 15135 15141 15147
15007 15054 15120 15099 15268 15349 15172 15291 15272 15281 15290 15252 15288 15201 15192 15183 15109 15058 15090 15121 15104
15061 15165 15141 15301 15372 15170 15173 15333 15374 15349 15308 15261 15252 15161 15156 15174 15092 15107 15169 15202 15175
15036 15240 15159 15202 15172 15194 15385 15431 15441 15401 15266 15265 15168 15175 15286 15305 15278 15244 15271 15281 15109
15183 15246 15411 15409 15382 15401 15483 15510 15449 15359 15311 15261 15273 15270 15283 15233 15230 15277 15316 15184 15082
15275 15288 15275 15390 15377 15444 15490 15432 15367 15312 15276 15240 15250 15308 15252 15230 15286 15279 15181 15120 15077
15278 15271 15413 15401 15395 15421 15364 15310 15284 15265 15237 15229 15283 15280 15269 15279 15135 15222 15162 15059 14958
15461 15450 15414 15418 15411 15349 15307 15275 15273 15277 15286 15270 15286 15317 15320 15326 15312 15229 15131 14964 14989
15464 15417 15429 15418 15358 15319 15297 15296 15290 15319 15287 15280 15259 15269 15265 15245 15173 15112 14955 15039 14934
15381 15389 15451 15426 15363 15342 15336 15337 15361 15259 15210 15183 15061 15068 15071 15011 15046 15062 14963 14946 14908
15392 15470 15459 15364 15351 15350 15354 15258 15298 15296 15273 15134 15086 15055 14988 14889 14872 14901 14932 14904 15002
15469 15472 15384 15339 15359 15372 15385 15282 15302 15268 15190 15170 15147 15097 15113 14969 14931 14948 15028 15062 15035
15466 15438 15380 15380 15387 15417 15449 15463 15382 15212 15198 15177 15157 15178 15095 15073 15069 15053 15029 14999 14987
