inst/extdata/modis/lst/modgrid/Lat43.00075Lon-78.78820Start2001-01-01End2013-12-31___MOD11A2/GRID_Lat43.00075Lon-78.78820Start2001-01-01End2013-12-31___MOD11A2_LST_Day_1km_A2011185.asc
ncols		 21
nrows		 21
xllcorner	 -6416881.12
yllcorner	 4772121.02
cellsize	 926.625433055834
NODATA_value	 0
15507 15505 15517 15482 15474 15458 15376 15424 15356 15336 15349 15375 15340 15327 15238 15117 15131 15263 15224 15193 15102
15164 15214 15207 15323 15376 15298 15254 15218 15227 15219 15243 15303 15333 15303 15271 15225 15242 15204 15129 15108 15064
14927 14922 14933 14939 15000 15029 15082 15122 15186 15187 15222 15279 15275 15260 15275 15245 15206 15115 15100 15064 15070
14856 14947 14975 14927 14978 14951 14969 15048 15131 15238 15256 15308 15354 15341 15237 15196 15120 15064 15046 15071 15179
15077 15100 15150 15106 15034 14997 14936 14992 15308 15361 15370 15351 15317 15218 15192 15169 15096 15008 15033 15087 15152
15135 15164 15192 15143 15094 15026 14968 15133 15328 15367 15352 15177 15183 15224 15261 15187 15033 15037 15100 15203 15245
15163 15242 15235 15070 15020 15031 15111 15271 15393 15363 15184 15211 15282 15384 15264 15123 15097 15170 15233 15264 15253
15102 15109 15062 15093 15127 15127 15276 15408 15350 15256 15199 15260 15389 15394 15234 15183 15201 15209 15293 15292 15226
15091 15108 15178 15188 15205 15284 15435 15392 15333 15271 15301 15340 15336 15323 15316 15268 15259 15309 15280 15249 15278
15097 15142 15177 15268 15327 15406 15442 15404 15399 15417 15388 15367 15356 15347 15366 15398 15272 15224 15263 15292 15348
15109 15250 15337 15387 15419 15465 15424 15452 15515 15506 15424 15388 15334 15276 15286 15320 15297 15317 15337 15404 15372
15218 15314 15368 15435 15451 15477 15487 15569 15568 15498 15444 15413 15349 15330 15378 15402 15327 15334 15407 15408 15290
15375 15359 15443 15455 15490 15522 15594 15644 15573 15487 15464 15393 15389 15411 15408 15395 15323 15420 15422 15330 15231
15433 15429 15454 15461 15486 15561 15618 15577 15502 15455 15416 15399 15422 15434 15394 15304 15348 15434 15358 15277 15218
15476 15468 15457 15464 15494 15528 15492 15447 15415 15413 15392 15357 15427 15420 15345 15377 15486 15381 15326 15282 15235
15530 15521 15473 15475 15510 15456 15429 15422 15426 15453 15418 15410 15410 15387 15386 15494 15425 15366 15276 15193 15124
15539 15507 15502 15504 15468 15444 15456 15452 15444 15406 15383 15407 15422 15366 15434 15376 15343 15285 15253 15178 15190
15521 15548 15564 15544 15499 15501 15492 15456 15437 15430 15412 15366 15303 15293 15252 15205 15154 15172 15176 15202 15200
15538 15559 15547 15504 15451 15468 15448 15468 15518 15512 15465 15382 15329 15294 15201 15129 15096 15116 15169 15170 15161
15511 15473 15428 15363 15410 15448 15478 15501 15537 15494 15417 15398 15380 15309 15216 15181 15144 15152 15196 15200 15169
15477 15449 15412 15424 15463 15502 15511 15524 15483 15453 15472 15461 15345 15261 15213 15186 15168 15178 15170 15155 15149
