inst/extdata/modis/lst/modgrid/Lat43.00075Lon-78.78820Start2001-01-01End2013-12-31___MOD11A2/GRID_Lat43.00075Lon-78.78820Start2001-01-01End2013-12-31___MOD11A2_LST_Day_1km_A2004161.asc
ncols		 21
nrows		 21
xllcorner	 -6416881.12
yllcorner	 4772121.02
cellsize	 926.625433055834
NODATA_value	 0
15113 15126 15147 15141 15130 15103 15013 14945 14907 14845 14866 14904 14908 14894 14846 14789 14799 14810 14800 14774 14809
14898 14996 14870 14818 14827 14844 14782 14782 14768 14809 14897 14921 14943 14928 14869 14841 14809 14785 14757 14746 14722
14557 14632 14658 14693 14626 14634 14667 14698 14741 14796 14809 14892 14903 14900 14880 14828 14814 14771 14739 14709 14853
14590 14639 14613 14606 14734 14574 14591 14652 14742 14865 14929 14932 14926 14909 14867 14810 14765 14714 14690 14849 14864
14716 14704 14746 14758 14632 14711 14558 14615 14930 15003 15164 15135 15104 15072 14998 14969 14863 14770 14796 14869 14909
14832 14881 14841 14791 14665 14659 14610 14715 14838 15052 15034 14953 14948 14977 15051 14963 14803 14780 14898 14951 14985
14926 14926 14834 14782 14685 14671 14710 14810 15073 14987 14874 14864 14891 14929 15063 14936 14900 14976 15007 15043 15035
14771 14780 14755 14751 14755 14754 14855 15078 14971 14899 14849 14893 14924 15141 15059 14979 15027 15043 15098 15096 15039
14736 14755 14787 14770 14764 14860 15048 14911 14893 14886 14968 14974 14949 14947 14962 14979 14967 14893 14885 14875 14974
14724 14712 14835 14860 14916 15081 14969 14978 14989 15042 15070 15013 15013 15023 15032 15001 14878 14835 14866 14981 14988
14756 14855 14955 15023 15102 15091 15048 15055 15092 15103 15045 15063 15043 15022 14919 14915 14887 14900 15156 15210 15158
14923 14980 15021 15034 15041 15098 15131 15181 15243 15159 15118 15076 15031 14951 15087 15087 15096 15090 15136 15131 15030
15071 15119 15125 15116 15141 15173 15213 15287 15217 15144 15091 15059 15074 15097 15099 15081 15069 15145 15162 15055 14939
15138 15152 15135 15145 15164 15206 15258 15210 15115 15083 15056 15025 15053 15099 15061 15030 15110 15140 15035 14983 14958
15153 15126 15118 15121 15140 15190 15070 15063 15047 15034 15012 15019 15059 15050 15004 15075 15158 15048 14971 14950 14886
15146 15126 15119 15130 15086 15061 15031 15053 15046 15046 15028 15009 15027 15064 15097 15158 15072 14990 14934 14852 14816
15424 15216 15410 15205 15171 15128 15125 15136 15154 15002 14980 14996 15050 15164 15013 14964 14950 14917 14869 14859 14869
15401 15212 15239 15240 15198 15168 15057 15054 15020 15016 15043 15088 15065 15064 15026 15020 14785 14827 14856 14858 14856
15125 15155 15169 15081 15156 15060 15060 15075 15023 15097 15168 15109 15085 14918 14868 14788 14768 14808 14845 14858 14853
15206 15156 15101 15051 15078 15091 15139 15140 15264 15214 15126 15140 15012 14968 14891 14838 14831 14869 14899 14901 14879
15170 15137 15086 15088 15098 15160 15175 15193 15120 15069 15077 15085 15046 14968 14880 14884 14872 14869 14866 14868 14876
