inst/extdata/modis/lst/modgrid/Lat43.00075Lon-78.78820Start2001-01-01End2013-12-31___MOD11A2/GRID_Lat43.00075Lon-78.78820Start2001-01-01End2013-12-31___MOD11A2_LST_Day_1km_A2011337.asc
ncols		 21
nrows		 21
xllcorner	 -6416881.12
yllcorner	 4772121.02
cellsize	 926.625433055834
NODATA_value	 0
13777 13776 13775 13777 13726 13726 13614 13606 13807 13814 13598 13601 13834 13833 13826 13816 13814 13805 13584 13586 13585
13818 13813 13796 13754 13749 13736 13728 13715 13819 13818 13827 13838 13838 13828 13821 13817 13583 13586 13588 13587 13592
13835 13817 13788 13787 13784 13771 13749 13731 13730 13724 13836 13836 13842 13841 13832 13590 13588 13600 13603 13603 13605
13780 13779 13782 13776 13751 13733 13740 13739 13733 13847 13629 13634 13635 13631 13597 13597 13601 13600 13600 13598 13599
13656 13658 13644 13652 13673 13909 13709 13714 13711 13710 13682 13679 13630 13615 13608 13609 13607 13606 13599 13599 13597
13637 13635 13631 13642 13651 13659 13700 13709 13710 13682 13677 13633 13624 13623 13621 13616 13611 13810 13808 13599 13627
13619 13611 13610 13610 13616 13673 13699 13700 13682 13673 13646 13634 13632 13627 13625 13835 13836 13832 13825 13817 13815
13603 13605 13605 13611 13669 13694 13694 13684 13682 13646 13642 13640 13638 13850 13847 13852 13852 13854 13843 13839 13849
13622 13629 13632 13678 13691 13688 13679 13675 13651 13650 13649 13650 13653 13871 13860 13860 13868 13864 13859 13851 13851
13655 13656 13676 13684 13681 13670 13667 13647 13649 13649 13652 13654 13653 13653 13655 13866 13866 13862 13850 13847 13842
13664 13670 13675 13672 13665 13662 13849 13642 13645 13647 13648 13645 13649 13647 13652 13655 13657 13861 13859 13849 13630
13654 13637 13639 13633 13630 13635 13641 13651 13645 13642 13639 13639 13637 13650 13652 13657 13658 13659 13657 13638 13635
13627 13634 13636 13633 13645 13650 13665 13660 13654 13649 13647 13645 13651 13653 13659 13657 13657 13653 13647 13643 13623
13642 13654 13654 13659 13658 13673 13678 13676 13664 13654 13654 13658 13658 13660 13653 13653 13646 13645 13644 13633 13632
13659 13658 13666 13671 13693 13689 13681 13668 13876 13654 13653 13656 13653 13643 13645 13646 13645 13642 13631 13631 13638
13665 13679 13696 13702 13692 13691 13666 13656 13656 13655 13655 13650 13639 13639 13645 13647 13642 13629 13638 13624 13618
13680 13911 13727 13706 13693 13660 13656 13656 13658 13657 13650 13644 13646 13638 13636 13634 13635 13644 13635 13626 13592
13903 13905 13905 13683 13674 13668 13664 13661 13662 13658 13649 13645 13640 13640 13637 13645 13651 13640 13628 13597 13584
13903 13904 13683 13680 13679 13674 13667 13666 13664 13450 13656 13646 13646 13640 13624 13823 13646 13609 13590 13583 13577
13900 13900 13904 13683 13694 13675 13670 13667 13658 13652 13653 13652 13642 13629 13628 13616 13591 13586 13581 13572 13573
13897 13888 13889 13719 13713 13702 13681 13651 13651 13652 13650 13633 13624 13624 13599 13597 13593 13588 13573 13571 13572
