inst/extdata/modis/lst/modgrid/Lat43.00075Lon-78.78820Start2001-01-01End2013-12-31___MOD11A2/GRID_Lat43.00075Lon-78.78820Start2001-01-01End2013-12-31___MOD11A2_LST_Day_1km_A2007145.asc
ncols		 21
nrows		 21
xllcorner	 -6416881.12
yllcorner	 4772121.02
cellsize	 926.625433055834
NODATA_value	 0
15148 15226 15243 15227 15264 15257 15237 15192 15113 15150 15151 15167 15119 15104 15074 15022 15022 15137 15132 15108 14962
14875 14953 14993 14931 15121 15041 14990 14971 15002 15004 15102 15117 15136 15120 15112 15180 15156 15113 15085 15047 15034
14736 14765 14702 14736 14697 14768 14836 14914 14959 14992 15089 15131 15091 15110 15124 15089 15046 15017 14978 15004 15009
14582 14572 14572 14620 14654 14660 14703 14815 14954 15032 15069 15104 15118 15123 15089 15039 15006 14959 14975 14992 15017
14841 14830 14889 14769 14718 14762 14651 14798 14963 15092 15202 15192 15163 15057 15029 15003 14935 14902 14912 14949 14999
14993 14994 14961 14924 14804 14750 14748 14870 15067 15214 15151 15100 15018 15037 15059 14995 14923 14905 14951 15002 15082
15034 15045 15066 15018 14925 14874 14902 15135 15221 15168 15106 15078 15127 15180 15154 15041 14938 14991 15021 15080 15077
14978 14987 15008 14999 14968 14939 15052 15201 15215 15168 15102 15117 15179 15197 15115 15072 15094 15107 15119 15105 15088
14961 14987 15002 14989 14983 15069 15210 15221 15183 15102 15098 15167 15165 15151 15150 15157 15151 15146 15206 15202 15130
14878 14898 14967 15038 15173 15237 15221 15264 15202 15210 15215 15201 15168 15223 15233 15202 15174 15208 15213 15227 15237
14910 14988 15121 15240 15273 15199 15247 15264 15272 15267 15248 15201 15167 15203 15284 15297 15254 15262 15271 15283 15273
15028 15133 15212 15279 15276 15230 15301 15254 15310 15280 15267 15306 15268 15349 15297 15301 15306 15293 15340 15321 15231
15162 15339 15341 15346 15373 15400 15325 15354 15306 15310 15333 15297 15385 15401 15406 15379 15357 15373 15362 15213 15159
15309 15319 15369 15384 15394 15407 15319 15292 15302 15339 15306 15272 15217 15295 15372 15353 15381 15394 15271 15194 15210
15280 15388 15384 15385 15392 15315 15287 15261 15255 15248 15213 15199 15283 15285 15284 15295 15402 15296 15234 15227 15081
15407 15393 15384 15385 15376 15279 15244 15239 15238 15238 15232 15292 15310 15322 15320 15333 15243 15282 15133 15065 15041
15384 15389 15389 15381 15344 15242 15242 15244 15247 15252 15304 15301 15312 15292 15277 15199 15185 15147 15110 15085 15089
15389 15400 15334 15374 15344 15335 15330 15333 15348 15357 15334 15310 15259 15223 15141 15115 15080 15070 15088 15120 15113
15401 15345 15335 15371 15355 15344 15340 15351 15371 15379 15348 15289 15245 15139 15093 15040 15019 15034 15075 15066 15039
15338 15339 15380 15356 15357 15362 15372 15379 15392 15360 15313 15295 15235 15176 15097 15062 15036 15051 15064 15060 15042
15412 15400 15368 15359 15363 15390 15390 15368 15336 15344 15339 15293 15250 15167 15119 15104 15090 15052 15048 15042 15028
