inst/extdata/modis/lst/modgrid/Lat43.00075Lon-78.78820Start2001-01-01End2013-12-31___MOD11A2/GRID_Lat43.00075Lon-78.78820Start2001-01-01End2013-12-31___MOD11A2_LST_Day_1km_A2008081.asc
ncols		 21
nrows		 21
xllcorner	 -6416881.12
yllcorner	 4772121.02
cellsize	 926.625433055834
NODATA_value	 0
13858 0 14167 14167 0 0 13758 13758 13830 13822 13739 13724 13756 13820 13782 13751 13745 13761 13754 13749 13745
13749 13790 13802 13783 13732 13755 13756 13816 13791 13710 13768 13783 13853 13814 13789 13773 13775 13748 13737 13742 13747
13673 13744 13746 13736 13651 13652 13671 13687 13783 13798 13763 13834 13683 13797 13794 13785 13742 13720 13751 13771 13747
13657 13666 13632 13647 13702 13660 13671 13745 13800 13783 13840 13843 13706 13708 13680 13749 13748 13766 13784 13657 13580
13709 13733 13680 13652 13666 13716 13745 13884 13877 13952 13683 0 0 13812 13683 13760 13765 13682 13645 13629 13579
13783 13807 13781 13732 13739 13755 13775 13876 14115 14178 14124 13726 13741 13811 13962 13707 13659 13640 13637 13650 13652
13774 13875 13788 13769 13757 13763 13857 14039 14184 14185 13850 13734 13800 13957 13966 13659 13637 13647 13648 0 13742
13782 13781 13774 13763 13687 13959 13981 14212 14181 13891 13723 13884 13979 14128 14165 13894 13647 13647 0 13731 13741
13791 13819 13702 13846 13966 13985 14204 14241 13963 13927 13928 14138 14126 14171 14146 0 0 0 13747 13744 13739
13720 13886 13970 13989 14032 14197 14171 14086 14081 14147 14111 14087 14218 14236 14245 0 0 13747 13747 13742 13893
13929 13990 14097 14099 14188 14181 14086 14095 14321 14135 14106 14232 14238 14162 14182 14271 13740 13747 13754 14203 13969
14073 14104 14212 14205 14192 14329 14157 14371 14367 14319 14269 14258 13991 14015 14272 14271 14260 14219 14265 14006 13957
14204 14228 14237 14338 14356 14384 14398 14404 14376 14319 14298 14010 14037 14284 14265 14248 14214 14284 14273 13973 13838
14245 14245 14244 14251 14263 14397 14415 14376 14342 14329 14256 14007 14026 14275 14258 14215 14275 14243 13971 13859 13854
14261 14252 14257 14256 14362 14373 14353 14337 14330 14314 14031 14016 14261 14279 14215 14218 14249 13952 13920 14135 13700
14263 14257 14373 14379 14374 14309 14311 14305 14294 14280 14248 14233 14230 14220 14218 14257 14196 13956 13632 13625 13623
14256 14348 14343 14346 14294 14290 14281 14278 14278 14272 14226 14224 14196 14172 14209 14169 13957 13714 13658 13617 13570
14338 14332 14340 14326 14305 14294 14281 14273 14267 14242 14193 14168 14142 14128 13934 13884 13860 13642 13628 13580 13568
14317 14330 14324 14293 14278 14275 14274 14263 14258 14235 14192 14157 13957 13954 13881 13849 13629 13629 13630 13564 13661
14322 14320 14272 14054 14056 14255 14259 14265 14262 14236 14188 14209 13996 13959 13654 13645 14009 13803 13598 13600 13601
14309 14299 14067 14053 14238 14264 14270 14269 14249 14209 14228 14226 14200 14142 14063 14009 14009 13599 13592 13587 13586
