inst/extdata/modis/lst/modgrid/Lat43.00075Lon-78.78820Start2001-01-01End2013-12-31___MOD11A2/GRID_Lat43.00075Lon-78.78820Start2001-01-01End2013-12-31___MOD11A2_LST_Day_1km_A2008177.asc
ncols		 21
nrows		 21
xllcorner	 -6416881.12
yllcorner	 4772121.02
cellsize	 926.625433055834
NODATA_value	 0
15306 15309 15307 15312 15309 15280 15247 15228 15222 15143 15133 15134 15115 15101 15064 15000 15016 15029 15008 14984 14965
15085 15164 15155 15164 15159 15143 15124 15088 15052 15058 15099 15115 15142 15155 15108 15069 15052 15016 14987 14992 14978
14844 14895 14935 14956 14955 14941 14955 14975 14988 15025 15070 15085 15122 15145 15141 15092 15030 14999 14987 14980 14986
14825 14854 14860 14802 14891 14881 14887 14843 14924 15121 15134 15170 15206 15192 15133 15042 15004 14978 14896 14917 14941
14948 14970 14900 14862 14848 14873 14776 14865 15040 15229 15230 15220 15183 15155 15080 15072 14936 14892 14899 14939 14950
15060 15075 14926 14911 14956 14821 14807 14932 15216 15246 15191 15098 15079 15124 15107 15009 14917 14902 14936 14979 15005
15079 15081 15058 15004 14972 14883 14903 15186 15267 15214 15104 15106 15114 15157 15132 15015 14972 15004 15026 15021 15110
15036 15039 15010 14980 15010 15037 15143 15265 15245 15165 15125 15114 15153 15164 15087 15017 15036 15105 15157 15146 15104
15005 15024 15061 15060 15077 15166 15263 15237 15196 15153 15219 15237 15211 15183 15176 15192 15191 15213 15177 15179 15177
15005 15002 15065 15165 15241 15293 15282 15260 15239 15281 15269 15233 15219 15236 15253 15243 15155 15087 15109 15181 15183
15003 15108 15203 15261 15296 15298 15283 15284 15331 15325 15279 15261 15229 15213 15236 15176 15130 15136 15228 15236 15146
15134 15205 15239 15261 15286 15310 15332 15369 15410 15305 15272 15244 15215 15246 15304 15300 15235 15218 15250 15203 15090
15240 15278 15309 15340 15349 15367 15400 15456 15376 15305 15273 15250 15285 15323 15304 15214 15196 15271 15310 15108 15060
15334 15385 15389 15384 15387 15402 15435 15390 15324 15298 15268 15248 15277 15305 15204 15176 15248 15311 15135 15111 15098
15415 15411 15396 15383 15382 15393 15373 15326 15314 15295 15246 15223 15262 15264 15195 15245 15299 15193 15144 15108 15022
15449 15432 15418 15407 15392 15352 15319 15319 15311 15308 15298 15280 15275 15224 15241 15268 15223 15153 15108 14980 14967
15445 15416 15399 15391 15361 15323 15323 15320 15289 15301 15193 15181 15182 15177 15182 15136 15094 15059 15054 14961 14974
15426 15410 15412 15405 15359 15344 15339 15301 15207 15199 15163 15127 15123 15114 15077 15088 15045 15040 14979 14995 15042
15415 15419 15421 15360 15313 15325 15304 15309 15207 15203 15184 15226 15196 15140 15073 14921 14899 14913 15014 15013 15010
15415 15409 15337 15276 15301 15312 15319 15326 15332 15304 15255 15247 15223 15169 14999 14958 14934 15011 15030 15038 15026
15418 15379 15322 15306 15311 15345 15345 15346 15318 15290 15294 15286 15255 15066 14991 15051 15033 15026 15002 14994 14990
