inst/extdata/modis/lst/modgrid/Lat43.00075Lon-78.78820Start2001-01-01End2013-12-31___MOD11A2/GRID_Lat43.00075Lon-78.78820Start2001-01-01End2013-12-31___MOD11A2_LST_Day_1km_A2009177.asc
ncols		 21
nrows		 21
xllcorner	 -6416881.12
yllcorner	 4772121.02
cellsize	 926.625433055834
NODATA_value	 0
14987 14981 14966 14984 15005 14954 14929 14868 14902 14902 14899 14877 14968 14968 15003 14735 14877 14839 14804 14783 14780
14778 14783 14801 14831 14868 14859 14843 14785 14773 14712 14852 14959 14960 14995 14937 14923 14847 14851 14837 14832 14798
14595 14645 14636 0 14722 14781 14730 14727 14710 14816 14822 14823 14828 14937 14938 14875 14900 14864 14847 14834 14855
14624 14626 14629 14648 14695 14698 14614 14583 14813 14815 14815 14824 14855 14897 14964 14890 14858 14840 14830 14854 14860
14648 14643 14658 14736 14733 14730 14563 14592 14727 14826 15019 15032 14967 14974 14938 14887 14835 14817 14830 14855 14860
14644 14660 14764 14761 14725 14734 14617 14698 14846 15010 15004 14967 14966 14994 14961 14887 14842 14833 14886 14910 14908
14783 14802 14720 14731 14766 14831 14755 14913 15015 14998 14950 14951 14995 14997 14937 14899 14890 14935 14943 14942 14920
14745 14694 14739 14744 14746 14775 14832 14903 14934 14900 14921 14978 15001 14913 14975 14947 14970 14971 14973 14957 14894
14741 14769 14790 14772 14771 14878 14923 14973 14925 14955 14977 14990 14972 14947 14976 15013 15007 15005 14957 14939 14938
14766 14784 14903 14902 14901 14956 15017 15084 15087 15096 15035 15015 14983 14969 15032 15015 14990 14916 14920 14937 14940
14769 14795 14928 14927 14980 15074 15060 15090 15099 15059 15040 15020 15002 14987 15013 14991 14931 14926 15057 15066 15041
14814 14938 14936 15014 15051 15079 15102 15105 15055 15053 15066 15026 15009 15024 15026 15111 15104 15109 15125 15110 15019
14995 14992 15053 15045 15083 15074 15077 15057 15057 15099 15083 15086 15108 15007 14994 14988 15113 15148 15124 15037 14941
15037 15037 15047 15112 15113 15150 15150 0 15053 15047 15072 15080 15098 15118 15103 15093 15129 15102 14969 14910 14898
15036 15198 15121 15114 15152 15150 15140 15047 15034 15070 15060 15082 15104 15046 15036 15064 15096 14950 14900 14875 14847
15203 15198 15185 15122 15115 15112 15110 15072 15062 15078 15053 15054 15041 15042 15047 15079 14935 14910 14875 14835 14820
15211 15165 15146 15138 15137 15137 15083 15065 15078 15080 15054 15045 15033 14963 14940 14943 14880 14865 14831 14779 14771
15219 15165 15165 15163 15161 15125 15066 15079 15095 15081 14998 14987 14934 14909 14914 14857 14848 14808 14788 14783 14864
15138 15209 15190 15087 15048 15043 15051 15052 15074 15016 14982 15052 14922 14912 14883 14876 14843 14835 14830 14848 14849
15148 15151 15115 15052 15055 15062 15094 15090 15105 15100 15073 14937 15011 14934 14894 14861 14827 14837 14852 14823 14824
15152 15116 15094 15065 15068 15061 15040 15108 15100 14961 14933 15040 15040 15044 14913 14857 14856 14837 14821 14810 14811
