inst/extdata/modis/lst/modgrid/Lat43.00075Lon-78.78820Start2001-01-01End2013-12-31___MOD11A2/GRID_Lat43.00075Lon-78.78820Start2001-01-01End2013-12-31___MOD11A2_LST_Day_1km_A2006353.asc
ncols		 21
nrows		 21
xllcorner	 -6416881.12
yllcorner	 4772121.02
cellsize	 926.625433055834
NODATA_value	 0
13959 13973 13975 13969 13991 13993 13964 13961 13965 13958 13952 13969 13978 13982 13979 13961 13952 13953 13955 13952 13955
13912 13926 13925 13938 13950 13955 13958 13956 13947 13946 13975 13979 13986 13979 13967 13957 13951 13957 13956 13958 13962
13896 13904 13920 13921 13931 13936 13943 13941 13939 13952 13959 13968 13973 13973 13964 13955 13950 13954 13954 13954 13956
13890 13909 13912 13907 13912 13928 13936 13933 13963 13974 13970 13979 13987 13972 13953 13946 13947 13948 13945 13945 13947
13918 13922 13926 13923 13931 13937 13949 13982 13983 13989 13997 13997 13968 13955 13964 13965 13951 13936 13936 13941 13939
13942 13941 13943 13939 13932 13937 13965 13975 13984 13992 13990 13967 13968 13979 13980 13973 13960 13949 13954 13956 13947
13953 13959 13958 13953 13955 13971 13982 13994 14000 13997 13976 13977 13984 13980 13982 13971 13964 13965 13966 13958 13959
13958 13958 13969 13969 13980 13990 13996 14003 14008 13995 13997 13989 13979 13966 13965 13976 13979 13973 13963 13963 13959
13957 13971 13986 13995 13994 13987 13986 13990 13994 13995 13991 13982 13969 13964 13986 13991 13993 13993 13982 13967 13963
13989 13991 13992 13990 13986 13986 13983 13986 13988 13998 13999 14000 13994 13977 13988 13990 13981 13973 13965 13949 13942
13971 13977 13978 13978 13980 13970 13977 13987 13985 13977 13979 13958 13959 13977 13983 13983 13978 13970 13954 13947 13936
13961 13958 13960 13969 13971 13968 13973 13984 13979 13950 13942 13945 13966 13973 13978 13978 13982 13977 13968 13957 13936
13962 13962 13966 13971 13969 13973 13979 13984 13951 13950 13951 13970 13976 13978 13975 13976 13967 13966 13962 13952 13935
13961 13970 13971 13969 13965 13964 13967 13971 13981 13981 13983 13983 13983 13979 13975 13965 13961 13965 13969 13963 13945
13969 13970 13973 13972 13968 13965 13966 13973 13979 13974 13973 13977 13972 13962 13953 13955 13961 13969 13955 13948 13891
13965 13970 13968 13964 13964 13961 13958 13968 13957 13950 13953 13946 13943 13946 13942 13942 13952 13941 13916 13881 13882
13968 13967 13962 13959 13953 13947 13945 13936 13936 13942 13925 13920 13928 13930 13937 13937 13903 13888 13896 13896 13879
13962 13959 13960 13958 13954 13940 13939 13936 13933 13918 13913 13921 13921 13926 13926 13909 13897 13894 13886 13883 13870
13967 13967 13969 13969 13977 13965 13951 13940 13931 13915 13931 13936 13934 13935 13926 13909 13902 13890 13888 13872 13886
14008 14004 13988 13982 13977 13978 13983 13966 13946 13943 13960 13953 13949 13936 13912 13902 13901 13900 13898 13897 13898
14010 14016 14010 14000 13994 13995 13992 13998 13997 13992 13971 13962 13950 13936 13904 13898 13892 13895 13901 13903 13899
