inst/extdata/modis/lst/modgrid/Lat43.00075Lon-78.78820Start2001-01-01End2013-12-31___MOD11A2/GRID_Lat43.00075Lon-78.78820Start2001-01-01End2013-12-31___MOD11A2_LST_Day_1km_A2001337.asc
ncols		 21
nrows		 21
xllcorner	 -6416881.12
yllcorner	 4772121.02
cellsize	 926.625433055834
NODATA_value	 0
13980 13995 13997 13996 13988 13947 13985 13982 14038 14044 14045 14060 14086 14096 14105 14099 14093 14094 14010 14096 14011
13980 13994 13991 13986 13946 13984 13979 13958 13958 14045 14057 14086 14100 14111 14103 14080 14079 14072 14037 14041 14112
14004 13993 13988 13987 13953 13997 13934 13920 13976 14025 14071 14097 14107 14109 14090 14002 14070 14022 14070 14076 14138
13992 13978 14018 14020 14064 13995 14077 13985 13996 14062 14058 14120 14123 14110 14085 14075 14058 14065 14072 14082 14086
13964 14010 14013 14058 13989 14073 13988 14021 14048 14088 14122 14102 14125 14136 14092 14118 14122 14087 14083 14085 14080
14091 14089 14092 14034 14032 14054 14004 14010 14078 14024 14018 14115 14147 14113 14115 14125 14107 14131 14132 14135 14109
14047 14046 14034 13979 13984 14003 13964 14076 14008 14054 14107 14148 14117 14120 14129 14124 14149 14150 14147 14119 14121
14051 14042 13985 14010 14025 14062 14064 14038 14083 14116 14117 14116 14116 14115 14114 14119 14121 14140 14136 14144 14141
14027 14038 14051 14067 14106 14106 14038 14092 14091 14093 14130 14129 14123 14119 14123 14122 14143 14144 14156 14149 14145
14054 14062 14070 14071 14093 14091 14085 14087 14094 14135 14138 14138 14132 14138 14141 14153 14155 14160 14154 14136 14128
14048 14090 14065 14083 14085 14078 14083 14094 14137 14135 14131 14125 14132 14134 14140 14159 14160 14158 14152 14149 14131
14127 14128 14126 14077 14129 14133 14142 14147 14145 14135 14124 14119 14115 14128 14151 14165 14163 14161 14163 14149 14143
14123 14129 14130 14139 14138 14143 14145 14146 14157 14150 14146 14122 14150 14155 14181 14183 14185 14166 14164 14153 14138
14128 14131 14145 14143 14143 14146 14145 14140 14138 14133 14102 14140 14141 14155 14159 14162 14163 14158 14152 14146 14140
14143 14156 14151 14143 14144 14143 14114 14113 14107 14102 14132 14137 14147 14152 14157 14157 14156 14153 14145 14136 14113
14170 14165 14154 14150 14145 14113 14114 14112 14105 14123 14133 14141 14138 14152 14158 14159 14155 14134 14121 14111 14106
14170 14165 14162 14151 14139 14137 14139 14131 14136 14149 14160 14159 14164 14161 14173 14169 14136 14104 14114 14117 14103
14164 14164 14162 14154 14148 14145 14139 14134 14121 14118 14156 14156 14141 14146 14152 14143 14120 14123 14122 14118 14110
14163 14170 14168 14151 14144 14137 14135 14120 14115 14103 14104 14109 14165 14163 14142 14135 14132 14133 14128 14117 14116
14174 14174 14162 14155 14142 14136 14126 14118 14119 14126 14181 14182 14176 14151 14140 14137 14129 14126 14121 14123 14131
14181 14171 14161 14144 14142 14139 14138 14139 14141 14189 14187 14185 14174 14151 14136 14129 14123 14127 14130 14133 14134
