inst/extdata/modis/lst/modgrid/Lat43.00075Lon-78.78820Start2001-01-01End2013-12-31___MOD11A2/GRID_Lat43.00075Lon-78.78820Start2001-01-01End2013-12-31___MOD11A2_LST_Day_1km_A2010113.asc
ncols		 21
nrows		 21
xllcorner	 -6416881.12
yllcorner	 4772121.02
cellsize	 926.625433055834
NODATA_value	 0
14787 14794 14798 14793 14808 14805 14780 14749 14743 14721 14714 14728 14729 14720 14694 14646 14648 14665 14660 14648 14639
14590 14677 14700 14684 14670 14673 14663 14686 14677 14658 14692 14707 14717 14715 14703 14679 14665 14655 14635 14624 14622
14261 14302 14361 14391 14435 14457 14507 14570 14606 14632 14655 14670 14706 14714 14698 14673 14642 14612 14605 14602 14610
14332 14354 14334 14357 14344 14329 14366 14441 14608 14675 14695 14728 14737 14730 14703 14649 14600 14582 14576 14580 14710
14538 14545 14557 14519 14488 14496 14417 14471 14624 14721 14766 14771 14743 14713 14665 14623 14601 14562 14566 14710 14598
14642 14661 14650 14627 14564 14489 14412 14514 14694 14764 14749 14698 14692 14697 14802 14647 14564 14545 14607 14628 14641
14666 14668 14667 14648 14599 14551 14534 14641 14778 14761 14711 14697 14730 14752 14751 14677 14615 14642 14643 14649 14763
14658 14654 14646 14632 14612 14549 14627 14743 14767 14734 14716 14725 14749 14769 14712 14668 14672 14669 14794 14666 14761
14637 14644 14650 14636 14602 14665 14749 14763 14742 14734 14747 14751 14747 14740 14741 14850 14834 14825 14823 14822 14816
14599 14600 14618 14671 14741 14804 14805 14787 14785 14790 14906 14887 14876 14756 14885 14878 14830 14789 14796 14822 14823
14589 14612 14765 14792 14822 14808 14807 14818 14946 14935 14911 14878 14841 14835 14860 14863 14851 14840 14847 14852 14827
14817 14859 14883 14910 14919 14930 14945 14972 14981 14938 14889 14854 14838 14862 14886 14895 14890 14881 14888 14885 14819
14872 14907 14921 14934 14942 14960 14989 15008 14970 14919 14879 14857 14868 14884 14888 14882 14879 14907 14907 14814 14765
14934 14957 14961 14951 14958 14969 14983 14958 14924 14900 14875 14842 14857 14884 14868 14854 14896 14906 14817 14791 14766
14977 14974 14954 14945 14952 14956 14925 14901 14884 14864 14853 14843 14866 14853 14846 14880 14893 14849 14820 14779 14727
14988 14967 14953 14948 14944 14901 14891 14888 14885 14877 14869 14863 14853 14857 14881 14888 14872 14821 14756 14714 14567
14886 14863 14866 14864 14833 14822 14818 14889 14878 14873 14852 14851 14848 14848 14848 14830 14784 14708 14718 14725 14716
14856 14876 14876 14863 14843 14826 14898 14884 14883 14875 14840 14831 14819 14805 14779 14728 14683 14712 14731 14732 14710
14879 14887 14884 14845 14802 14798 14798 14798 14796 14856 14856 14840 14820 14788 14717 14668 14671 14692 14712 14702 14695
14887 14886 14842 14796 14795 14806 14811 14807 14907 14895 14874 14867 14849 14792 14743 14702 14693 14693 14708 14718 14712
14896 14861 14819 14804 14819 14835 14824 14826 14819 14806 14798 14885 14845 14790 14733 14713 14696 14570 14572 14581 14579
