inst/extdata/modis/lst/modgrid/Lat43.00075Lon-78.78820Start2001-01-01End2013-12-31___MOD11A2/GRID_Lat43.00075Lon-78.78820Start2001-01-01End2013-12-31___MOD11A2_LST_Day_1km_A2006305.asc
ncols		 21
nrows		 21
xllcorner	 -6416881.12
yllcorner	 4772121.02
cellsize	 926.625433055834
NODATA_value	 0
14033 14082 14062 14064 14088 14074 14059 14047 14049 14052 14073 14080 14084 14077 14077 14067 14043 14050 14048 14065 14045
14013 14035 14035 14038 14048 14046 14043 14041 14055 14073 14074 14087 14095 14090 14078 14061 14053 14050 14052 14053 14053
14009 14016 14016 14018 14013 14011 14015 14042 14059 14068 14088 14092 14091 14081 14066 14059 14060 14052 14050 14051 14045
13993 14015 14021 14020 14019 14025 14046 14061 14078 14097 14096 14099 14099 14091 14072 14062 14058 14051 14041 14045 14055
14016 14016 14019 14012 14011 14023 14030 14057 14086 14103 14118 14110 14086 14074 14073 14077 14059 14040 14049 14055 14055
14026 14025 14016 14014 14009 14014 14040 14069 14099 14107 14098 14079 14081 14088 14104 14095 14070 14065 14067 14065 14059
14027 14024 14025 14066 14023 14039 14046 14133 14143 14126 14061 14074 14086 14097 14100 14084 14086 14084 14078 14067 14070
14027 14030 14027 14086 14093 14107 14135 14140 14140 14070 14077 14078 14083 14087 14094 14104 14100 14094 14086 14100 14092
14029 14035 14050 14055 14119 14136 14135 14132 14073 14071 14077 14078 14082 14094 14105 14106 14107 14096 14104 14103 14099
14043 14046 14057 14065 14148 14141 14134 14130 14132 14084 14085 14099 14105 14109 14112 14113 14095 14097 14105 14098 14085
14043 14060 14064 14081 14078 14097 14040 14047 14255 14182 14107 14093 14099 14104 14105 14102 14096 14111 14109 14097 14068
14063 14064 14063 14074 14099 14045 14052 14178 14177 14101 14087 14092 14095 14101 14117 14120 14111 14108 14105 14068 14026
14117 14128 14138 14157 14162 14052 14168 14173 14102 14097 14100 14102 14114 14126 14106 14103 14092 14093 14083 14129 14064
14130 14143 14259 14161 14158 14162 14175 14109 14093 14097 14105 14114 14108 14095 14083 14075 14081 14068 14131 14127 13972
14262 14270 14267 14267 14182 14173 14103 14084 14084 14096 14102 14086 14128 14118 14105 14116 14381 14380 14357 14349 14087
14274 14258 14240 14226 14214 14119 14082 14074 14087 14076 14072 14137 14150 14151 14152 14378 14379 14327 14326 14303 14303
14240 14223 14218 14202 14190 14394 14106 14103 14117 14130 14056 14138 14141 14144 14147 14147 14271 14272 14273 14301 14317
14187 14184 14430 14428 14405 14106 14099 14096 14380 14352 14133 14135 14136 14136 14134 14327 14312 14307 14320 14322 14307
14401 14415 14413 14393 14386 14385 14387 14384 14346 14332 14349 14142 14147 14139 14337 14319 14316 14328 14322 14301 14306
14418 14075 14065 14054 14046 14369 14373 14372 14365 14372 14373 14380 14364 14349 14323 14318 14327 14325 14317 14314 14309
14085 14091 14069 14053 14058 14381 14381 14385 14396 14396 14397 14395 14393 14342 14333 14319 14313 14308 14315 14312 14313
