inst/extdata/modis/lst/modgrid/Lat43.00075Lon-78.78820Start2001-01-01End2013-12-31___MOD11A2/GRID_Lat43.00075Lon-78.78820Start2001-01-01End2013-12-31___MOD11A2_LST_Day_1km_A2002009.asc
ncols		 21
nrows		 21
xllcorner	 -6416881.12
yllcorner	 4772121.02
cellsize	 926.625433055834
NODATA_value	 0
13732 13704 13704 13700 13699 13697 13694 13695 13698 13693 13687 13684 13679 13692 13697 13701 0 0 0 0 0
13726 13644 13659 13703 13689 13689 13691 13696 13696 13692 13690 13693 13683 13684 13685 13666 13648 13651 13658 13665 13665
13674 13683 13691 13689 13715 13715 13699 13700 13702 13698 13702 13700 13687 13681 13666 13660 13640 13652 13667 13684 13695
13668 13680 13681 13702 13707 13734 13738 13725 13702 13709 13706 13700 13700 13694 13674 13636 13652 13668 13683 13693 13692
13686 13682 13645 13646 13720 13731 13730 13719 13719 13712 13697 13700 13700 0 0 0 13665 13651 13663 13663 0
13621 13658 13662 13707 13707 13711 13730 13719 13722 13710 13711 13711 13690 13690 0 0 13660 13667 13666 0 0
13659 13657 13690 13679 13679 13704 13716 13710 13711 13710 13707 13693 13690 0 0 13701 13669 13669 13760 13760 13732
13703 13676 13671 13667 13666 13711 13704 13711 13706 13704 13703 0 0 0 0 0 0 13629 13672 13700 13732
13721 13706 13781 13787 13706 13705 13710 13701 13706 13718 13703 13703 0 0 0 0 13579 13587 13590 13621 13665
13724 13770 13801 13700 13702 13705 13701 13698 13699 13702 13684 13673 13674 13682 13550 13558 13619 13627 13645 13677 13616
13713 13706 13694 13691 13693 13693 13695 13694 13693 13687 13675 13677 13679 13611 13560 13600 13607 13614 13654 13604 13615
13703 13693 13691 13696 13689 13693 13697 13695 13695 13685 13690 13684 13668 13550 13606 13601 13585 13595 13566 13587 13600
13704 13703 13702 13699 13702 13713 13709 13707 13703 13691 13686 13676 13656 0 0 13518 13545 13561 13581 13590 13679
13465 13710 13711 13710 13713 13530 13532 13706 13700 13696 13686 13674 13686 0 0 13578 13556 13563 13573 13652 13644
13708 13710 13707 13700 13528 13529 13532 13533 13706 13700 13688 13681 13667 13636 13494 13540 13585 13591 13600 13631 13539
13714 13703 13694 13528 13531 13532 13533 13704 13700 13692 13684 13669 13637 13498 13494 0 13594 13594 0 0 0
13695 13698 13702 13713 13706 13702 13699 13521 13684 13678 13669 13642 13544 13544 13510 13510 13552 13573 0 0 0
13702 13709 13708 13702 13700 13696 13518 13515 13510 13660 13642 13575 13578 13510 13510 13563 13573 0 0 13370 13370
13699 13699 13697 13692 13686 13516 13515 13512 13672 13664 13631 0 0 0 0 13573 13503 13503 13416 13377 13401
13693 13699 13688 13676 13615 13618 13678 13671 13665 13651 13604 13553 13540 0 13473 13494 13506 13428 13428 13384 13364
13685 13678 13614 13608 13608 13664 13658 13660 13653 13617 13561 13537 13533 13473 13503 13529 13451 13453 13451 13381 13337
