inst/extdata/modis/lst/modgrid/Lat43.00075Lon-78.78820Start2001-01-01End2013-12-31___MOD11A2/GRID_Lat43.00075Lon-78.78820Start2001-01-01End2013-12-31___MOD11A2_LST_Day_1km_A2002137.asc
ncols		 21
nrows		 21
xllcorner	 -6416881.12
yllcorner	 4772121.02
cellsize	 926.625433055834
NODATA_value	 0
14790 14801 14847 14718 14722 14596 14568 14539 14646 14630 14639 14665 14739 14580 14571 14570 14530 14582 14571 14580 14586
14553 14635 14614 14618 14507 14509 14486 14578 14558 14555 14594 14719 14573 14553 14534 14528 14587 14573 14574 14577 14579
14357 14355 14381 14383 14316 14325 14439 14428 14457 14528 14569 14578 14538 14546 14533 14522 14516 14451 14534 14537 14554
14343 14342 14354 14278 14330 14326 14336 14390 14504 14570 14571 14712 14778 14784 14543 14517 14509 14523 14501 14506 14515
14565 14573 14562 14537 14499 14462 14435 14519 14691 14741 14754 14781 14779 14548 14524 14522 14667 14434 14441 14466 14476
14641 14642 14631 14606 14581 14536 14515 14538 14630 14623 14604 14591 14736 14535 14542 14735 14654 14653 14466 14476 14379
14652 14677 14688 14646 14601 14600 14503 14621 14634 14617 14597 14511 14526 14707 14818 14555 14538 14563 14715 14721 14479
14433 14444 14446 14648 14634 14624 14697 14803 14807 14481 14472 14523 14703 14711 14634 14568 14579 14742 14762 14755 14735
14444 14446 14671 14670 14669 14711 14807 14818 14633 14614 14540 14715 14704 14687 14790 14802 14791 14796 14788 14792 14786
14414 14612 14649 14724 14797 14826 14621 14629 14625 14738 14863 14843 14831 14832 14821 14818 14795 14743 14756 14782 14787
14602 14713 14788 14819 14835 14626 14636 14641 14761 14895 14861 14849 14831 14668 14675 14812 14798 14809 14807 14555 14545
14725 14783 14814 14837 14734 14780 14676 14810 14930 14886 14851 14739 14676 14681 14857 14863 14853 14829 14613 14594 14550
14827 14843 14855 14887 14812 14820 14837 14969 14680 14653 14769 14735 14748 14855 14861 14854 14846 14638 14629 14583 14756
14896 14917 14939 14935 14939 14957 14967 14682 14661 14720 14731 14723 14847 14882 14847 14843 14764 14865 14788 14767 14759
14932 14954 14940 14945 14940 14923 14649 14640 14720 14719 14717 14797 14859 14837 14834 14753 14758 14660 14630 14770 14716
14967 14965 14957 14948 14918 14878 14863 14713 14704 14847 14846 14832 14835 14851 14731 14737 14675 14637 14749 14690 14647
14982 14964 14951 14932 14893 14872 14717 14702 14840 14844 14836 14827 14851 14682 14684 14659 14630 14705 14689 14679 14677
14951 14946 14939 14931 14900 14695 14681 14857 14863 14851 14810 14783 14602 14612 14730 14686 14672 14681 14693 14701 14663
14937 14953 14947 14923 14690 14677 14859 14868 14867 14847 14840 14611 14615 14619 14575 14642 14649 14667 14690 14660 14658
14952 14951 14926 14876 14698 14862 14875 14879 14885 14875 14634 14664 14671 14644 14716 14688 14667 14665 14684 14701 14683
14958 14948 14916 14705 14704 14902 14906 14913 14904 14883 14719 14712 14700 14772 14726 14684 14678 14676 14676 14687 14683
