inst/extdata/modis/lst/modgrid/Lat43.00075Lon-78.78820Start2001-01-01End2013-12-31___MOD11A2/GRID_Lat43.00075Lon-78.78820Start2001-01-01End2013-12-31___MOD11A2_LST_Day_1km_A2013065.asc
ncols		 21
nrows		 21
xllcorner	 -6416881.12
yllcorner	 4772121.02
cellsize	 926.625433055834
NODATA_value	 0
14200 14136 14144 14146 14150 13974 13962 13963 13968 13955 13998 13985 13982 13977 13976 13973 13979 13979 13940 13939 13943
13974 14040 14045 14047 13922 13931 13940 13893 13888 13878 13916 13925 13985 14008 13983 13996 13994 13971 13948 13946 13945
13839 13883 13872 13851 13965 13785 13840 13853 13862 13868 13877 13954 14006 14032 14030 14011 13984 13952 13952 13960 13955
13807 13799 13795 13786 13785 13705 13757 13811 13858 13894 13872 14013 14035 14040 14024 13985 13964 13962 13959 13960 13959
13958 13934 13890 0 13601 13735 13745 13709 13739 13860 14006 14018 14017 14013 14005 14002 13991 13892 13905 14047 14052
13997 14000 14018 13764 13757 13734 13686 13706 13865 14024 13991 13981 13997 14015 14015 13979 13922 13945 13985 14056 13958
14014 14017 13926 13928 13916 13697 13761 13946 14006 13994 13956 14002 14034 14036 13979 13944 13973 13955 13998 13963 13950
13957 13961 13991 13971 13979 13882 13915 13955 13988 13961 14004 13992 14001 13936 13915 13938 13921 13923 13917 14004 14009
13972 14003 14053 14079 14014 13934 13951 13977 13950 13981 13981 13997 14001 13914 13915 13941 13941 14028 14013 14017 14014
13985 13995 14017 14100 14160 14182 14181 13992 13994 13964 13967 14023 13896 13907 14038 14053 14064 14150 14150 14044 14052
14005 14060 14133 14182 14195 14187 13968 13964 13948 13938 13942 13990 14006 14005 14052 14069 14074 14087 14176 14223 14075
14090 14108 14129 14164 14042 14036 14031 14009 13949 13950 13982 13991 13978 14020 14046 14075 14093 14120 14144 14022 14048
13962 13995 14020 14041 14025 14049 14060 14045 14046 14006 13975 13977 14013 14021 14042 14062 14090 14141 14126 14050 14021
13998 14040 14048 14167 14057 14061 13941 13948 13916 13979 13990 13952 13941 14023 14044 14144 14179 14171 14002 14095 14039
14035 14049 14198 14164 13909 13918 13993 13988 13997 13998 13987 14138 14248 14114 14143 14171 14139 14115 14065 14026 13969
14218 14210 14182 14173 14055 14003 13978 13982 13972 14167 14150 14293 14300 14522 14316 14264 14119 14085 14041 14021 14023
14199 14174 14002 14010 13969 13962 13961 13977 14163 14312 14302 14542 14549 0 14193 14219 14063 14037 14021 14001 13998
14163 13995 13992 13976 13950 13944 14077 14111 14550 14501 14509 14553 14024 14024 13977 13942 13904 13877 13845 13836 13837
14002 14007 13991 13956 13955 14091 0 0 0 0 0 14024 14024 13987 13969 13896 13882 13911 13911 0 0
14024 14216 0 14098 14098 0 0 14551 14551 14587 14365 14371 14278 14259 0 0 0 0 0 0 13927
0 0 0 0 14005 14590 14384 14397 14390 14370 14362 14343 14491 0 0 0 0 0 0 13927 13927
