inst/extdata/modis/lst/modgrid/Lat43.00075Lon-78.78820Start2001-01-01End2013-12-31___MOD11A2/GRID_Lat43.00075Lon-78.78820Start2001-01-01End2013-12-31___MOD11A2_LST_Day_1km_A2004065.asc
ncols		 21
nrows		 21
xllcorner	 -6416881.12
yllcorner	 4772121.02
cellsize	 926.625433055834
NODATA_value	 0
14222 14214 14242 14209 14205 14210 14180 14144 14128 14082 14092 14118 14096 14064 14044 14006 13979 14001 13997 13968 13985
13998 14090 14106 14131 14146 14138 14114 14088 14077 0 14087 14083 14102 14082 14049 14017 14005 13998 13962 13996 13988
13876 13902 13906 13863 13896 13934 13970 14000 13967 13997 14031 14066 14100 14099 14075 14040 13997 13971 13989 13979 14009
13845 13893 13898 13927 13898 13880 13898 13954 14032 14094 14085 14131 14147 14130 14078 14018 14006 13982 13972 14022 14037
13972 14014 14029 13982 13935 13911 13874 13901 14044 14147 14184 14168 14136 14096 14073 14070 14026 13935 13982 14021 14043
14087 14085 14053 14021 13994 13890 13878 13991 14159 14205 14130 14066 14079 14117 14143 14108 13966 13940 14020 14049 14062
14090 14094 14095 14080 14022 13998 13981 14144 14213 14159 14074 14084 14134 14203 14188 14057 14003 14086 14078 14088 14086
14084 14076 14060 14052 14058 13994 14138 14217 14211 14156 14112 14126 14201 14220 14095 14060 14108 14121 14144 14131 14099
14040 14056 14078 14070 14027 14136 14183 14184 14163 14153 14167 14192 14143 14111 14140 14164 14173 14172 14188 14164 14154
14030 14032 14067 14102 14215 14237 14228 14215 14217 14239 14258 14214 14185 14187 14201 14211 14173 14117 14114 14159 14176
14025 14087 14203 14251 14268 14249 14248 14266 14275 14248 14214 14215 14198 14197 14221 14193 14172 14170 14182 14210 14209
14126 14164 14189 14230 14243 14267 14290 14330 14333 14274 14225 14243 14195 14245 14263 14245 14216 14209 14236 14265 14223
14237 14248 14270 14267 14285 14304 14332 14338 14299 14243 14240 14225 14257 14244 14237 14216 14215 14250 14287 14209 14124
14262 14288 14299 14286 14297 14318 14328 14288 14243 14233 14228 14199 14219 14261 14218 14207 14233 14229 14169 14139 14127
14307 14316 14289 14288 14299 14296 14257 14224 14217 14212 14215 14184 14248 14226 14205 14217 14227 14191 14149 14124 14063
14338 14321 14293 14295 14288 14241 14213 14206 14212 14221 14207 14201 14230 14238 14243 14244 14215 14149 14104 14027 14025
14346 14318 14291 14306 14266 14232 14223 14225 14227 14229 14186 14222 14224 14188 14180 14168 14122 14064 14032 14070 14073
14310 14298 14322 14324 14294 14266 14249 14251 14254 14228 14179 14157 14135 14131 14112 14079 14050 14034 14068 14111 14057
14295 14320 14329 14313 14291 14274 14263 14278 14264 14230 14211 14183 14173 14138 14060 13986 13981 14026 14090 14046 14085
14319 14327 14299 14271 14273 14271 14285 14267 14260 14241 14222 14235 14247 14183 14105 14069 14081 14076 14068 14102 14074
14340 14323 14290 14278 14286 14311 14322 14333 14298 14259 14250 14259 14210 14137 14112 14093 14090 14060 14044 14048 14023
