inst/extdata/modis/lst/modgrid/Lat43.00075Lon-78.78820Start2001-01-01End2013-12-31___MOD11A2/GRID_Lat43.00075Lon-78.78820Start2001-01-01End2013-12-31___MOD11A2_LST_Day_1km_A2003297.asc
ncols		 21
nrows		 21
xllcorner	 -6416881.12
yllcorner	 4772121.02
cellsize	 926.625433055834
NODATA_value	 0
14243 14263 14267 14271 14244 14224 14228 14226 14209 14209 14209 14204 14206 14207 14192 14175 14175 14183 14195 14196 14191
14250 14254 14255 14223 14201 14201 14197 14188 14187 14187 14184 14183 14183 14181 14176 14176 14177 14184 14185 14183 14176
14232 14232 14219 14211 14210 14209 14206 14203 14200 14122 14126 14120 14182 14177 14176 14176 14178 14179 14177 14172 14172
14225 14215 14214 14215 14216 14220 14076 14075 14122 14157 14154 14164 14194 14194 14182 14147 14147 14149 14149 14152 14155
14186 14179 14181 14184 14188 14089 14081 14156 14193 14185 14206 14195 14195 14184 14145 14141 14140 14139 14139 14140 14165
14177 14177 14178 14179 14105 14099 14178 14195 14216 14207 14195 14195 14186 14159 14146 14144 14148 14148 14148 14165 14174
14098 14105 14137 14146 14148 14189 14194 14220 14212 14180 14177 14153 14136 14145 14144 14106 14098 14098 14166 14054 14054
14104 14125 14147 14160 14194 14195 14202 14200 14187 14190 14181 14151 14147 14143 14110 14111 14112 14222 14081 14080 14076
14130 14142 14168 14206 14197 14194 14183 14175 14174 14177 14185 14182 14159 14122 14120 14197 14232 14096 14096 14089 14217
14137 14147 14199 14185 14183 14160 14151 14149 14162 14178 14184 14165 14147 14149 14264 14222 14222 14222 14199 14195 14197
14222 14226 14226 14233 14152 14152 14140 14154 14154 14159 14143 14140 14147 14264 14239 14236 14232 14207 14196 14191 14197
14241 14238 14242 14256 14255 14255 14155 14155 14154 14128 14120 14116 14113 14106 14106 14253 14235 14232 14231 14206 14197
14257 14263 14275 14275 14276 14286 14288 14135 14128 14123 14115 14111 14100 14100 14100 14230 14228 14229 14202 14194 14197
14283 14291 14289 14287 14286 14286 14134 14127 14124 14267 14259 14094 14085 14066 14061 14218 14217 14169 14151 14152 14137
14309 14310 14309 14286 14279 14279 14253 14229 14232 14073 14067 14063 14062 14061 14219 14219 14169 14151 14151 14130 14121
14345 14341 14306 14295 14292 14265 14239 14236 14072 14065 14065 14059 14058 0 14164 14154 14162 14165 14061 14053 14054
14367 14329 14318 14318 14297 14277 14277 14267 14071 14071 14223 14211 14209 14209 14153 14123 14123 14078 14054 14054 14050
14325 14319 14319 14304 14287 14285 14272 14228 14227 14224 14211 14209 14209 14152 14125 14125 14111 14138 14122 14058 14053
14320 14320 14317 14316 14316 14316 0 0 0 0 14209 14209 14123 14118 14119 14113 14113 14113 14058 14054 14054
14332 14321 14318 14317 14317 0 0 0 0 0 14118 14111 14111 14111 14111 14034 14050 14077 14102 14127 14161
14323 14318 14318 14318 14213 14213 0 0 0 14118 14118 14111 14111 14111 14028 14029 14029 14038 14076 14135 14153
