inst/extdata/modis/lst/modgrid/Lat43.00075Lon-78.78820Start2001-01-01End2013-12-31___MOD11A2/GRID_Lat43.00075Lon-78.78820Start2001-01-01End2013-12-31___MOD11A2_LST_Day_1km_A2012313.asc
ncols		 21
nrows		 21
xllcorner	 -6416881.12
yllcorner	 4772121.02
cellsize	 926.625433055834
NODATA_value	 0
14302 14294 14302 14295 14286 14280 14271 14263 14266 14260 14265 14287 14297 14295 14303 14282 14253 14258 14256 14259 14258
14194 14251 14265 14271 14275 14271 14266 14268 14259 14251 14288 14307 14306 14311 14301 14261 14264 14266 14268 14263 14250
14175 14176 14152 14151 14169 14191 14215 14231 14227 14270 14291 14298 14303 14305 14284 14254 14252 14257 14263 14269 14272
14195 14223 14208 14184 14167 14154 14151 14195 14251 14275 14293 14299 14306 14312 14273 14250 14243 14251 14254 14248 14250
14273 14264 14253 14240 14216 14179 14140 14177 14251 14302 14320 14302 14292 14275 14271 14265 14267 14265 14262 14262 14253
14300 14288 14284 14273 14265 14231 14202 14214 14291 14311 14294 14289 14275 14283 14304 14302 14282 14270 14270 14266 14258
14302 14299 14292 14288 14289 14269 14215 14308 14332 14315 14306 14298 14302 14340 14345 14323 14294 14279 14271 14265 14241
14303 14299 14295 14294 14283 14233 14278 14318 14322 14321 14315 14315 14329 14339 14320 14306 14296 14285 14276 14278 14287
14292 14281 14303 14309 14255 14254 14308 14322 14307 14306 14310 14314 14305 14321 14321 14319 14312 14308 14312 14308 14295
14303 14244 14284 14271 14262 14151 14147 14288 14296 14301 14298 14303 14325 14323 14329 14330 14333 14329 14322 14303 14300
14276 14297 14316 14318 14316 14307 14298 14311 14300 14312 14313 14300 14296 14320 14336 14347 14344 14339 14339 14340 14321
14334 14331 14330 14335 14329 14314 14314 14304 14297 14286 14275 14284 14318 14353 14368 14366 14364 14366 14370 14364 14346
14334 14346 14356 14355 14341 14325 14309 14305 14289 14278 14282 14297 14318 14348 14361 14365 14371 14388 14392 14375 14329
14354 14379 14378 14366 14350 14331 14310 14293 14279 14272 14279 14301 14332 14352 14356 14356 14368 14370 14357 14337 14327
14397 14395 14390 14377 14350 14321 14302 14291 14279 14279 14295 14319 14339 14348 14350 14371 14367 14356 14339 14334 14312
14422 14414 14404 14376 14343 14320 14318 14318 14314 14304 14314 14329 14341 14351 14364 14381 14371 14334 14325 14311 14310
14409 14412 14396 14372 14349 14343 14349 14343 14328 14312 14315 14318 14323 14339 14363 14360 14320 14300 14300 14310 14298
14409 14409 14412 14404 14390 14387 14378 14373 14339 14312 14292 14299 14317 14339 14340 14315 14307 14324 14332 14320 14301
14395 14412 14413 14395 14383 14391 14404 14384 14352 14326 14325 14334 14344 14338 14333 14333 14339 14336 14325 14315 14307
14425 14421 14405 14394 14397 14404 14407 14405 14406 14393 14387 14384 14370 14355 14338 14343 14338 14327 14322 14323 14324
14439 14438 14426 14413 14423 14438 14440 14440 14431 14417 14412 14401 14385 14348 14347 14340 14324 14325 14326 14324 14322
