inst/extdata/modis/lst/modgrid/Lat43.00075Lon-78.78820Start2001-01-01End2013-12-31___MOD11A2/GRID_Lat43.00075Lon-78.78820Start2001-01-01End2013-12-31___MOD11A2_LST_Day_1km_A2008113.asc
ncols		 21
nrows		 21
xllcorner	 -6416881.12
yllcorner	 4772121.02
cellsize	 926.625433055834
NODATA_value	 0
15027 15009 15021 15009 15008 14992 14963 14956 14948 14883 14911 14943 14940 14933 14931 14857 14856 14885 14885 14881 14878
14683 14881 14898 14886 14892 14893 14877 14896 14883 14861 14911 14924 14936 14943 14932 14904 14872 14869 14877 14881 14885
14302 14354 14403 14448 14492 14556 14655 14693 14765 14852 14885 14913 14943 14956 14951 14895 14870 14860 14857 14856 14864
14411 14477 14444 14430 14403 14364 14411 14612 14763 14867 14927 14964 15015 15014 14931 14872 14842 14825 14836 14844 14858
14709 14723 14728 14752 14697 14667 14514 14589 14835 14973 14993 15016 14994 14946 14907 14889 14857 14948 14839 14862 14871
14881 14854 14863 14824 14754 14607 14482 14681 14921 14995 14989 14935 14908 14925 14971 14937 14964 14843 14889 14923 14933
14893 14902 14905 14882 14811 14738 14652 14865 15018 15020 14951 14928 14957 15021 15019 14927 14897 14932 14950 14942 14922
14872 14877 14885 14870 14818 14680 14826 15018 15034 14992 14955 14979 15045 15054 14982 14950 14966 14958 14951 14946 14920
14860 14885 14895 14839 14728 14853 15005 15015 14994 14972 15007 15034 15021 15006 14999 15005 14997 14983 14967 14943 14962
14791 14757 14781 14852 14989 15057 15044 15026 15020 15063 15079 15046 15022 15031 15061 15036 14963 14939 14946 14961 14956
14755 14877 14967 15040 15071 15063 15055 15061 15089 15098 15057 15026 15004 14956 14979 14975 14962 14969 14989 15012 14973
14934 14967 15051 15063 15075 15082 15091 15128 15167 15086 15034 15020 14949 14979 15020 15028 15015 15017 15025 15008 14945
15027 15064 15074 15083 15105 15119 15161 15199 15099 15055 15005 14964 14979 15009 15019 14992 15000 15027 15033 14958 14893
15081 15095 15106 15123 15119 15130 15135 15106 15075 15064 15032 14930 14980 15023 15002 14974 15030 15048 14961 14936 14920
15119 15105 15102 15098 15105 15103 15080 15044 15047 15037 14948 14907 14976 14980 14991 15031 15062 15009 14955 14931 14894
15137 15115 15102 15106 15092 15000 14963 15048 14988 14983 15019 14977 15006 15020 15020 15041 15034 14971 14905 14859 14836
15134 15116 15112 15072 14963 14959 15050 14993 14987 14967 15026 14997 14996 14996 15005 14982 14902 14843 14860 14866 14850
15123 15104 15099 15092 15058 15042 15037 14969 14977 15039 14983 14969 14969 14977 15023 14777 14750 14765 14874 14875 14844
15096 15112 15099 15065 15037 15044 15028 15035 15041 15041 15018 14993 14898 14854 14777 14809 14752 14854 14862 14836 14832
15121 15069 15050 15021 15034 15036 15062 15063 15079 15063 15021 15010 14912 14850 14788 14820 14840 14861 14873 14854 14850
15090 15054 15026 15030 15043 15088 15098 15106 15071 15039 15042 15033 14920 14839 14844 14849 14854 14862 14853 14839 14827
