inst/extdata/modis/lst/modgrid/Lat43.00075Lon-78.78820Start2001-01-01End2013-12-31___MOD11A2/GRID_Lat43.00075Lon-78.78820Start2001-01-01End2013-12-31___MOD11A2_LST_Day_1km_A2006089.asc
ncols		 21
nrows		 21
xllcorner	 -6416881.12
yllcorner	 4772121.02
cellsize	 926.625433055834
NODATA_value	 0
14672 14692 14708 14708 14698 14672 14663 14667 14675 14629 14609 14629 14635 14634 14727 14576 14562 14594 14600 14691 14674
14481 14551 14569 14564 14555 14599 14578 14623 14592 14575 14597 14615 14730 14727 14591 14584 14589 14565 14690 14675 14658
14082 14189 14253 14269 14349 14269 14343 14437 14495 14638 14674 14686 14717 14727 14598 14581 14682 14665 14652 14646 14667
14176 14209 14160 14231 14270 14244 14273 14374 14490 14685 14698 14730 14746 14729 14693 14670 14644 14636 14638 14661 14674
14473 14492 14508 14456 14377 14288 14206 14273 14510 14666 14723 14689 14666 14619 14602 14657 14641 14613 14635 14667 14692
14549 14598 14587 14571 14512 14378 14275 14381 14621 14710 14685 14632 14616 14630 14731 14695 14622 14607 14633 14663 14676
14600 14608 14629 14606 14536 14409 14347 14575 14671 14670 14632 14623 14640 14671 14745 14682 14658 14668 14679 14677 14680
14567 14583 14615 14585 14486 14410 14535 14643 14655 14645 14625 14625 14744 14750 14699 14687 14704 14709 14717 14718 14693
14561 14610 14642 14517 14453 14501 14713 14639 14629 14627 14637 14736 14715 14715 14737 14751 14747 14746 14746 14737 14730
14652 14527 14471 14516 14576 14835 14830 14755 14656 14673 14786 14761 14755 14760 14771 14780 14756 14732 14733 14734 14732
14559 14560 14612 14831 14845 14839 14829 14861 14877 14811 14777 14765 14657 14664 14788 14793 14776 14761 14763 14767 14754
14609 14625 14795 14811 14832 14847 14874 14886 14898 14834 14803 14655 14648 14676 14819 14825 14809 14795 14805 14786 14753
14642 14841 14849 14854 14858 14867 14885 14900 14855 14825 14806 14643 14669 14811 14824 14807 14802 14828 14822 14776 14701
14849 14882 14882 14874 14869 14885 14885 14859 14843 14828 14814 14658 14836 14868 14856 14853 14811 14820 14773 14716 14689
14862 14909 14885 14866 14884 14873 14846 14832 14829 14831 14826 14819 14861 14846 14846 14865 14884 14841 14736 14708 14653
14881 14871 14856 14857 14882 14843 14827 14834 14847 14851 14851 14864 14850 14859 14870 14883 14859 14821 14759 14712 14639
14878 14866 14865 14851 14828 14818 14857 14862 14857 14861 14841 14823 14829 14836 14843 14806 14744 14660 14721 14726 14723
14855 14861 14867 14869 14844 14825 14818 14820 14880 14857 14817 14799 14787 14782 14789 14755 14699 14728 14723 14750 14703
14860 14884 14884 14857 14822 14822 14824 14826 14816 14820 14815 14819 14814 14808 14769 14733 14713 14727 14757 14704 14728
14879 14879 14860 14816 14822 14832 14837 14832 14849 14852 14821 14826 14822 14806 14766 14746 14743 14741 14723 14739 14525
14886 14872 14844 14835 14849 14859 14868 14877 14875 14850 14844 14842 14808 14769 14711 14757 14728 14725 14732 14739 14539
