inst/extdata/modis/lst/modgrid/Lat43.00075Lon-78.78820Start2001-01-01End2013-12-31___MOD11A2/GRID_Lat43.00075Lon-78.78820Start2001-01-01End2013-12-31___MOD11A2_LST_Day_1km_A2002185.asc
ncols		 21
nrows		 21
xllcorner	 -6416881.12
yllcorner	 4772121.02
cellsize	 926.625433055834
NODATA_value	 0
15344 15361 15368 15317 15274 15258 15233 15199 15192 15166 15155 15119 15118 15125 15092 15037 15048 15104 15097 15042 14965
15121 15154 15142 15127 15091 15079 15052 15044 15087 15068 15015 15027 15080 15093 15077 15070 15088 15107 15089 15044 14982
14953 14952 14938 14987 14888 14865 14943 14966 14973 14974 15030 15051 15041 15061 15081 15073 15056 15046 15021 14992 14996
14857 14864 14870 14870 14906 14812 14913 14945 14994 15083 15093 15066 15085 15087 15054 15040 15040 14967 14906 14942 14937
14934 14937 14942 14880 14827 14872 14815 14923 15122 15162 15175 15162 15088 15070 15071 15055 14945 14854 14863 14893 14936
15037 15023 14975 14891 14843 14859 14893 14939 15099 15233 15169 14998 15022 15095 15112 15042 14890 14881 14910 14971 15004
15106 15073 15023 14956 14904 14862 14920 15015 15266 15196 15080 15024 15104 15165 15138 14967 14953 14982 15034 15053 15045
15060 15041 15000 14953 14881 14927 15126 15284 15229 15156 15060 15108 15189 15200 15123 15070 15029 15051 15128 15124 15085
15030 15030 15027 15028 15043 15134 15285 15251 15208 15099 15145 15218 15206 15168 15149 15141 15129 15137 15144 15148 15132
15012 15038 15077 15177 15225 15284 15276 15257 15262 15242 15263 15255 15237 15219 15182 15155 15124 15100 15110 15134 15142
15073 15117 15248 15283 15307 15293 15292 15298 15328 15335 15313 15307 15276 15210 15176 15139 15115 15154 15182 15219 15207
15172 15267 15286 15307 15291 15314 15331 15367 15383 15347 15339 15313 15267 15236 15222 15218 15209 15225 15284 15296 15150
15336 15346 15358 15349 15350 15363 15393 15425 15392 15356 15317 15293 15274 15273 15249 15218 15228 15308 15326 15211 15103
15402 15405 15382 15365 15374 15391 15410 15368 15341 15331 15253 15225 15234 15286 15240 15207 15277 15277 15218 15156 15116
15433 15403 15363 15359 15362 15364 15319 15294 15267 15262 15230 15213 15279 15287 15289 15298 15283 15238 15170 15141 15107
15441 15400 15373 15375 15362 15296 15268 15262 15275 15287 15277 15259 15305 15334 15322 15328 15285 15183 15152 15085 15034
15439 15396 15397 15400 15342 15294 15276 15285 15302 15313 15294 15308 15329 15297 15273 15232 15137 15151 15132 15118 15130
15418 15429 15435 15405 15360 15343 15336 15337 15366 15365 15345 15300 15263 15239 15137 15065 15044 15065 15121 15159 15131
15439 15446 15437 15406 15388 15371 15362 15388 15405 15421 15385 15326 15282 15182 15076 14982 14939 14990 15059 15077 15046
15447 15450 15421 15399 15396 15394 15406 15423 15445 15408 15361 15337 15260 15200 15110 15043 15024 15026 15074 15070 15045
15465 15441 15418 15397 15412 15428 15442 15456 15417 15379 15374 15366 15310 15190 15113 15054 15042 15044 15040 15045 15025
