inst/extdata/modis/lst/modgrid/Lat43.00075Lon-78.78820Start2001-01-01End2013-12-31___MOD11A2/GRID_Lat43.00075Lon-78.78820Start2001-01-01End2013-12-31___MOD11A2_LST_Day_1km_A2010153.asc
ncols		 21
nrows		 21
xllcorner	 -6416881.12
yllcorner	 4772121.02
cellsize	 926.625433055834
NODATA_value	 0
14998 15038 15037 15063 15073 15058 15009 14959 14926 14920 14908 14913 14883 14865 14835 14769 14775 14775 14758 14710 14718
14843 14987 14955 14972 14968 14932 14884 14863 14828 14814 14849 14866 14844 14846 14815 14801 14768 14762 14747 14776 14726
14680 14702 14742 14875 14798 14788 14798 14804 14809 14823 14831 14816 14855 14814 14725 14759 14755 14739 14738 14764 14717
14664 14629 14623 14666 14754 14668 14675 14761 14789 14858 14857 14854 14793 14693 14758 14749 14724 14666 14725 14683 14654
14623 14632 14752 14735 14678 14684 14594 14727 14834 14913 14899 14864 14810 14831 14807 14775 14674 14631 14632 14643 14793
14739 14765 14749 14723 14629 14622 14652 14689 14900 14946 14909 14830 14837 14849 14839 14762 14685 14681 14758 14798 14810
14781 14794 14747 14729 14657 14690 14734 14923 14924 14905 14861 14820 14811 14854 14835 14764 14720 14791 14807 14822 14803
14764 14721 14714 14704 14728 14807 14911 14932 14916 14886 14847 14814 14829 14849 14858 14770 14851 14841 14848 14890 14833
14753 14744 14793 14802 14849 14852 14874 14877 14901 14847 14888 14894 14922 14882 14858 14926 14931 14829 14801 14798 14821
14771 14806 14824 14899 15004 15032 14986 14939 14953 14962 14974 14981 14963 14911 14853 14897 14903 14776 14765 14719 14787
14733 14844 14961 15009 15024 15020 14986 15009 15011 14980 14893 14884 14847 14841 14867 14897 14904 14773 14691 14766 14828
14852 14926 14949 14970 14996 15016 15055 15089 15100 14902 14895 14783 14778 14881 14887 14875 14785 14766 14766 14766 14770
15020 15027 14934 14953 14970 15006 15076 15105 15094 14924 14794 14785 14836 14842 14916 14878 14908 14893 14919 14871 14834
15086 14942 14940 14922 14926 14981 15034 15062 14925 14887 14868 14804 14820 14916 14876 14899 14890 14844 14888 14878 14803
14971 14971 14972 14946 15005 14986 14986 14895 15024 14947 14890 14899 14894 14912 14935 14863 14875 14868 14859 14761 14740
14971 14972 14986 15036 14865 14860 14879 14960 14936 14932 14923 14823 14798 14818 14871 14862 14885 14910 14838 14766 14752
15039 15028 14996 14963 14923 14947 14943 14941 14947 14941 14811 14792 14796 14789 14867 14879 14747 14830 14768 14757 14738
14977 14976 14937 14892 14894 14860 14990 15007 14903 14843 14840 14800 14788 14761 14755 14667 14661 14693 14748 14832 14795
14964 14844 14838 14846 14786 14958 14976 14932 14949 14911 14858 14998 14773 14753 14632 14661 14633 14660 14703 14782 14769
14849 14812 15003 15178 15093 14851 14943 14960 14962 14937 14993 14985 14987 15109 0 14698 14649 14664 14706 14770 14748
15072 14981 15210 15211 15136 15003 14926 14937 14833 14982 14985 14965 14956 14826 14989 14719 14745 14794 14779 14782 14765
