inst/extdata/modis/lst/modgrid/Lat43.00075Lon-78.78820Start2001-01-01End2013-12-31___MOD11A2/GRID_Lat43.00075Lon-78.78820Start2001-01-01End2013-12-31___MOD11A2_LST_Day_1km_A2001017.asc
ncols		 21
nrows		 21
xllcorner	 -6416881.12
yllcorner	 4772121.02
cellsize	 926.625433055834
NODATA_value	 0
13388 13373 13395 13403 13400 13394 13365 13354 13356 13324 13307 13293 13274 13270 13270 13107 13256 13257 13115 13113 13113
13519 13399 13441 13436 13425 13388 13339 13316 13300 13299 13290 13287 13306 13136 13118 13111 13104 13100 13099 13107 13098
13611 13550 13523 13510 13512 13498 13430 13355 13308 13291 13125 13126 13137 13128 13123 13112 13106 13096 13107 13102 13099
13514 13592 13536 13488 13464 13498 13483 13174 13139 13139 13135 13140 13141 13135 13112 13104 13100 13106 13106 13102 13102
13357 13332 13341 13340 13393 13485 13562 13223 13173 13158 13143 13141 13135 13131 13117 13119 13284 13258 13099 13098 13262
13328 13339 13305 13298 13136 13396 13525 13224 13178 13152 13126 13116 13115 13132 13144 13134 13303 13272 13273 13277 13280
13321 13125 13129 13306 13341 13208 13221 13193 13169 13350 13304 13298 13345 13156 13140 13303 13314 13310 13299 13303 13313
13127 13128 13125 13116 13156 13214 13465 13419 13381 13345 13319 13350 13372 13398 13400 13308 13312 13312 13324 13344 13286
13305 13136 13138 13170 13477 13466 13442 13402 13363 13349 13366 13386 13377 13363 13345 13344 13325 13325 13329 13322 13282
13377 13487 13422 13446 13433 13429 13407 13370 13393 13416 13408 13367 13371 13377 13378 13375 13331 13389 13400 13344 13346
13424 13384 13402 13404 13440 13416 13429 13434 13442 13408 13390 13398 13402 13367 13373 13374 13386 13367 13341 13357 13347
13375 13411 13384 13405 13394 13444 13428 13413 0 13392 13430 13396 13349 13369 13396 13388 13372 13347 13366 13366 13324
13499 0 13402 13388 13426 13456 13435 0 0 0 13366 13369 13391 13386 13391 13172 13360 13372 13358 13324 13290
0 0 0 13436 13515 13526 0 0 13395 13389 13386 13373 13390 13206 13167 13153 13186 13200 13170 13312 13291
0 0 13436 13433 13431 0 0 13395 13385 13380 13165 13180 13208 13161 13141 13197 13205 13155 13317 13305 13301
0 0 0 13431 13442 13416 13408 13477 13378 13168 13179 13180 13361 13354 13356 13172 13321 13317 13298 13275 13275
0 0 0 13442 13407 13423 13448 13390 13381 13390 13361 13375 13378 13361 13358 13325 13320 13351 13307 13288 13280
0 13445 13530 13552 13412 13415 13408 13396 13394 13372 13343 13341 13334 13334 13326 13318 13299 13298 13300 13299 13277
13496 13540 13552 13414 13402 13400 13403 13403 13402 13370 13369 13346 13335 13329 13304 13327 13319 13303 13307 13274 13254
12965 12958 13418 13376 13383 13403 13408 13193 13197 13186 13169 13173 13173 13166 13348 13319 13295 13278 13274 13116 13116
12958 13252 13177 13172 13181 13189 13200 13203 13188 13183 13184 13179 13170 13349 13318 13290 13271 13263 13115 13117 13117
