inst/extdata/modis/lst/modgrid/Lat43.00075Lon-78.78820Start2001-01-01End2013-12-31___MOD11A2/GRID_Lat43.00075Lon-78.78820Start2001-01-01End2013-12-31___MOD11A2_LST_Day_1km_A2010009.asc
ncols		 21
nrows		 21
xllcorner	 -6416881.12
yllcorner	 4772121.02
cellsize	 926.625433055834
NODATA_value	 0
13638 13637 13629 13656 13432 13431 13425 13413 13411 13400 13642 13641 13630 13625 13624 13621 13619 13619 13614 13614 13612
13548 13549 13563 13465 13445 13426 13412 13409 13402 13642 13640 13629 13624 13623 13618 13616 13616 13615 13615 13616 13620
13556 13557 13554 13553 13543 13388 13388 13597 13597 13604 13621 13625 13625 13622 13621 13618 13618 13617 13622 13634 13628
13507 13477 13484 13487 13599 13599 13599 13599 13605 13613 13614 13616 13622 13623 13628 13628 13625 13631 13636 13638 13633
13442 13442 13440 13601 13600 13600 13600 13606 13633 13621 13622 13624 13623 13625 13628 13631 13663 13653 13643 13627 13628
13418 13418 13659 13659 13661 13667 13672 13672 13663 13653 13640 13630 13624 13624 13627 13652 13661 13657 13626 13625 13623
13413 13656 13657 13657 13659 13663 13667 13665 13662 13662 13650 13643 13636 13631 13627 13628 13633 13626 13626 13621 13608
13654 13652 13653 13658 13659 13659 13658 13659 13661 13648 13645 13645 13644 13646 13639 13630 13627 13626 13616 13614 13612
13657 13655 13656 13655 13659 13661 13658 13658 13658 13654 13650 13644 13643 13643 13655 13651 13639 13613 13331 13297 13427
13661 13660 13657 13661 13666 13667 13662 13657 13658 13656 13653 13650 13649 13658 13658 13655 13626 13332 13296 13302 13431
13661 13662 13654 13658 13662 13656 13654 13655 13651 13650 13653 13656 13659 13658 13649 13630 13629 13308 13440 13435 13419
13654 13644 13645 13647 13654 13655 13580 13580 13580 13580 13580 13580 13658 13649 13440 13439 13441 13441 13436 13422 13408
13651 13647 13648 13653 13653 13580 13580 13580 13580 13580 13580 13648 13635 13437 13440 13431 13425 13424 13415 13404 13384
13657 13656 13654 13652 13580 13580 13580 13580 13580 13580 13646 13430 13432 13431 13428 13423 13423 13413 13397 13378 13375
13664 13661 13659 13654 13653 13653 13651 13652 13653 13648 13431 13432 13430 13431 13629 13625 13616 13617 13620 13385 13385
13672 13669 13657 13655 13653 13649 13648 13650 13644 13643 13642 13639 13639 13635 13628 13624 13385 13380 13371 13375 13375
13674 13669 13666 13659 13652 13650 13647 13635 13637 13637 13639 13640 13639 13622 13621 13385 13381 13366 13356 13351 13350
13600 13673 13665 13663 13660 13646 13635 13635 13641 13562 13562 13562 13562 13617 13617 13625 13363 13359 13352 13350 13353
13664 13666 13668 13665 13642 13635 13636 13643 13562 13562 13562 13562 13562 13562 13622 13626 13628 13626 13620 13362 13354
13661 13661 13659 13653 13647 13642 13645 13562 13562 13562 13562 13562 13562 13625 13622 13626 13630 13629 13623 13359 13358
13658 13659 13657 13657 13661 13664 13658 13646 13640 13562 13562 13562 13636 13631 13636 13641 13637 13623 13615 13609 13613
