inst/extdata/modis/lst/modgrid/Lat43.00075Lon-78.78820Start2001-01-01End2013-12-31___MOD11A2/GRID_Lat43.00075Lon-78.78820Start2001-01-01End2013-12-31___MOD11A2_LST_Day_1km_A2007217.asc
ncols		 21
nrows		 21
xllcorner	 -6416881.12
yllcorner	 4772121.02
cellsize	 926.625433055834
NODATA_value	 0
15394 15465 15463 15458 15416 15389 15363 15326 15309 15228 15185 15259 15271 15269 15241 15166 15168 15190 15174 15169 15142
15234 15308 15357 15327 15311 15207 15172 15226 15145 15128 15141 15177 15261 15249 15205 15173 15177 15250 15142 15118 15114
14996 14996 14972 15050 14977 14983 14995 15027 15048 15102 15135 15174 15237 15228 15229 15211 15155 15085 15061 15064 15114
14944 14962 14976 14920 14987 14928 14926 14951 15096 15189 15199 15277 15309 15267 15222 15170 15135 15020 15033 15105 15171
15084 15051 15076 15047 14998 15049 15008 14981 15194 15285 15353 15317 15275 15237 15194 15160 15043 14978 15007 15101 15133
15154 15170 15181 15138 15044 15040 15030 15136 15325 15390 15295 15220 15215 15248 15251 15184 15011 15001 15106 15160 15233
15222 15284 15292 15226 15059 15048 15136 15303 15405 15316 15219 15241 15313 15325 15278 15121 15078 15168 15228 15258 15266
15203 15247 15242 15189 15155 15165 15249 15399 15383 15346 15289 15324 15333 15335 15271 15197 15191 15252 15297 15304 15286
15191 15219 15215 15208 15191 15251 15351 15392 15341 15318 15355 15335 15320 15335 15295 15352 15336 15327 15330 15331 15337
15149 15159 15194 15268 15312 15363 15395 15370 15369 15394 15480 15419 15408 15399 15380 15374 15294 15236 15286 15341 15340
15164 15205 15334 15371 15413 15446 15406 15476 15494 15514 15500 15444 15429 15455 15371 15361 15341 15326 15375 15346 15357
15368 15329 15380 15447 15454 15476 15511 15530 15561 15529 15517 15521 15484 15380 15370 15368 15386 15383 15412 15398 15340
15429 15434 15526 15530 15544 15511 15523 15586 15553 15508 15507 15481 15464 15381 15374 15395 15383 15431 15468 15334 15272
15535 15536 15541 15532 15511 15524 15600 15431 15402 15415 15445 15350 15367 15465 15394 15383 15428 15459 15378 15340 15323
15498 15481 15458 15537 15531 15525 15349 15350 15371 15350 15322 15311 15422 15433 15407 15432 15471 15401 15350 15341 15296
15510 15474 15498 15527 15513 15460 15427 15374 15319 15391 15378 15404 15431 15423 15435 15480 15453 15386 15346 15252 15242
15537 15523 15495 15497 15435 15379 15389 15395 15419 15398 15387 15370 15420 15414 15415 15394 15370 15336 15307 15287 15275
15484 15510 15503 15476 15430 15399 15364 15424 15423 15467 15375 15416 15416 15394 15345 15310 15272 15276 15303 15301 15268
15491 15500 15492 15440 15412 15409 15416 15444 15475 15454 15450 15415 15395 15362 15250 15148 15121 15180 15226 15226 15191
15477 15474 15455 15426 15567 15505 15438 15463 15492 15481 15439 15436 15441 15420 15366 15271 15216 15215 15153 15181 15165
15545 15464 15565 15548 15497 15450 15453 15444 15438 15453 15456 15462 15424 15380 15314 15282 15155 15139 15132 15160 15197
