inst/extdata/modis/lst/modgrid/Lat43.00075Lon-78.78820Start2001-01-01End2013-12-31___MOD11A2/GRID_Lat43.00075Lon-78.78820Start2001-01-01End2013-12-31___MOD11A2_LST_Day_1km_A2007137.asc
ncols		 21
nrows		 21
xllcorner	 -6416881.12
yllcorner	 4772121.02
cellsize	 926.625433055834
NODATA_value	 0
15042 15067 15081 15077 15069 15063 15026 15016 15025 14968 14956 14958 14946 14934 14891 14853 14856 14868 14856 14846 14836
14771 14881 14925 14938 14934 14867 14891 14900 14886 14902 14913 14925 14942 14949 14926 14907 14893 14855 14847 14838 14816
14460 14476 14505 14584 14632 14677 14709 14759 14817 14856 14879 14904 14941 14951 14938 14912 14882 14848 14829 14808 14804
14561 14541 14511 14516 14515 14537 14596 14699 14830 14891 14921 14955 14963 14951 14911 14877 14845 14823 14808 14817 14841
14698 14756 14776 14723 14661 14634 14557 14631 14809 14912 14982 14986 14966 14924 14898 14864 14830 14793 14813 14842 14859
14849 14870 14859 14825 14764 14677 14624 14752 14898 14996 14957 14933 14917 14941 14938 14906 14827 14823 14848 14879 14889
14897 14898 14897 14853 14793 14754 14754 14878 15001 14993 14952 14933 14965 14985 14965 14897 14879 14886 14910 14910 14905
14876 14868 14858 14845 14816 14773 14858 14968 15009 14977 14955 14960 15008 15013 14970 14931 14924 14942 14949 14932 14922
14845 14834 14847 14853 14815 14903 14993 15014 14994 14990 14997 15023 15023 15000 14991 14993 14992 14994 14991 14983 14979
14795 14803 14846 14890 14979 15057 15057 15051 15062 15063 15071 15052 15037 15017 15029 15031 15009 14969 14974 14989 15004
14793 14913 14948 15032 15098 15104 15106 15116 15123 15126 15092 15067 15002 14993 15049 15056 15031 15002 15013 15039 15004
14967 14997 15052 15103 15106 15131 15150 15178 15181 15113 15082 15040 15009 15061 15073 15078 15072 15064 15076 15052 14980
15053 15093 15124 15131 15158 15175 15207 15216 15174 15125 15084 15055 15084 15077 15085 15083 15087 15102 15083 15020 14940
15123 15155 15150 15166 15175 15196 15205 15184 15151 15119 15082 15131 15036 15045 15051 15057 15087 15074 15016 14969 14942
15176 15166 15162 15162 15166 15163 15147 15108 15090 15079 15070 15071 15041 15045 15058 15083 15092 15031 14994 14951 14901
15203 15182 15170 15158 15142 15115 15094 15078 15079 15082 15078 15068 15062 15080 15090 15100 15064 14990 14946 14888 14852
15206 15185 15170 15155 15133 15112 15091 15168 15090 15083 15068 15050 15049 15048 15047 15024 14971 14930 14903 14880 14876
15171 15162 15162 15168 15142 15123 15110 15101 15108 15091 15066 15055 15030 15002 14947 14902 14883 14874 14892 14904 14891
15157 15168 15179 15136 15093 15087 15098 15104 15119 15127 15106 15071 15018 14956 14905 14880 14848 14863 14886 14885 14873
15183 15178 15144 15100 15089 15097 15103 15123 15149 15121 15088 15057 15027 14979 14942 14877 14861 14863 14883 14874 14857
15188 15168 15129 15094 15086 15200 15146 15152 15131 15112 15096 15077 15038 14993 14911 14901 14885 14869 14853 14860 14859
