inst/extdata/modis/lst/modgrid/Lat43.00075Lon-78.78820Start2001-01-01End2013-12-31___MOD11A2/GRID_Lat43.00075Lon-78.78820Start2001-01-01End2013-12-31___MOD11A2_LST_Day_1km_A2005273.asc
ncols		 21
nrows		 21
xllcorner	 -6416881.12
yllcorner	 4772121.02
cellsize	 926.625433055834
NODATA_value	 0
14879 14894 14902 14914 14888 14862 14846 14828 14828 14809 14851 14856 14853 14854 14848 14833 14826 14827 14824 14826 14821
14781 14809 14794 14796 14788 14842 14779 14779 14777 14825 14847 14867 14878 14881 14860 14846 14829 14819 14831 14826 14821
14667 14683 14689 14740 14670 14669 14693 14790 14805 14812 14837 14853 14875 14883 14869 14836 14817 14830 14824 14816 14824
14656 14664 14658 14664 14716 14646 14668 14784 14816 14765 14856 14871 14898 14872 14826 14827 14822 14813 14805 14817 14828
14732 14740 14736 14709 14686 14742 14747 14714 14793 14830 14902 14889 14868 14840 14853 14851 14825 14807 14810 14817 14822
14779 14791 14779 14756 14728 14769 14698 14767 14823 14896 14869 14873 14863 14882 14892 14862 14830 14819 14747 14761 14777
14810 14818 14807 14773 14742 14804 14804 14865 14894 14870 14876 14873 14899 14919 14909 14876 14781 14784 14792 14804 14801
14786 14787 14782 14770 14778 14814 14850 14900 14923 14898 14883 14892 14907 14831 14818 14811 14819 14827 14834 14835 14828
14762 14779 14797 14807 14838 14858 14932 14929 14912 14904 14915 14916 14835 14833 14861 14860 14856 14861 14866 14859 14848
14755 14769 14794 14826 14853 14886 14887 14937 14942 14957 14959 14870 14864 14882 14884 14877 14850 14840 14855 14854 14849
14772 14808 14852 14889 14899 14897 14960 14973 14916 14913 14901 14894 14883 14875 14877 14866 14856 14867 14880 14896 14821
14832 14863 14893 14906 14909 14926 14938 14949 14954 14931 14910 14898 14879 14886 14910 14903 14897 14907 14932 14860 14831
14897 14919 14931 14927 14936 14947 14964 14981 14954 14931 14910 14894 14896 14913 14913 14853 14855 14943 14940 14843 14793
14931 14945 14930 14930 14944 14956 14975 14956 14941 14923 14903 14824 14903 14916 14859 14849 14931 14929 14841 14806 14779
14964 14938 14925 14936 14957 14947 14935 14921 14908 14900 14825 14838 14875 14887 14878 14929 14945 14854 14817 14782 14755
15052 14949 14958 14971 14957 14924 14903 14895 14894 14842 14856 14867 14878 14897 14933 14945 14869 14830 14794 14762 14748
15045 14975 14975 14968 14938 14903 14892 14899 14914 14919 14906 14906 14916 14913 14911 14850 14817 14793 14785 14770 14769
14973 14976 14985 14982 15004 14918 14921 14924 14935 14927 14913 14900 14890 14881 14862 14830 14769 14777 14791 14793 14799
14978 14958 14956 14958 14928 14935 14940 14953 14955 15013 14955 14931 14910 14885 14841 14806 14796 14808 14804 14808 14812
14977 14978 14963 14931 14941 14970 14971 14980 14988 14984 14957 14947 14941 14904 14848 14825 14806 14803 14814 14822 14816
15007 14997 14968 14970 15003 15023 15035 15039 15022 14982 14981 14978 14951 14882 14859 14832 14814 14808 14812 14816 14811
