inst/extdata/modis/lst/modgrid/Lat43.00075Lon-78.78820Start2001-01-01End2013-12-31___MOD11A2/GRID_Lat43.00075Lon-78.78820Start2001-01-01End2013-12-31___MOD11A2_LST_Day_1km_A2009121.asc
ncols		 21
nrows		 21
xllcorner	 -6416881.12
yllcorner	 4772121.02
cellsize	 926.625433055834
NODATA_value	 0
14817 14822 14822 14836 14853 14865 14837 14805 14757 14726 14730 14742 14728 14815 14790 14616 14620 14634 14759 14756 14755
14499 14547 14690 14698 14705 14673 14668 14657 14652 14638 14662 14683 14813 14823 14686 14667 14648 14763 14759 14765 14748
14377 14385 14407 14471 14502 14533 14474 14552 14592 14618 14651 14768 14802 14819 14824 14795 14760 14749 14738 14737 14757
14374 14403 14382 14267 14473 14343 14361 14410 14517 14752 14768 14833 14858 14862 14821 14759 14735 14716 14707 14748 14637
14445 14460 14589 14545 14438 14520 14331 14376 14507 14799 14865 14871 14856 14821 14781 14763 14729 14712 14725 14638 14646
14538 14541 14662 14645 14575 14501 14413 14501 14774 14865 14846 14761 14675 14814 14828 14801 14714 14613 14637 14662 14677
14584 14595 14586 14638 14622 14522 14521 14615 14797 14778 14744 14647 14758 14795 14798 14753 14641 14664 14676 14680 14809
14676 14594 14582 14578 14567 14554 14614 14692 14807 14785 14671 14681 14806 14820 14788 14684 14684 14688 14782 14733 14827
14595 14593 14613 14619 14593 14643 14705 14722 14714 14707 14721 14746 14739 14760 14730 14726 14729 14741 14775 14769 14802
14589 14591 14597 14660 14701 14748 14753 14747 14758 14776 14784 14768 14799 14804 14805 14794 14779 14765 14767 14837 14849
14585 14639 14715 14747 14779 14813 14777 14798 14820 14814 14792 14822 14803 14798 14811 14810 14799 14805 14880 14885 14853
14677 14720 14753 14782 14820 14838 14855 14886 14845 14863 14841 14809 14794 14810 14836 14838 14836 14920 14930 14910 14845
14730 14768 14792 14839 14853 14873 14900 14916 14905 14878 14836 14874 14901 14924 14833 14910 14919 14940 14921 14872 14818
14792 14864 14865 14859 14874 14896 14914 14913 14890 14855 14908 14800 14920 14933 14821 14796 14925 14898 14861 14822 14794
14974 14956 14944 14963 14975 14984 14983 14961 14948 14939 14919 14803 14919 14813 14787 14906 14907 14873 14835 14798 14763
15002 14999 15000 14990 14979 14969 14958 14953 14943 14943 14937 14928 14916 14905 14906 14909 14890 14833 14782 14759 14743
15016 15019 15019 15008 14993 14972 14961 14948 14935 14936 14930 14911 14908 14878 14873 14848 14793 14747 14759 14763 14756
14999 15014 15025 15019 14996 14980 14968 14949 14949 14936 14901 14890 14843 14845 14805 14737 14718 14751 14768 14768 14753
15004 15040 15032 14997 14959 14962 14953 14962 14956 14929 14910 14859 14850 14820 14751 14730 14721 14740 14757 14755 14740
15045 15034 14996 14946 14949 14960 14970 14960 14957 14934 14899 14896 14871 14816 14810 14792 14758 14755 14755 14752 14751
15052 15027 14978 14972 14985 15002 14985 14987 14949 14917 14927 14925 14895 14855 14800 14759 14753 14749 14748 14750 14749
