inst/extdata/modis/lst/modgrid/Lat43.00075Lon-78.78820Start2001-01-01End2013-12-31___MOD11A2/GRID_Lat43.00075Lon-78.78820Start2001-01-01End2013-12-31___MOD11A2_LST_Day_1km_A2002225.asc
ncols		 21
nrows		 21
xllcorner	 -6416881.12
yllcorner	 4772121.02
cellsize	 926.625433055834
NODATA_value	 0
15155 15216 15209 15110 15195 15098 15158 15153 15117 15084 15034 15006 15003 15041 15034 15140 15141 15005 15009 15005 14944
14985 15003 15031 15056 15058 15057 15059 15055 15054 15058 15004 14979 15014 15144 15149 15140 15047 15058 14998 14976 15048
14858 14864 14854 14923 15000 15009 14999 14999 14996 14983 14985 14992 15030 15153 15146 15045 15024 15070 15085 15025 15017
14812 14820 14833 14839 14947 14900 14927 14931 14966 14980 15002 15022 15031 15039 15146 15109 14913 14913 14892 14894 15003
14894 14893 14875 14850 14828 14867 14948 14909 14954 15010 15025 15022 15025 15129 15111 14930 14918 14847 14850 14865 14881
15136 14992 14985 14882 14848 14890 14883 14906 15012 15010 14996 15012 15110 15024 15007 14965 14880 14868 14877 14878 14899
15165 15139 15073 15036 14913 14907 14956 15113 15082 15096 15095 15100 15033 15030 14976 14964 14947 14936 14946 14942 14912
15151 15147 15136 15099 15062 15091 15102 15090 15026 15018 15015 15036 15041 15007 15012 14993 15007 15010 14934 14927 14909
15032 15024 15084 14941 14946 14948 15028 15058 15063 15056 15048 15037 15030 15101 15012 15021 15061 14956 14936 14925 14932
14997 14972 14931 14944 14945 14977 15048 15052 15074 15062 15069 15064 15097 15097 15102 15090 15013 15013 14979 15006 14961
14983 14986 14973 15003 15154 15160 15102 15111 15119 15094 15080 15101 15089 15084 15073 15073 15075 15060 15053 15037 14985
15009 15008 14995 15156 15158 15108 15118 15130 15157 15176 15156 15116 15096 15078 15075 15086 15110 15099 15065 15116 15096
15010 15064 15155 15153 15097 15113 15132 15055 15161 15164 15165 15186 15081 15079 15113 15141 15146 15046 14999 15057 15004
15091 15179 15176 15105 15116 15121 15021 15098 15122 15122 15051 15042 15084 15099 15104 15124 15030 15010 15077 15051 15023
15204 15135 15126 15117 15114 15113 15093 15092 15070 15059 15052 15059 15015 15106 15112 15111 15083 15074 15031 15023 15018
15114 15123 15116 15111 15110 15106 15104 15070 15069 15067 15061 15016 15104 15110 15205 15204 15033 14997 14984 14992 14963
15127 15126 15111 15127 15113 15111 15045 15046 15087 15088 15169 15074 15177 15183 15089 14963 14962 14972 14970 14929 14925
15125 15127 15245 15234 15092 15078 15035 15086 15094 15166 15075 15075 15118 14940 14939 14931 14926 14923 14923 14925 14911
15250 15261 15255 15101 15104 15093 15106 15116 15117 15057 15213 15195 14962 14950 14933 14906 14882 14887 14893 14909 14880
15222 15333 15242 14983 15092 15107 15113 15120 15054 15214 15211 15099 15086 15164 14966 14902 14891 14886 15101 14883 14870
15246 15261 15218 15268 15237 15035 15034 15066 15210 15208 15046 15034 15090 15063 14971 15067 14862 15094 14917 14946 14827
