inst/extdata/modis/lst/modgrid/Lat43.00075Lon-78.78820Start2001-01-01End2013-12-31___MOD11A2/GRID_Lat43.00075Lon-78.78820Start2001-01-01End2013-12-31___MOD11A2_LST_Day_1km_A2007169.asc
ncols		 21
nrows		 21
xllcorner	 -6416881.12
yllcorner	 4772121.02
cellsize	 926.625433055834
NODATA_value	 0
15251 15249 15265 15236 15262 15251 15246 15226 15211 15200 15264 15273 15268 15252 15169 15122 15145 15184 15174 15123 14985
15067 15109 15094 15025 15136 15129 15111 15137 15139 15147 15164 15184 15248 15210 15189 15194 15199 15180 15121 15105 15059
14790 14845 14885 14943 14867 14887 14927 14992 15054 15053 15063 15167 15209 15219 15246 15220 15155 15115 15074 15055 15004
14761 14800 14805 14809 14842 14774 14818 14926 15060 15103 15122 15225 15243 15262 15222 15152 15100 15052 15015 15083 15121
14900 14933 14955 14916 14823 14877 14822 14935 15079 15142 15193 15252 15236 15209 15192 15157 15079 14969 15020 15082 15134
15036 15062 15019 14963 14897 14840 14846 15009 15148 15179 15233 15182 15182 15220 15220 15131 14983 14975 15058 15114 15147
15079 15070 15051 14995 14931 14924 15003 15103 15196 15267 15197 15192 15242 15194 15157 15048 15011 15088 15131 15153 15151
15048 15042 15014 14977 14990 15026 15098 15188 15288 15252 15216 15244 15282 15285 15219 15097 15112 15165 15186 15173 15141
15008 15035 15052 15061 15060 15111 15175 15268 15288 15261 15286 15225 15216 15202 15215 15203 15191 15230 15223 15139 15139
14985 15005 15066 15127 15154 15209 15301 15351 15343 15358 15291 15279 15262 15255 15254 15258 15244 15177 15205 15167 15189
15004 15116 15296 15317 15344 15346 15363 15383 15413 15402 15408 15394 15275 15253 15259 15287 15267 15267 15285 15311 15291
15255 15298 15335 15386 15387 15394 15393 15422 15451 15411 15377 15273 15281 15287 15358 15362 15343 15328 15246 15352 15207
15331 15384 15413 15406 15428 15432 15451 15469 15447 15394 15370 15358 15363 15373 15354 15343 15340 15360 15370 15270 15118
15406 15434 15428 15431 15437 15439 15470 15442 15397 15373 15352 15335 15353 15376 15355 15334 15353 15367 15286 15158 15128
15398 15393 15431 15436 15433 15431 15395 15371 15360 15356 15340 15313 15369 15367 15364 15368 15380 15333 15280 15245 15198
15411 15397 15435 15442 15422 15372 15347 15348 15367 15366 15368 15359 15385 15407 15385 15389 15381 15339 15250 15110 15170
15412 15433 15432 15432 15382 15360 15356 15356 15367 15372 15264 15264 15272 15257 15330 15329 15281 15230 15206 15201 15198
15367 15375 15444 15426 15341 15332 15321 15338 15412 15424 15308 15280 15209 15182 15186 15187 15154 15174 15192 15213 15059
15372 15393 15398 15367 15356 15343 15347 15421 15450 15356 15334 15250 15213 15188 15107 15086 15060 15083 15081 15133 15124
15392 15397 15365 15357 15354 15352 15423 15437 15440 15407 15254 15260 15239 15176 15197 15139 15113 15107 15138 15134 15117
15395 15436 15420 15414 15417 15437 15452 15447 15417 15380 15384 15270 15276 15206 15149 15151 15121 15117 15119 15127 15102
