inst/extdata/modis/lst/modgrid/Lat43.00075Lon-78.78820Start2001-01-01End2013-12-31___MOD11A2/GRID_Lat43.00075Lon-78.78820Start2001-01-01End2013-12-31___MOD11A2_LST_Day_1km_A2010089.asc
ncols		 21
nrows		 21
xllcorner	 -6416881.12
yllcorner	 4772121.02
cellsize	 926.625433055834
NODATA_value	 0
14661 14663 14670 14727 14779 14779 14657 14655 14649 14632 14622 14634 14637 14640 14641 14633 14618 14619 14614 14612 14614
14342 14384 14414 14467 14503 14549 14544 14558 14580 14571 14605 14612 14616 14635 14640 14614 14608 14606 14599 14606 14609
14199 14246 14266 14252 14250 14294 14376 14459 14500 14549 14570 14585 14616 14634 14613 14601 14591 14583 14587 14592 14598
14227 14278 14286 14298 14290 14251 14279 14365 14483 14546 14570 14606 14633 14633 14613 14592 14573 14571 14573 14579 14599
14418 14459 14452 14412 14326 14268 14238 14267 14441 14564 14616 14628 14625 14620 14606 14606 14597 14582 14581 14601 14627
14561 14566 14547 14508 14462 14384 14315 14378 14529 14596 14617 14598 14605 14614 14653 14645 14610 14599 14615 14647 14664
14577 14568 14551 14507 14474 14429 14391 14468 14574 14629 14615 14607 14626 14683 14683 14646 14639 14659 14670 14676 14604
14563 14541 14531 14525 14460 14395 14435 14597 14629 14622 14614 14621 14677 14690 14663 14659 14678 14687 14689 14695 14694
14547 14525 14511 14477 14426 14453 14606 14623 14612 14610 14627 14663 14660 14672 14689 14717 14721 14722 14720 14717 14723
14507 14448 14428 14479 14510 14624 14630 14612 14624 14666 14657 14652 14660 14671 14701 14713 14715 14691 14688 14689 14694
14451 14501 14510 14555 14636 14635 14625 14642 14676 14671 14655 14672 14662 14673 14684 14686 14679 14696 14673 14671 14674
14549 14560 14581 14625 14640 14650 14653 14659 14666 14661 14634 14593 14597 14649 14674 14678 14699 14700 14713 14691 14681
14571 14592 14655 14672 14671 14679 14682 14672 14669 14620 14613 14609 14610 14671 14687 14693 14698 14718 14718 14690 14579
14622 14686 14696 14694 14669 14678 14674 14659 14645 14628 14626 14640 14662 14682 14680 14681 14696 14710 14689 14643 14619
14690 14719 14715 14705 14688 14671 14655 14656 14664 14649 14647 14665 14681 14658 14661 14688 14704 14697 14664 14635 14630
14726 14726 14729 14726 14715 14689 14656 14670 14659 14654 14663 14665 14651 14666 14687 14703 14698 14666 14596 14601 14583
14733 14736 14748 14738 14708 14671 14678 14675 14658 14648 14627 14605 14652 14670 14678 14673 14643 14573 14572 14586 14644
14742 14759 14763 14744 14712 14687 14662 14656 14649 14623 14598 14592 14618 14644 14648 14616 14553 14573 14576 14583 14597
14763 14772 14758 14713 14663 14659 14673 14672 14642 14624 14626 14631 14654 14662 14648 14600 14595 14600 14602 14611 14626
14773 14754 14712 14655 14654 14693 14713 14703 14693 14690 14684 14689 14697 14666 14626 14620 14612 14621 14631 14640 14642
14782 14756 14695 14689 14720 14747 14759 14746 14724 14708 14707 14707 14703 14658 14645 14632 14636 14641 14637 14664 14664
