inst/extdata/modis/lst/modgrid/Lat43.00075Lon-78.78820Start2001-01-01End2013-12-31___MOD11A2/GRID_Lat43.00075Lon-78.78820Start2001-01-01End2013-12-31___MOD11A2_LST_Day_1km_A2004209.asc
ncols		 21
nrows		 21
xllcorner	 -6416881.12
yllcorner	 4772121.02
cellsize	 926.625433055834
NODATA_value	 0
15255 15266 15267 15265 15258 15244 15219 15194 15178 15128 15109 15107 15099 15089 15063 15020 15018 15025 15026 15011 14997
15099 15131 15156 15160 15174 15158 15107 15078 15042 15042 15083 15104 15118 15125 15084 15045 15023 15022 15014 15006 14999
14851 14926 14939 14930 14901 14908 14959 14978 14990 15037 15060 15089 15135 15136 15113 15049 15035 15014 15001 14997 14995
14826 14864 14883 14895 14887 14882 14898 14934 15054 15093 15112 15176 15185 15167 15091 14959 14924 15000 14986 14977 14980
14957 14981 14996 14977 14920 14880 14873 14986 15088 15168 15214 15200 15169 15130 14997 14963 15020 14967 14940 14948 14973
15037 15044 15021 14978 14942 14913 14929 15027 15161 15240 15188 15106 15088 15127 15137 15095 15004 14963 14987 15017 15024
15058 15056 15069 15044 14990 14980 15006 15146 15252 15201 15133 15109 15160 15194 15168 15051 15009 15041 15065 15066 15068
15048 15033 15023 15009 15030 15034 15142 15254 15235 15184 15140 15163 15198 15203 15118 15075 15075 15090 15101 15117 15081
15015 15020 15032 15057 15085 15157 15244 15238 15210 15193 15208 15208 15187 15168 15171 15160 15128 15119 15138 15131 15067
15000 15008 15076 15173 15224 15284 15276 15254 15251 15281 15273 15248 15221 15213 15209 15199 15138 15112 15108 15099 15098
15007 15093 15192 15242 15305 15310 15305 15319 15329 15297 15266 15252 15227 15198 15214 15196 15124 15129 15148 15145 15132
15136 15186 15226 15268 15276 15311 15346 15353 15356 15316 15283 15242 15207 15227 15259 15195 15184 15186 15196 15211 15195
15234 15277 15302 15286 15315 15345 15357 15387 15355 15299 15250 15233 15169 15192 15196 15191 15184 15218 15224 15186 15091
15365 15403 15381 15349 15360 15383 15381 15367 15281 15250 15223 15155 15169 15198 15253 15180 15285 15255 15128 15109 15042
15371 15337 15339 15346 15340 15341 15314 15245 15151 15110 15112 15126 15248 15250 15237 15292 15321 15148 15081 15056 15006
15330 15319 15346 15342 15326 15267 15142 15136 15127 15130 15135 15158 15164 15238 15281 15336 15167 15118 15068 14982 14948
15405 15373 15352 15331 15269 15153 15146 15153 15231 15177 15181 15242 15213 15193 15186 15102 15065 15026 14994 14993 14987
15370 15306 15315 15316 15256 15270 15278 15278 15301 15280 15256 15223 15119 15110 15070 15041 15003 14985 15003 15014 15001
15356 15356 15360 15303 15276 15295 15294 15252 15271 15276 15228 15150 15144 15097 15043 14993 14988 14995 15011 15008 15005
15401 15395 15331 15281 15272 15292 15255 15262 15296 15200 15187 15222 15196 15134 15064 15020 14994 14998 15016 15017 15006
15418 15368 15318 15293 15298 15313 15366 15381 15288 15260 15259 15240 15189 15124 15060 15030 15009 15001 14976 14978 14976
