inst/extdata/modis/lst/modgrid/Lat43.00075Lon-78.78820Start2001-01-01End2013-12-31___MOD11A2/GRID_Lat43.00075Lon-78.78820Start2001-01-01End2013-12-31___MOD11A2_LST_Day_1km_A2003217.asc
ncols		 21
nrows		 21
xllcorner	 -6416881.12
yllcorner	 4772121.02
cellsize	 926.625433055834
NODATA_value	 0
14833 14833 0 0 14882 0 0 15026 15010 14950 14929 14924 14923 14954 14965 14913 14882 14829 14907 14872 14843
14916 14930 14918 14913 14909 14884 14917 14926 14902 14929 14929 14929 14956 14957 14956 14911 14865 14848 14833 14831 14808
14771 14808 14814 14868 14787 14783 14781 14795 14882 14920 14926 14932 14934 14934 14891 14861 14853 14853 14812 14811 14800
14748 14774 14794 14795 14765 14760 14780 14807 14861 14907 14980 14970 14948 14867 14801 14814 14863 14825 14795 14764 14764
14842 14864 14850 14831 14797 14757 14772 14834 14876 15000 15000 14986 14925 14822 14827 14861 14758 14761 14764 14764 0
14924 14895 14884 14860 14855 14830 14820 14856 14892 14965 14962 14944 14943 14936 14928 14839 14839 14758 0 0 0
14950 14962 14966 14936 14896 14878 14900 14892 14894 14929 14937 14944 14935 14936 14848 14857 14825 0 0 0 14825
14936 14937 14909 14910 14923 14939 15018 14901 14886 14906 14920 14900 14906 14916 14899 14892 0 0 0 14965 14921
14916 14919 14922 14947 14987 15151 14819 14822 14842 14857 14894 14892 14890 14886 0 0 14882 14886 14937 14925 14864
14910 14918 14945 15008 15058 14885 14819 14819 14819 0 14896 14896 0 0 14882 14882 14891 14900 14894 14873 14872
14893 14927 14885 15058 0 0 0 0 0 0 0 0 0 14882 14882 14899 14899 14939 14976 14894 14918
15132 15210 15258 15278 0 0 0 0 0 0 0 0 0 0 0 0 14976 14976 14976 0 14897
15221 15261 15278 0 0 0 0 0 0 0 0 0 0 0 0 0 0 0 0 14931 14918
0 0 0 0 0 0 0 0 0 0 0 0 0 0 0 0 0 0 14993 14990 14934
0 0 0 0 0 0 0 0 0 0 0 0 0 0 0 0 14963 14963 14961 14929 14929
0 0 0 0 0 0 15043 15043 15043 0 0 0 0 0 0 0 14926 14913 14946 14923 14875
0 0 0 0 0 15043 15043 15043 15043 0 0 0 0 0 14904 14910 14906 14952 14924 14894 14852
0 0 0 0 15043 15043 15043 15043 0 0 0 0 14967 14910 14903 14898 14887 14882 14902 14864 14850
0 0 0 0 0 0 0 0 0 0 0 14975 14922 14907 14888 14873 14823 14818 14849 14837 14812
0 0 0 0 0 0 0 0 0 0 14993 14993 14943 14919 14892 14838 14828 14864 14874 14881 14863
0 0 0 0 0 0 0 0 0 0 0 0 14876 14917 14913 14875 14859 14862 14866 14858 14843
