inst/extdata/modis/lst/modgrid/Lat43.00075Lon-78.78820Start2001-01-01End2013-12-31___MOD11A2/GRID_Lat43.00075Lon-78.78820Start2001-01-01End2013-12-31___MOD11A2_LST_Day_1km_A2011289.asc
ncols		 21
nrows		 21
xllcorner	 -6416881.12
yllcorner	 4772121.02
cellsize	 926.625433055834
NODATA_value	 0
14391 14413 14431 14443 14439 14427 14422 14409 14414 14378 14365 14364 14352 14382 14375 14359 14336 14341 14340 14325 14314
14359 14371 14369 14381 14392 14402 14401 14397 14384 14380 14380 14380 14400 14391 14374 14329 14325 14333 14321 14299 14304
14321 14311 14313 14335 14340 14338 14355 14373 14374 14389 14403 14401 14372 14359 14330 14323 14308 14307 14322 14308 14301
14303 14269 14291 14287 14316 14334 14355 14369 14400 14411 14401 14407 14367 14339 14322 14344 14365 14369 14348 14298 14258
14341 14296 14316 14322 14338 14346 14356 14381 14390 14393 14406 14395 14353 14319 14358 14363 14365 14286 14297 14291 14306
14319 14344 14350 14368 14344 14329 14322 14364 14375 14409 14402 14399 14355 14351 14353 14378 14342 14326 14328 14334 14351
14349 14363 14383 14368 14344 14312 14347 14398 14427 14424 14414 14404 14384 14382 14408 14390 14368 14359 14345 14356 14360
14348 14387 14354 14313 14331 14348 14372 14441 14436 14405 14388 14392 14391 14414 14394 14364 14369 14348 14329 14377 14377
14376 14384 14340 14363 14400 14427 14439 14436 14416 14404 14421 14412 14410 14389 14372 14373 14355 14333 14335 14390 14392
14399 14408 14417 14416 14431 14440 14449 14444 14426 14435 14412 14413 14409 14393 14386 14407 14342 14307 14354 14378 14378
14392 14400 14407 14420 14442 14458 14468 14442 14428 14393 14388 14398 14389 14408 14386 14397 14357 14360 14374 14387 14360
14392 14399 14410 14438 14445 14453 14446 14453 14416 14401 14386 14391 14415 14397 14408 14406 14387 14338 14386 14380 14355
14424 14417 14421 14445 14439 14433 14441 14432 14414 14436 14433 14410 14376 14407 14403 14392 14371 14403 14389 14353 14336
14437 14442 14448 14436 14426 14430 14451 14408 14418 14425 14415 14377 14388 14370 14358 14354 14422 14421 14423 14396 14370
14453 14465 14472 14477 14440 14434 14412 14414 14412 14404 14373 14365 14366 14362 14351 14454 14439 14421 14406 14359 14358
14478 14472 14463 14440 14474 14455 14370 14410 14418 14389 14389 14403 14394 14431 14446 14425 14400 14386 14365 14349 14335
14476 14437 14450 14462 14433 14386 14407 14423 14429 14419 14411 14431 14389 14398 14427 14408 14369 14342 14345 14326 14314
14439 14449 14468 14449 14475 14410 14418 14428 14425 14423 14440 14388 14400 14413 14394 14381 14335 14321 14315 14299 14298
14442 14472 14478 14445 14429 14382 14381 14404 14412 14408 14391 14404 14421 14390 14374 14372 14347 14324 14350 14358 14285
14479 14470 14444 14430 14406 14378 14392 14389 14407 14410 14422 14425 14405 14381 14381 14382 14374 14373 14367 14295 14290
14463 14455 14440 14405 14479 14360 14369 14385 14400 14425 14437 14419 14392 14386 14382 14355 14333 14330 14324 14307 14265
