inst/extdata/modis/lst/modgrid/Lat43.00075Lon-78.78820Start2001-01-01End2013-12-31___MOD11A2/GRID_Lat43.00075Lon-78.78820Start2001-01-01End2013-12-31___MOD11A2_LST_Day_1km_A2012201.asc
ncols		 21
nrows		 21
xllcorner	 -6416881.12
yllcorner	 4772121.02
cellsize	 926.625433055834
NODATA_value	 0
15089 15158 15262 15274 15298 15302 15261 15205 15233 15244 15232 15234 15271 15215 15101 15082 15064 15148 15043 15014 15012
15063 15108 15127 15220 15179 15070 15090 15138 15188 15175 15164 15214 15173 15170 15149 15057 15119 14989 14957 14974 15076
14899 14930 14862 15001 14909 14845 14841 15097 15101 15030 15047 15069 15074 15166 15048 15100 15007 14964 15098 15049 15062
14900 14890 14733 14776 14940 14766 14790 14939 14982 15040 15057 15067 15163 15123 15085 14955 14954 15063 14866 14804 14999
15001 14952 14923 14923 14916 15010 15029 14956 15017 15204 15191 15204 14969 14983 14891 14911 14976 14804 14806 14998 14976
15146 15165 15183 15159 15105 15035 14939 14987 15025 15203 14990 14982 14969 14950 15022 15002 14993 14820 15010 15004 14840
15145 15123 15219 15178 15122 14934 14951 15020 15247 15051 15039 14906 14922 14937 15037 15021 15016 15018 15030 15034 15023
15106 15108 15193 15156 14962 14969 15018 15119 15072 15030 15006 15077 14902 14902 15087 15080 15080 15034 15029 15059 15056
15102 15106 15213 15017 15009 15056 15116 15119 15056 15024 15102 15176 15156 15221 15091 15091 15093 0 15192 15188 15006
15043 15144 15006 15035 15219 15326 15255 15187 15078 15103 15177 15160 15161 15151 15144 15069 14908 15025 15025 0 0
15104 15136 15244 15333 15316 15320 15309 15279 15219 15117 15085 15096 15094 15098 15110 15066 15041 14908 14908 0 0
15145 15250 15342 15340 15338 15353 15355 15351 15350 15315 15239 15156 15125 15154 15146 15125 15027 15144 0 0 15005
15292 15310 15337 15346 15357 15358 15347 15357 15350 15349 15343 15239 15174 15150 15137 15109 15077 15095 15117 15209 15186
15306 15316 15343 15344 15357 15339 15345 15344 15348 15339 15244 15212 15209 15191 15071 15055 15068 15045 14993 0 15143
15336 15325 15325 15327 15330 15387 15389 15377 15355 15246 15229 15224 15218 15216 14993 15009 15010 0 15231 15328 14898
15330 15319 15329 15319 15391 15386 15377 15348 15313 15246 15237 15211 15200 15170 15170 15180 15179 15147 15115 15044 15016
15348 15364 15351 15397 15387 15373 15349 15334 15277 15259 15194 15182 15216 15204 15185 15182 15147 15136 15113 15047 15048
15308 15315 15373 15395 15387 15368 15309 15301 15327 15271 15239 15237 15196 15089 15140 15082 14991 14958 15132 15136 15016
15307 15310 15368 15378 15380 15367 15305 15312 15362 15375 15374 15290 15176 15155 15090 15018 14996 15008 14904 14890 15008
15320 15357 15383 15383 15381 15324 15338 15380 15379 15370 15298 15255 15262 15234 15114 15054 15017 15027 14969 14920 15005
15364 15383 15384 15384 15327 15344 15399 15398 15363 15297 15274 15275 15212 15084 15157 15123 15101 15107 15046 15037 14994
