inst/extdata/modis/lst/modgrid/Lat43.00075Lon-78.78820Start2001-01-01End2013-12-31___MOD11A2/GRID_Lat43.00075Lon-78.78820Start2001-01-01End2013-12-31___MOD11A2_LST_Day_1km_A2006049.asc
ncols		 21
nrows		 21
xllcorner	 -6416881.12
yllcorner	 4772121.02
cellsize	 926.625433055834
NODATA_value	 0
13841 13840 13802 13795 13827 13817 13881 13867 13863 13855 13857 13860 13975 13755 13742 13720 13714 13723 13723 13711 13698
13670 13729 13750 13792 13815 13794 13739 13740 13851 13837 13957 13970 13970 13959 13738 13718 13712 13710 13704 13697 13697
13672 13680 13709 13647 13656 13664 13668 13739 13817 13825 13839 13955 13964 13754 13736 13717 13695 13696 13893 13883 13885
13663 13670 13646 13630 13673 13662 13668 13697 13763 13847 13961 13984 13979 13749 13727 13705 13694 13621 13724 13878 13879
13717 13733 13681 13666 13683 13669 13741 13755 13797 13860 13997 13980 13948 13731 13717 13700 13619 13708 13705 13847 13842
13809 13808 13797 13755 13688 13738 13765 13782 13957 14009 13977 13940 13731 13729 13719 13895 13712 13842 13840 13835 13851
13712 13712 13722 13752 13747 13745 13842 13849 13885 13979 13951 13960 13959 13927 13913 13907 13872 13862 13855 0 0
13727 13679 13675 13795 13799 13804 13848 13787 13742 13789 13851 13961 13939 13930 13775 13766 13881 13305 0 0 13693
13722 13741 13725 13738 13738 13701 13755 13753 13795 13853 13959 13932 13920 13707 13572 13302 13305 13508 13710 13690 13646
13782 13723 13734 13811 13763 13812 13877 13815 13860 13974 13958 13951 13591 13610 13509 13509 13708 13706 13657 13505 13656
13823 13753 13778 13907 13999 13975 13970 13870 13875 13837 13989 13649 13632 13621 13709 13507 13507 13496 13500 13344 0
13865 13771 13889 13973 13975 13974 13860 13870 13866 13827 13769 13747 13524 13719 13512 13511 13329 13318 13318 0 0
13884 13992 13985 13981 13982 13747 13710 13879 13983 13772 13648 13734 13511 13507 13509 13301 13318 0 0 13502 13503
14003 13891 13888 13883 13763 13770 13884 13983 13983 13734 13502 13270 13272 13260 0 0 0 0 13504 13505 13507
13900 13898 13884 13869 13859 13773 13692 13909 13855 13270 13252 13244 13498 13498 13498 0 0 0 13507 13507 0
14021 13889 13875 13944 13767 13746 13732 13857 13855 0 0 13498 13498 13498 0 0 0 0 0 0 0
13995 13986 0 0 13863 13618 13860 13855 0 0 0 0 13221 13221 0 0 0 0 0 0 0
14036 0 0 0 0 13863 0 0 0 0 0 13221 13221 0 0 0 0 0 0 0 13724
14063 14066 14072 14017 13978 13967 13965 0 0 0 13794 13794 13791 13791 0 0 0 0 0 13724 13724
14083 14080 14010 13978 13967 13965 0 0 0 13794 13794 13791 13791 0 0 0 0 0 13724 13724 0
13882 14095 13978 13965 13965 0 0 0 13646 13646 0 0 0 0 0 0 0 0 13711 13711 13715
