inst/extdata/modis/lst/modgrid/Lat43.00075Lon-78.78820Start2001-01-01End2013-12-31___MOD11A2/GRID_Lat43.00075Lon-78.78820Start2001-01-01End2013-12-31___MOD11A2_LST_Day_1km_A2005353.asc
ncols		 21
nrows		 21
xllcorner	 -6416881.12
yllcorner	 4772121.02
cellsize	 926.625433055834
NODATA_value	 0
13353 13346 13348 13338 13340 13346 13326 13322 13315 13303 13302 13290 13285 13286 13288 13297 13291 13279 13273 13274 13292
13475 13431 13387 13367 13355 13346 13331 13322 13318 13330 13311 13298 13290 13288 13288 13280 13278 13272 13271 13284 13295
13579 13567 13577 13575 13546 13504 13441 13364 13343 13323 13313 13315 13307 13310 13297 13289 13280 13272 13275 13295 13292
13548 13500 13487 13478 13498 13541 13502 13393 13346 13328 13325 13313 13314 13308 13298 13290 13299 13311 13297 13304 13302
13166 13170 13175 13185 13205 13517 13616 13522 13414 13345 13323 13323 13327 13328 13317 13315 13312 0 13306 13302 13291
13146 13151 13160 13160 13158 13406 13482 13455 13376 13323 13309 13312 13316 13316 13322 13322 0 13327 13327 13323 13309
13149 13156 13160 13164 13342 13448 13464 13413 13331 13322 13309 13307 13312 13327 13320 13317 13302 13306 13314 13311 13309
13325 13325 13323 13320 13410 13469 13448 13371 13355 13327 13315 13317 13333 13318 13321 13316 13307 13304 13304 13306 13312
13323 13333 13337 13358 13449 13452 13380 13347 13333 13327 13327 13335 13322 13321 13321 13314 13302 13298 13294 13293 13293
13373 13414 13461 13384 13360 13347 13336 13321 13323 13330 13331 13327 13323 13325 13316 13303 13299 13313 13303 13296 13292
13429 13342 13333 13330 13327 13327 13308 13290 13321 13342 13326 13327 13319 13309 13302 13308 13309 13305 13303 13302 13297
13325 13329 13329 13326 13322 13328 13323 13346 13350 13331 13327 13308 13298 13303 13317 13314 13316 13312 13312 13310 13297
13337 13341 13338 13332 13332 13334 13351 13351 13339 13328 13319 13312 13306 13308 13311 13314 13315 13319 13319 13290 13278
13358 13361 13357 13343 13339 13346 13349 13344 13339 13321 13309 13304 13307 13315 13296 13302 13312 13314 13296 13288 13286
13365 13360 13346 13340 13343 13342 13338 13324 13320 13315 13318 13319 13324 13294 13304 13322 13322 13305 13295 13291 13293
13366 13365 13355 13349 13347 13338 13325 13319 13318 13329 13332 13327 13320 13323 13327 13319 13304 13292 13290 13298 13296
13376 13367 13361 13356 13337 13326 13322 13319 13315 13322 13327 13319 13318 13321 13315 13303 13306 13319 13294 13289 13287
13352 13351 13352 13343 13334 13336 13333 13328 13328 13332 13286 13275 13253 13297 13307 13308 13309 13297 13293 13288 13284
13347 13348 13355 13321 13311 13318 13325 13329 13341 13295 13281 13261 13311 13310 13305 13300 13247 13255 13248 13285 13278
13361 13367 13343 13308 13314 13324 13329 13340 13332 13310 13302 13307 13233 13231 13300 13243 13252 13249 13290 13283 13284
13386 13368 13331 13330 13336 13341 13337 13339 13322 13315 13316 13237 13228 13200 13312 13308 13305 13297 13292 13294 13297
