inst/extdata/modis/lst/modgrid/Lat43.00075Lon-78.78820Start2001-01-01End2013-12-31___MOD11A2/GRID_Lat43.00075Lon-78.78820Start2001-01-01End2013-12-31___MOD11A2_LST_Day_1km_A2009009.asc
ncols		 21
nrows		 21
xllcorner	 -6416881.12
yllcorner	 4772121.02
cellsize	 926.625433055834
NODATA_value	 0
13239 13011 12967 12968 13129 13363 13356 13328 13324 13315 13308 13330 13331 13312 13313 13344 13306 13307 13303 13306 13321
13341 13348 13339 13343 13344 13263 13231 13222 13213 13309 13312 13323 13324 13320 13322 13313 13317 13079 13079 13326 13327
13433 13425 13413 13499 13346 13325 13319 13264 13206 13206 13214 13336 13175 13332 13338 13143 13108 13082 13121 13138 13330
13409 13395 13311 13312 13488 13360 13402 13357 13323 13230 13185 13186 13180 13171 13151 13129 13131 13154 13155 13331 13321
13239 13235 13217 13216 13323 13466 13379 13350 13271 13262 13195 13169 13162 13155 13138 13148 13183 13183 13353 13344 13130
13166 13163 13167 13258 13339 13357 13319 13290 13245 13217 13155 13134 13127 13141 13146 13414 13103 13058 13057 13355 13354
13329 13336 13169 13173 13371 13286 13281 13242 13205 13213 13151 13124 13042 13060 13094 13066 13058 13059 13059 13079 13076
13339 13339 13331 13339 13252 13251 13237 13205 13233 13330 13128 13045 13060 13080 13070 13061 13059 13061 13077 13073 13355
13340 13191 13249 13259 13239 13240 13231 13236 13341 13055 13058 13064 13065 13077 13074 13075 13072 13068 13063 13357 13354
13232 13269 13190 13206 13207 13204 13363 13352 13042 13050 13060 13064 13078 13089 13089 13081 13363 13355 13365 13359 13348
13221 13119 13166 13171 13248 13365 13377 13001 13006 13008 13161 13152 13143 13025 13024 13371 13366 13361 13366 13368 13061
13084 13071 13086 13375 13380 13386 13161 13168 13169 13168 13162 13148 13133 13141 13379 13384 13375 13375 13383 13070 13054
13066 13073 13166 13361 13396 13169 13234 13239 13238 13232 13152 13134 13141 13139 13372 13145 13144 13154 13022 13001 13032
13167 13232 13376 13371 13222 13233 13237 13237 13232 13378 13359 13131 13130 13138 13148 13141 13155 13150 13137 13136 13016
13390 13385 13378 13374 13224 13225 13221 13213 13059 13134 13065 13066 13082 13083 13146 13156 13148 12993 13133 13029 12963
13396 13389 13378 13368 13228 13215 13207 13120 13043 13061 13068 13088 13083 13145 13146 13143 13137 13129 12804 12803 12788
13260 13251 13246 13231 13140 13206 13046 13047 12919 13077 13149 13077 13140 13118 13115 13117 12830 12823 12819 12795 12815
13248 13243 13161 13145 13073 13321 13119 13137 13153 13138 13113 13106 13113 13094 13093 12821 12821 12814 12791 12790 12812
13162 13161 13086 13085 13322 13319 13348 13373 13128 13108 13106 12896 12878 12878 12817 12755 12807 12789 12791 12817 0
13085 13141 13141 13321 0 13373 13373 13152 13152 13153 12903 12813 12813 12814 12750 12743 12745 0 0 13323 13306
13086 13147 13142 12948 13166 13163 13159 13146 13147 13149 12745 12745 12739 12738 12726 12721 0 0 13323 13302 13291
