inst/extdata/modis/lst/modgrid/Lat43.00075Lon-78.78820Start2001-01-01End2013-12-31___MOD11A2/GRID_Lat43.00075Lon-78.78820Start2001-01-01End2013-12-31___MOD11A2_LST_Day_1km_A2003273.asc
ncols		 21
nrows		 21
xllcorner	 -6416881.12
yllcorner	 4772121.02
cellsize	 926.625433055834
NODATA_value	 0
14624 14456 14358 14347 14392 14612 14261 14199 14341 14320 14223 14234 14219 14320 14313 14264 14270 14496 14526 14323 14497
14406 14285 14301 14346 14346 14320 14240 14315 14317 14208 14216 14183 14276 14301 14299 14281 14339 14352 14313 14308 14496
14214 14239 14295 14270 14252 14267 14463 14490 14480 14506 14265 14275 14313 14318 14346 14282 14286 14319 14223 14230 14492
14209 14234 14244 14325 14301 14297 14323 14357 14385 14545 14537 14564 14381 14375 14285 14270 14297 14208 14210 14228 14494
14223 14225 14359 14319 14310 14328 14340 14359 14559 14590 14594 14370 14359 14341 14257 14297 14190 14201 14215 14301 14309
14380 14390 14370 14491 14196 14204 14205 14255 14363 14374 14357 14355 14351 14374 14326 14296 14446 14408 14284 14301 14367
14399 14249 14276 14252 14199 14214 14252 14279 14383 14363 14265 14360 14319 14413 14450 14389 14465 14313 14320 14379 14375
14150 14161 14268 14518 14494 14327 14552 14615 14384 14271 14271 14315 14383 14416 14365 14345 14353 14356 14389 14370 14365
14267 14336 14360 14350 14536 14405 14430 14314 14279 14303 14349 14375 14365 14359 14374 14386 14408 14428 14424 14397 14320
14325 14332 14341 14535 14352 14376 14358 14308 14355 14390 14396 14399 14370 14344 14370 14340 14336 14308 14399 14390 14377
14398 14415 14595 14438 14374 14383 14380 14378 14398 14405 14460 14552 14415 14347 14341 14335 14326 14387 14392 14396 14448
14326 14360 14435 14450 14476 14470 14446 14407 14659 14542 14515 14491 14307 14284 14320 14338 14346 14357 14343 14410 14408
14368 14430 14434 14436 14411 14404 14416 14417 14335 14348 14326 14303 14284 14327 14325 14307 14345 14349 14307 14293 14298
14427 14437 14428 14314 14342 14367 14377 14261 14312 14310 14274 14289 14274 14317 14510 14336 14344 14297 14291 14298 14287
14447 14277 14254 14350 14366 14304 14473 14433 14357 14337 14268 14271 14291 14440 14474 14491 14506 14434 14308 14279 14273
14278 14361 14342 14537 14501 14462 14446 14443 14441 14407 14267 14434 14466 14466 14463 14487 14457 14382 14330 14310 14168
14564 14548 14532 14524 14488 14467 14434 14463 14490 14578 14452 14479 14446 14434 14463 14445 14380 14307 14301 14168 14177
14538 14533 14551 14554 14527 14465 14457 14494 14501 14494 14471 14432 14430 14450 14499 14471 14428 14305 14317 14313 14426
14519 14596 14559 14492 14481 14463 14451 14551 14505 14488 14374 14361 14429 14501 14355 14342 14316 14323 14317 14287 14256
14410 14429 14438 14476 14466 14467 14457 14499 14494 14389 14378 14418 14426 14392 14364 14332 14292 14281 14287 14272 14325
14466 14448 14467 14445 14459 14541 14415 14409 14386 14384 14398 14407 14385 14351 14313 14279 14247 14275 14275 14250 14297
