inst/extdata/modis/lst/modgrid/Lat43.00075Lon-78.78820Start2001-01-01End2013-12-31___MOD11A2/GRID_Lat43.00075Lon-78.78820Start2001-01-01End2013-12-31___MOD11A2_LST_Day_1km_A2010201.asc
ncols		 21
nrows		 21
xllcorner	 -6416881.12
yllcorner	 4772121.02
cellsize	 926.625433055834
NODATA_value	 0
15274 15273 15250 15253 15240 15233 15193 15182 15159 15125 15125 15124 15121 15059 15043 15013 15052 15062 15010 14988 14930
15022 15055 14989 15132 15094 15131 15139 15085 15072 15068 15092 15117 15076 15080 15056 15088 15079 15071 14983 14931 14903
14836 14892 14899 14944 14957 14971 14989 15015 15020 15037 15055 15090 15142 15153 15116 15074 15034 15012 15007 14934 14983
14852 14879 14925 14945 14928 14928 14948 14982 15052 15077 15105 15146 15173 15137 15084 15017 14973 14943 14797 14929 14933
14942 14977 14989 14954 14932 14904 14912 14960 15022 15082 15169 15187 15145 15099 15048 15008 14976 14902 14919 14855 14872
15071 15062 14990 14957 14917 14907 14926 14977 15077 15139 15146 15084 15086 15107 15065 15038 14984 14953 14880 14985 14997
15089 15064 15035 14950 14935 14923 14953 15147 15113 15137 15102 15086 15138 15155 15098 15032 14980 14978 14982 14963 14983
15043 15036 14989 14978 14989 15046 15086 15158 15165 15143 15104 15117 15149 15133 15060 15004 15012 14999 14979 14984 14974
15000 15015 15046 15044 15120 15182 15225 15210 15172 15073 15080 15173 15149 15118 15068 15050 15027 15048 15036 14993 14982
14998 15023 15063 15179 15211 15233 15220 15210 15127 15155 15235 15185 15166 15169 15159 15124 15080 15058 15038 15040 15066
15014 15072 15202 15229 15237 15212 15241 15244 15288 15277 15228 15224 15170 15128 15117 15103 15091 15076 15053 15082 15033
15145 15195 15213 15242 15243 15267 15263 15304 15310 15267 15253 15184 15145 15129 15139 15082 15088 15090 15117 15066 14969
15215 15250 15274 15266 15268 15283 15447 15302 15267 15266 15215 15182 15140 15141 15090 15074 15025 14948 14978 14969 14931
15226 15259 15258 15236 15215 15193 15198 15234 15192 15165 15151 15091 15075 15050 15040 14941 15025 15065 15065 14900 14889
15260 15244 15233 15177 15159 15106 15096 15119 15115 15134 15120 15101 15065 15076 15112 15061 15080 15058 14810 14891 14893
15276 15218 15192 15186 15099 15100 15096 15061 15104 15145 15111 15079 15091 15118 15134 15162 15152 14786 14915 14910 14885
15297 15219 15204 15152 15138 15164 15155 15173 15160 15144 15140 15117 15129 15114 15102 15041 15001 14955 14917 14892 14881
15249 15253 15247 15225 15194 15195 15196 15188 15183 15174 15147 15105 15063 15061 14978 14916 14890 14882 14947 14904 14877
15247 15262 15261 15215 15183 15187 15186 15202 15202 15209 15164 15114 15073 14972 14895 14848 14844 14928 15118 15087 15018
15242 15235 15210 15175 15173 15179 15200 15226 15247 15406 15375 15391 15123 15025 14952 14917 15084 15081 15127 15003 14899
15233 15209 15178 15178 15239 15239 15270 15269 15416 15388 15405 15305 15238 15291 15205 15166 15134 14895 15014 14911 14915
