inst/extdata/modis/lst/modgrid/Lat43.00075Lon-78.78820Start2001-01-01End2013-12-31___MOD11A2/GRID_Lat43.00075Lon-78.78820Start2001-01-01End2013-12-31___MOD11A2_LST_Day_1km_A2011169.asc
ncols		 21
nrows		 21
xllcorner	 -6416881.12
yllcorner	 4772121.02
cellsize	 926.625433055834
NODATA_value	 0
15317 15302 15211 15315 15364 15315 15143 15126 15097 14925 14934 14966 14984 15025 15007 14920 14949 15013 15023 15047 14872
14736 14972 14987 14922 15193 14927 14878 14877 14862 14894 14867 14965 15023 15048 15046 15006 14944 14927 14916 14868 14846
14503 14516 14503 14857 14651 14734 14788 14812 14907 14864 14921 14954 14946 15145 15099 14973 14825 14811 14826 14838 14893
14507 14503 14497 14518 14654 14597 14562 14701 14770 14802 14922 14949 14965 15285 0 14804 14840 14803 14802 14909 14945
14681 14774 14849 14741 14638 14651 14613 14683 14803 14983 14992 14995 15115 15075 14970 14884 14844 14811 14854 14927 14974
14897 14850 14820 14771 14743 14638 14627 14731 15045 15295 15147 15077 15057 15144 15203 14959 14862 14852 14955 14994 15023
14985 14961 14888 14840 14834 14838 14877 14838 15297 15175 15101 15081 15182 15277 15089 14964 14910 15000 15038 15055 15053
14860 14871 14875 14917 14910 14881 15004 15257 15136 15126 15083 15113 15293 15163 15057 15044 15062 15069 15091 15073 15032
14836 14880 14938 14932 14930 14962 15103 15056 15035 15079 15133 15123 15095 15078 15077 15092 15115 15113 15069 15053 15088
14793 14827 14883 14928 14971 15057 15030 14974 15058 15135 15177 15158 15135 15093 15049 15039 15021 14996 15018 15016 15025
14825 14879 14958 15107 15017 14998 14932 15091 15124 15187 15198 15208 15253 15159 15130 14994 14951 14954 15008 15018 15013
14994 15037 15059 15124 14892 14981 15055 15071 15201 15207 15197 15226 15131 15127 15246 15224 15188 15188 0 14998 15025
0 0 0 0 14989 14989 15046 15205 15207 15157 15135 15076 15093 15212 15207 15137 15135 15121 15156 15002 14984
0 0 0 14862 14918 15051 15191 15200 15081 15093 15112 15131 15133 15234 15144 15133 15118 15156 15056 15035 15000
0 0 14842 14892 15023 15059 15094 15071 15068 15057 15055 15105 15250 15250 15155 15255 15231 15086 15059 15029 14934
0 0 14936 14994 15030 15078 15076 15077 15091 15085 15154 15251 15251 15253 15255 15255 15256 15151 15028 14905 14854
0 14959 14975 15006 15127 15133 15121 15114 15126 15237 15261 15267 0 0 0 15256 15037 14964 14969 15034 15007
0 15003 15083 15137 15151 15169 15170 15188 15261 15272 15314 0 0 0 0 14760 14787 14930 15034 15026 14884
0 15127 15123 15125 15148 15159 15206 15262 15293 15468 15522 15535 0 0 14771 14750 0 15040 15040 14901 14880
0 15120 15110 15136 15150 15201 15233 15279 15458 15521 15558 0 0 14817 14817 0 15040 15039 15016 15000 14991
0 15071 15071 15128 15233 15238 15277 15338 15359 15441 15112 15148 14889 0 0 0 15034 15005 14854 14840 14966
