inst/extdata/modis/lst/modgrid/Lat43.00075Lon-78.78820Start2001-01-01End2013-12-31___MOD11A2/GRID_Lat43.00075Lon-78.78820Start2001-01-01End2013-12-31___MOD11A2_LST_Day_1km_A2008025.asc
ncols		 21
nrows		 21
xllcorner	 -6416881.12
yllcorner	 4772121.02
cellsize	 926.625433055834
NODATA_value	 0
13483 13474 13360 13464 13466 13467 13462 13444 13541 13501 13494 0 0 13342 13342 13342 13210 13078 13069 13066 13064
13505 13500 13485 13485 13484 13481 13471 13468 13447 13446 13494 0 13448 13346 13343 13178 13028 13007 13026 13038 13297
13477 13469 13469 13517 13500 13502 13503 13457 13457 13420 13484 13449 13450 13452 13305 13281 12967 12978 12982 0 0
13482 13479 13539 13496 13499 13498 13401 13401 13420 13498 13462 13454 13452 13452 13547 13547 13268 13547 12973 12980 13037
13523 13511 13476 13480 13489 13401 13458 13498 13505 13479 13469 13463 13453 13294 13295 13268 13272 13008 13290 13311 13100
13419 13460 13475 13470 13493 13534 13536 13517 13500 13485 13469 13453 13296 13301 13290 13287 13012 13294 13303 13315 13327
13382 13371 13387 13424 13443 13528 13508 13506 13500 13314 13301 13299 13301 13293 13331 13331 13287 13293 13313 13319 13317
13390 13386 13396 13405 13492 13499 13507 13338 13319 13306 13306 13330 13346 13353 13299 13280 13281 13307 13307 13316 13327
13390 13387 13476 13482 13490 13506 13508 13478 13314 13320 13342 13344 13337 13280 13578 13472 13309 13306 13312 13318 13328
13437 13479 13486 13492 13504 13503 13484 13319 13322 13293 13345 13325 13305 13471 13474 13476 13475 13308 13309 13292 13296
13521 13490 13491 13493 13495 13299 13295 13294 13299 13301 13478 13468 13467 13462 13569 13593 13595 13582 13285 13287 13302
0 13557 13561 13579 13299 13336 13341 13317 13317 13305 13320 13472 13457 13565 13608 13607 13592 13290 13292 13299 13283
13554 13553 13592 13308 13340 13343 13357 13364 13335 13321 13321 0 13589 13591 13594 13594 13595 13590 13296 13280 13276
13282 13306 13315 13345 13346 13351 13355 13334 13336 13338 13039 13558 13570 13580 13582 13581 13583 13576 13286 13279 13269
13336 13343 13322 13316 13338 13333 13308 13308 13292 13292 13290 13288 13297 13570 13575 13577 13569 13562 13551 13537 13453
13340 13316 13295 13277 13259 13270 13291 13283 13282 13296 13296 13296 13565 13569 13571 13577 13574 13541 13539 13529 13520
13306 13274 13252 13246 13283 13288 13281 13283 13297 13294 13292 13558 13549 13552 13559 13570 13521 13517 13510 13444 13446
13271 13267 13272 13292 13288 13281 13287 13296 13296 13287 13290 13284 13278 13282 13536 13515 13515 13508 13441 13441 13368
13263 13276 13288 13279 13272 13278 13291 13292 13287 13292 13294 13278 13283 13280 13523 13450 13448 13511 13365 13352 13396
13280 13283 13278 13265 13262 13268 13280 13286 13291 13292 13288 13287 13288 13283 13322 13316 13318 13227 13372 13363 13308
13288 13294 13290 13271 13276 13281 13287 13291 13288 13281 13278 13279 13318 13323 13209 13218 13223 13207 13206 13181 13198
