inst/extdata/modis/lst/modgrid/Lat43.00075Lon-78.78820Start2001-01-01End2013-12-31___MOD11A2/GRID_Lat43.00075Lon-78.78820Start2001-01-01End2013-12-31___MOD11A2_LST_Day_1km_A2008001.asc
ncols		 21
nrows		 21
xllcorner	 -6416881.12
yllcorner	 4772121.02
cellsize	 926.625433055834
NODATA_value	 0
13217 13144 13162 13190 13226 13205 13188 13160 13136 13122 13126 13120 13115 13108 13169 13164 13076 13059 13052 13056 0
13322 13315 13306 13324 13311 13278 13220 13160 13127 13115 13121 13123 13122 13151 13154 13103 13062 13053 13056 13109 13120
13523 13475 13440 13436 13411 13385 13307 13243 13138 13134 13131 13127 13130 13123 13111 13110 13067 13065 13139 13131 13122
13536 13535 13540 13491 13412 13498 13474 13413 13250 13229 13304 13158 13157 13160 13149 13129 13105 13155 13137 13121 13121
0 0 13463 13412 13525 13477 13484 13388 13337 13304 13201 13179 13160 13157 13143 13133 0 0 13121 13121 13138
13194 13186 13179 0 13305 13315 13478 13395 13319 13204 13198 13181 13147 13147 13140 0 0 13148 13145 13160 13164
13181 13199 13223 0 13226 13292 13367 13360 13237 13214 13194 13128 13152 13165 13169 13169 13142 13144 13162 13169 13171
13226 13209 13149 13175 13233 13366 13357 13283 13226 13194 13169 13185 13186 13181 13177 13159 13143 13147 13150 13153 13159
13143 13144 13185 13242 13371 13343 13284 13228 13199 13190 13188 13187 13182 13176 13172 13163 13159 13168 13159 13159 13149
13143 13341 13305 13313 13282 13268 13239 13199 13197 13196 13191 13178 13169 13173 13177 13173 13228 13201 13158 13146 13136
13268 13256 13227 13209 13215 13217 13200 13195 13195 13207 13188 13174 13164 13162 13158 13177 13167 13159 13153 13147 13138
13187 13194 13193 13205 13212 13207 13208 13208 13220 13201 13180 13149 13133 13140 13155 13159 13160 13163 13171 13149 13125
13199 13234 13239 13238 13232 13229 13233 13239 13228 13207 13168 13143 13142 13148 13160 13159 13161 13164 13149 13132 13112
13236 13257 13259 13259 13242 13249 13268 13240 13213 13179 13154 13150 13149 13165 13136 13117 13144 13143 13135 13108 13100
13265 13261 13248 13241 13244 13252 13233 13213 13189 13167 13157 13152 13161 13137 13125 13149 13153 13145 13125 13122 13123
13271 13263 13251 13254 13254 13217 13207 13196 13194 13190 13182 13165 13148 13140 13156 13166 13159 13132 13122 13124 13129
13301 13278 13265 13258 13207 13197 13193 13179 13176 13172 13160 13154 13150 13152 13151 13161 13172 13179 13148 13127 13110
13296 13270 13256 13274 13229 13202 13182 13176 13172 13163 13158 13142 13123 13125 13166 13204 13199 13156 13122 13104 13088
13272 13273 13281 13215 13191 13177 13187 13187 13189 13189 13175 13154 13142 13156 13181 13119 13127 13122 13122 13111 13103
13281 13293 13248 13189 13175 13204 13212 13206 13185 13164 13149 13163 13150 13137 13120 13129 13133 13132 13121 13115 13108
13298 13272 13213 13192 13203 13218 13212 13189 13164 13159 13178 13176 13173 13169 13160 13148 13135 13123 13119 13116 13127
