inst/extdata/modis/lst/modgrid/Lat43.00075Lon-78.78820Start2001-01-01End2013-12-31___MOD11A2/GRID_Lat43.00075Lon-78.78820Start2001-01-01End2013-12-31___MOD11A2_LST_Day_1km_A2011321.asc
ncols		 21
nrows		 21
xllcorner	 -6416881.12
yllcorner	 4772121.02
cellsize	 926.625433055834
NODATA_value	 0
14050 14050 14050 14049 14048 14044 14028 14017 14007 14006 14002 14007 14009 14010 14009 13995 13981 13976 13973 13972 13971
14035 14041 14032 14022 14022 14020 14012 14004 13982 13988 14004 14013 14019 14020 14007 13991 13980 13964 13945 13961 13965
14039 14035 14030 14005 13998 13992 14027 13988 13984 13993 13997 14002 14007 14012 13999 13971 13959 13936 13941 13956 13959
14013 14013 13994 13985 14009 14029 14000 13992 13996 14047 14041 14036 14039 14009 13996 13982 13957 13948 13949 13954 13962
14000 14005 14007 13992 14009 14029 14057 14080 14070 14057 14048 14045 14013 14008 13995 14000 13977 13967 13961 13971 13974
14011 14013 14002 13991 13990 14001 14070 14081 14072 14060 14035 14007 14020 14009 14015 14011 14003 13993 13993 13991 13995
14001 14006 13993 13998 13992 14047 14073 14079 14079 14051 14036 14032 14028 14028 14033 14028 14027 14031 14022 14012 14013
13969 13960 13969 13996 14027 14064 14080 14075 14060 14046 14039 14037 14037 14047 14040 14041 14042 14033 14024 14019 14010
13972 13979 14019 14033 14057 14081 14069 14034 14029 14032 14049 14056 14063 14057 14063 14061 14049 14043 14043 14035 14027
14017 14045 14040 14066 14056 14049 14037 14038 14047 14069 14079 14083 14075 14070 14070 14074 14055 14044 14041 14040 14039
14008 14020 14030 14044 14045 14039 14044 14066 14080 14082 14077 14075 14092 14072 14076 14072 14072 14069 14076 14065 14045
14008 14005 14020 14032 14058 14069 14082 14091 14092 14076 14067 14062 14070 14113 14125 14081 14081 14091 14096 14085 14058
14027 14013 14034 14065 14075 14089 14099 14100 14088 14073 14072 14071 14074 14092 14095 14080 14083 14086 14088 14056 14034
14015 14031 14049 14064 14084 14099 14102 14094 14082 14081 14073 14071 14090 14095 14094 14083 14078 14078 14061 14009 13976
14034 14039 14051 14063 14082 14088 14082 14069 14069 14068 14071 14076 14083 14090 14091 14083 14081 14067 14009 13954 13935
14050 14059 14055 14064 14070 14070 14062 14070 14066 14073 14081 14073 14068 14073 14068 14071 14039 14003 13971 13949 13928
14092 14054 14052 14052 14067 14063 14073 14065 14066 14064 14053 14062 14058 14041 14030 13992 13975 13980 13945 13954 13962
14080 14047 14053 14063 14064 14070 14067 14058 14048 14035 14036 14006 14001 13971 13955 13936 13973 13931 13933 13950 13979
14069 14075 14076 14071 14062 14050 14049 14042 14029 14013 13985 13986 14046 13962 13991 13977 13932 13933 13950 13951 13962
14071 14072 14070 14059 14023 14016 14028 14056 14003 13992 14058 14055 14043 14021 14005 13990 13945 13944 13944 13954 13960
14079 14071 14055 14020 14013 13969 14089 14004 13999 14067 14066 14052 14035 14016 13995 13980 13976 13921 13916 13923 13962
