inst/extdata/modis/lst/modgrid/Lat43.00075Lon-78.78820Start2001-01-01End2013-12-31___MOD11A2/GRID_Lat43.00075Lon-78.78820Start2001-01-01End2013-12-31___MOD11A2_LST_Day_1km_A2012345.asc
ncols		 21
nrows		 21
xllcorner	 -6416881.12
yllcorner	 4772121.02
cellsize	 926.625433055834
NODATA_value	 0
13849 13856 13860 13858 13858 13869 13859 13836 13825 13826 13846 13860 13866 13867 13864 13842 13828 13835 13838 13843 13845
13844 13860 13849 13839 13845 13844 13839 13832 13831 13838 13846 13848 13854 13854 13853 13836 13833 13836 13839 13844 13846
13873 13871 13852 13836 13836 13835 13838 13832 13826 13838 13843 13842 13845 13843 13843 13826 13822 13830 13834 13837 13885
13851 13842 13838 13832 13831 13839 13853 13843 13845 13844 13862 13868 13867 13853 13833 13824 13826 13823 13819 13827 13830
13818 13811 13813 13807 13809 13831 13845 13860 13858 13890 13898 13882 13870 13857 13844 13838 13820 13803 13810 13819 13815
13802 13806 13804 13803 13810 13824 13851 13865 13898 13891 13872 13868 13866 13917 13932 13918 13876 13819 13814 13811 13809
13795 13796 13806 13808 13816 13838 13865 13899 13894 13879 13872 13878 13907 13941 13934 13911 13910 13904 13887 13861 13839
13845 13841 13836 13818 13834 13862 13903 13895 13892 13877 13886 13900 13902 13899 13891 13888 13919 13911 13896 13887 13868
13860 13869 13894 13797 13813 13811 13804 13795 13892 13895 13898 13899 13902 13900 13915 13920 13940 13927 13874 13862 13872
13802 13821 13823 13827 13823 13811 13798 13897 13898 13904 13913 13914 13916 13925 13927 13950 13937 13881 13885 13904 13888
13817 13812 13922 13922 13818 13816 13919 13920 13915 13912 13909 13909 13912 13918 13952 13959 13953 13951 13937 13923 13905
13807 13905 13913 13928 13929 13935 13942 13947 13943 13927 13913 13904 13907 13957 13969 13967 13968 13968 13974 13963 13929
13918 13929 13943 13943 13952 13951 13972 13950 13942 13960 13954 13949 13934 13939 13971 13968 13961 13977 13981 13954 13926
13933 13952 13951 13975 13976 13988 13990 13983 13972 13969 13968 13936 13938 13944 13941 13933 13937 13937 13944 13935 13922
13953 13958 13982 13982 13980 13981 13982 13977 13977 13973 13935 13936 13943 13944 13937 13943 13941 13936 13942 13923 13897
13967 13990 13988 13983 13979 13968 13959 13966 13974 13935 13934 13935 13938 13940 13945 13945 13931 13931 13904 13894 13892
13997 13993 13988 13983 13971 13967 13969 13969 13930 13933 13935 13938 13938 13938 13935 13927 13903 13861 13863 13883 13883
13986 13983 13989 13986 13978 13976 13975 13970 13963 13931 13923 13922 13926 13925 13922 13904 13874 13871 13886 13886 13884
13980 13989 13997 13990 13976 13977 13973 13963 13955 13948 13943 13925 13938 13935 13907 13896 13898 13889 13889 13885 13884
13990 13993 13994 13976 13981 13978 13972 13965 13965 13966 13961 13960 13949 13919 13906 13898 13883 13881 13878 13884 13884
13996 13998 13982 13981 13981 13980 13981 13979 13974 13964 13971 13963 13930 13911 13892 13880 13876 13859 13869 13875 13875
