inst/extdata/modis/lst/modgrid/Lat43.00075Lon-78.78820Start2001-01-01End2013-12-31___MOD11A2/GRID_Lat43.00075Lon-78.78820Start2001-01-01End2013-12-31___MOD11A2_LST_Day_1km_A2002281.asc
ncols		 21
nrows		 21
xllcorner	 -6416881.12
yllcorner	 4772121.02
cellsize	 926.625433055834
NODATA_value	 0
14608 14609 14480 14465 14552 14575 14578 14540 14528 14530 14533 14532 14518 14554 14537 14276 14269 14296 14347 14346 14348
14440 14461 14423 14497 14458 14531 14505 14503 14508 14509 14508 14509 14512 14354 14354 14299 14316 14337 14342 14348 14304
14393 14372 14355 14483 14486 14476 14481 14490 14500 14495 14498 14495 14350 14356 14367 14379 14424 14333 14335 14332 14425
14344 14316 14302 14353 14470 14349 14368 14393 14403 14536 14534 14381 14397 14388 14381 14379 14326 14321 14316 14460 14416
14385 14304 14362 14271 14347 14472 14370 14411 14428 14518 14402 14397 14389 14380 14378 14431 14322 14395 14441 14416 14431
14377 14378 14487 14478 14465 14457 14398 14417 14525 14572 14569 14540 14545 14537 14539 14519 14469 14478 14462 14432 14449
14503 14480 14473 14460 14451 14391 14397 14524 14592 14568 14557 14552 14568 14531 14543 14511 14502 14480 14497 14512 14513
14479 14472 14466 14466 14555 14552 14585 14595 14588 14580 14574 14582 14586 14558 14557 14531 14527 14532 14538 14537 14531
14459 14474 14501 14571 14568 14587 14606 14612 14607 14601 14600 14601 14560 14561 14557 14559 14559 14559 14558 14548 14561
14531 14518 14575 14585 14598 14622 14625 14629 14634 14638 14629 14564 14596 14594 14573 14574 14564 14556 14548 14485 14495
14514 14577 14600 14624 14636 14633 14643 14654 14660 14652 14638 14635 14597 14602 14607 14607 14599 14577 14522 14527 14523
14606 14616 14624 14632 14629 14645 14658 14666 14654 14633 14630 14600 14615 14622 14621 14618 14609 14558 14565 14559 14544
14678 14677 14678 14672 14688 14705 14662 14669 14659 14653 14596 14605 14610 14616 14616 14616 14576 14591 14583 14546 14500
14663 14668 14679 14688 14689 14698 14665 14650 14644 14583 14586 14585 14559 14560 14558 14562 14568 14557 14513 14483 14478
14688 14705 14699 14696 14697 14673 14656 14639 14602 14589 14582 14539 14542 14549 14549 14555 14546 14501 14469 14465 14443
14723 14712 14704 14700 14672 14657 14633 14609 14599 14591 14539 14538 14524 14530 14535 14540 14530 14469 14386 14429 14393
14722 14714 14708 14683 14676 14645 14623 14611 14608 14549 14545 14510 14520 14516 14504 14504 14465 14427 14420 14351 14358
14702 14693 14683 14678 14650 14630 14630 14635 14563 14555 14508 14494 14490 14413 14469 14444 14421 14435 14453 14455 14439
14682 14690 14688 14663 14647 14647 14645 14575 14580 14488 14483 14502 14495 14476 14433 14416 14410 14421 14433 14432 14431
14692 14691 14673 14656 14651 14650 14577 14592 14500 14519 14539 14551 14544 14511 14468 14443 14427 14423 14435 14452 14464
14758 14740 14722 14715 14710 14660 14672 14670 14567 14563 14579 14615 14596 14553 14477 14376 14377 14387 14413 14434 14435
