inst/extdata/modis/lst/modgrid/Lat43.00075Lon-78.78820Start2001-01-01End2013-12-31___MOD11A2/GRID_Lat43.00075Lon-78.78820Start2001-01-01End2013-12-31___MOD11A2_LST_Day_1km_A2011065.asc
ncols		 21
nrows		 21
xllcorner	 -6416881.12
yllcorner	 4772121.02
cellsize	 926.625433055834
NODATA_value	 0
13688 13593 13583 13594 13605 13594 13661 13660 13658 13644 13640 13640 13633 13624 13630 13649 13649 13644 13627 13614 13613
13669 13677 13677 13686 13681 13660 13644 13639 13634 13620 13625 13628 13627 13634 13635 13633 13635 13626 13615 13614 13613
13689 13685 13683 13681 13671 13665 13658 13639 13608 13610 13628 13632 13639 13637 13631 13630 13616 13611 13613 13615 13606
13665 13669 13667 13662 13658 13665 13669 13626 13626 13638 13647 13658 13654 13645 13640 13616 13612 13617 13618 13611 13599
13622 13631 13635 13643 13651 13667 13655 13646 13651 13666 13671 13650 13642 13637 13627 13618 13623 13625 13622 13614 13603
13645 13636 13640 13641 13638 13651 13676 13665 13648 13658 13647 13637 13631 13633 13643 13638 13628 13626 13622 13614 13624
13635 13634 13636 13637 13623 13665 13659 13649 13666 13662 13642 13626 13635 13661 13658 13632 13626 13623 13629 13572 13642
13639 13630 13628 13619 13634 13659 13675 13681 13677 13661 13641 13642 13602 13594 13632 13625 13622 13621 13550 13628 13631
13636 13637 13631 13642 13667 13679 13684 13605 13585 13589 13596 13599 13587 13585 13570 13562 13569 13566 13627 13622 13624
13646 13649 13652 13611 13679 13625 13612 13593 13588 13597 13603 13583 13595 13601 13591 13572 13567 13629 13623 13619 13614
13653 13651 13599 13606 13621 13623 13613 13596 13608 13617 13600 13617 13585 13635 13630 13568 13631 13623 13620 13622 13609
13639 13588 13610 13626 13624 13622 13612 13622 13652 13636 13617 13579 13632 13631 13642 13569 13562 13627 13560 13621 13608
13605 13629 13632 13614 13613 13625 13635 13678 13643 13618 13586 13635 13641 13645 13568 13566 13561 13572 13581 13607 13582
13641 13663 13648 13637 13627 13626 13660 13630 13612 13596 13641 13639 13647 13584 13572 13555 13583 13575 13538 13516 13518
13674 13649 13630 13624 13624 13635 13610 13582 13566 13565 13569 13581 13590 13578 13528 13577 13597 13565 13530 13524 13537
13680 13634 13626 13628 13626 13604 13602 13595 13587 13580 13573 13577 13578 13579 13579 13597 13570 13548 13542 13550 13541
13648 13631 13634 13645 13598 13592 13600 13599 13585 13569 13578 13591 13594 13580 13584 13566 13565 13566 13533 13514 13502
13633 13629 13636 13640 13599 13594 13595 13586 13586 13598 13590 13584 13577 13575 13561 13574 13588 13575 13517 13496 13489
13635 13637 13641 13671 13663 13665 13594 13598 13622 13629 13600 13568 13567 13557 13554 13560 13568 13545 13504 13494 13489
13640 13633 13675 13659 13659 13587 13604 13613 13622 13597 13557 13547 13551 13535 13534 13539 13542 13506 13501 13506 13512
13623 13683 13672 13668 13594 13608 13611 13603 13577 13559 13557 13557 13541 13533 13523 13511 13498 13499 13496 13488 13476
