inst/extdata/modis/lst/modgrid/Lat43.00075Lon-78.78820Start2001-01-01End2013-12-31___MOD11A2/GRID_Lat43.00075Lon-78.78820Start2001-01-01End2013-12-31___MOD11A2_LST_Day_1km_A2007161.asc
ncols		 21
nrows		 21
xllcorner	 -6416881.12
yllcorner	 4772121.02
cellsize	 926.625433055834
NODATA_value	 0
15443 15477 15485 15477 15456 15411 15363 15366 15360 15315 15299 15327 15346 15332 15279 15222 15191 15251 15247 15194 15058
15158 15292 15293 15312 15289 15268 15256 15245 15251 15254 15261 15281 15311 15312 15278 15245 15248 15226 15170 15139 15104
14705 14814 14808 14894 14756 14795 14923 15104 15208 15200 15221 15256 15312 15291 15304 15254 15213 15165 15097 15063 15137
14676 14700 14708 14740 14845 14661 14696 14938 15200 15260 15261 15292 15295 15295 15280 15212 15158 15077 15050 15171 15217
14932 14951 15038 14997 14876 14874 14790 14912 15223 15315 15365 15368 15291 15274 15240 15194 15087 15030 15100 15174 15237
15107 15116 15084 15029 14988 14904 14899 15076 15314 15409 15377 15204 15201 15283 15295 15219 15067 15049 15168 15210 15249
15161 15156 15135 15046 15002 14991 15040 15319 15428 15401 15211 15209 15325 15360 15312 15166 15120 15203 15229 15256 15231
15067 15096 15078 15077 15128 15077 15282 15432 15415 15264 15231 15326 15378 15389 15308 15228 15264 15272 15292 15277 15237
15105 15098 15108 15167 15140 15281 15430 15411 15329 15316 15377 15391 15366 15350 15341 15349 15330 15332 15322 15298 15307
15045 15083 15166 15256 15404 15463 15451 15382 15387 15469 15480 15442 15420 15414 15412 15396 15329 15258 15293 15326 15342
15107 15236 15353 15485 15503 15491 15450 15461 15530 15534 15489 15490 15451 15403 15404 15403 15341 15342 15371 15438 15384
15299 15362 15465 15483 15506 15493 15520 15601 15602 15564 15534 15502 15445 15439 15462 15430 15427 15434 15478 15449 15247
15437 15493 15456 15472 15522 15552 15627 15643 15615 15545 15494 15443 15455 15482 15458 15415 15426 15476 15474 15378 15154
15515 15487 15520 15534 15557 15603 15620 15598 15525 15472 15419 15414 15427 15487 15432 15408 15462 15472 15366 15192 15114
15572 15526 15517 15574 15582 15563 15536 15490 15473 15446 15394 15385 15450 15439 15408 15455 15495 15424 15330 15154 15227
15598 15570 15564 15577 15558 15511 15479 15475 15462 15446 15429 15419 15441 15466 15466 15495 15455 15369 15223 15168 15162
15591 15556 15562 15566 15502 15466 15460 15456 15455 15445 15422 15415 15445 15419 15424 15388 15326 15220 15207 15207 15227
15536 15563 15578 15559 15505 15481 15453 15449 15475 15456 15421 15377 15344 15324 15273 15125 15114 15169 15214 15251 15241
15558 15578 15573 15524 15485 15457 15449 15477 15490 15492 15456 15413 15358 15306 15114 15056 15030 15105 15186 15191 15146
15549 15547 15498 15453 15450 15458 15478 15480 15501 15438 15399 15382 15389 15317 15236 15144 15121 15143 15185 15183 15150
15488 15475 15454 15440 15445 15495 15510 15496 15414 15387 15408 15435 15378 15275 15182 15172 15177 15153 15150 15164 15147
