inst/extdata/modis/lst/modgrid/Lat43.00075Lon-78.78820Start2001-01-01End2013-12-31___MOD11A2/GRID_Lat43.00075Lon-78.78820Start2001-01-01End2013-12-31___MOD11A2_LST_Day_1km_A2009225.asc
ncols		 21
nrows		 21
xllcorner	 -6416881.12
yllcorner	 4772121.02
cellsize	 926.625433055834
NODATA_value	 0
15272 15228 15253 15249 15293 15256 15218 15181 15177 15178 15173 15161 15165 15153 15128 15087 15069 15074 15075 15067 15032
15098 15169 15097 15201 15193 15131 15098 15076 15060 15061 15107 15128 15170 15176 15141 15116 15103 15088 15080 15072 15070
14893 14938 14994 14988 14980 14993 15006 15030 15044 15077 15090 15118 15166 15162 15152 15129 15085 15055 15046 15061 15065
14888 14906 14912 14922 14930 14926 14941 14992 15050 15121 15143 15194 15231 15195 15162 15110 15084 15054 15039 15048 15025
14988 15016 15027 15012 14977 14952 14957 15004 15148 15219 15232 15208 15195 15166 15139 15135 15079 15030 15023 15038 15033
15075 15090 15083 15054 15008 14974 14974 15068 15244 15259 15182 15154 15168 15195 15212 15151 15063 15040 15087 15099 15111
15089 15103 15105 15074 15044 15040 15058 15232 15283 15230 15150 15151 15222 15268 15251 15153 15097 15126 15146 15161 15139
15034 15037 15054 15052 15069 15086 15182 15294 15254 15174 15162 15192 15264 15274 15217 15153 15158 15170 15184 15170 15140
15011 15042 15101 15113 15132 15191 15300 15249 15221 15194 15227 15272 15252 15240 15236 15233 15207 15225 15223 15205 15200
15036 15078 15131 15189 15276 15314 15347 15317 15290 15330 15332 15308 15289 15283 15280 15275 15212 15152 15177 15196 15205
15091 15154 15236 15299 15313 15366 15370 15384 15385 15375 15342 15322 15309 15279 15283 15253 15214 15224 15239 15257 15190
15164 15242 15278 15283 15338 15381 15427 15454 15475 15365 15334 15315 15281 15292 15333 15325 15266 15270 15320 15313 15238
15289 15310 15317 15382 15417 15444 15457 15496 15457 15398 15334 15308 15319 15341 15329 15347 15329 15338 15338 15262 15196
15393 15407 15423 15430 15437 15442 15484 15467 15409 15344 15311 15292 15313 15337 15267 15314 15325 15334 15260 15217 15142
15408 15410 15398 15404 15423 15435 15418 15379 15333 15315 15288 15265 15274 15264 15312 15299 15351 15288 15209 15158 15097
15436 15419 15400 15400 15392 15392 15348 15321 15309 15324 15315 15304 15314 15339 15331 15361 15338 15239 15153 15073 15076
15465 15429 15415 15425 15404 15363 15338 15326 15322 15328 15312 15315 15315 15282 15282 15254 15196 15168 15117 15115 15104
15419 15421 15443 15443 15401 15358 15339 15342 15345 15336 15287 15268 15221 15206 15151 15132 15103 15090 15121 15125 15113
15414 15439 15442 15415 15374 15336 15349 15355 15338 15321 15336 15280 15255 15174 15121 15061 15017 15047 15074 15068 15120
15418 15394 15340 15339 15355 15365 15362 15402 15425 15427 15299 15310 15294 15261 15180 15082 15073 15081 15089 15151 15122
15388 15411 15366 15399 15414 15458 15486 15498 15428 15325 15334 15324 15300 15211 15128 15103 15088 15086 15131 15126 15115
