inst/extdata/modis/lst/modgrid/Lat43.00075Lon-78.78820Start2001-01-01End2013-12-31___MOD11A2/GRID_Lat43.00075Lon-78.78820Start2001-01-01End2013-12-31___MOD11A2_LST_Day_1km_A2012209.asc
ncols		 21
nrows		 21
xllcorner	 -6416881.12
yllcorner	 4772121.02
cellsize	 926.625433055834
NODATA_value	 0
15439 15466 15225 15288 15407 15251 15287 15373 15367 15365 15382 15384 15372 15349 15295 15205 15215 15263 15167 15129 15095
15122 15077 15120 15223 15338 15274 15270 15264 15253 15242 15298 15329 15320 15301 15253 15243 15246 15235 15109 15166 15149
14911 14980 14921 15115 15086 15111 15155 15176 15164 15226 15266 15278 15301 15287 15291 15242 15181 15118 15101 15169 15133
14963 14949 14948 15013 15000 14991 15011 15032 15141 15252 15253 15296 15326 15313 15242 15203 15086 14975 15095 15069 15096
15160 15182 15243 15123 15064 15032 15028 15100 15236 15314 15402 15317 15245 15231 15221 15117 15070 14966 14961 14983 15005
15320 15341 15243 15208 15144 15090 15007 15098 15298 15388 15304 15262 15322 15391 15409 15299 14988 14971 15177 15069 15078
15373 15339 15295 15216 15155 15039 15063 15258 15414 15316 15252 15251 15294 15311 15368 15346 15073 15175 15185 15221 15237
15341 15353 15349 15204 15209 15190 15215 15413 15382 15325 15266 15268 15249 15392 15452 15136 15084 15207 15224 15236 15196
15166 15177 15237 15189 15239 15251 15412 15384 15372 15307 15330 15316 15389 15398 15509 15192 15148 15090 15083 15232 15310
15135 15193 15164 15227 15334 15429 15420 15453 15376 15391 15454 15400 15475 15306 15283 15312 15251 15076 15081 15294 15245
15175 15247 15320 15490 15455 15447 15482 15524 15547 15534 15478 15491 15305 15351 15339 15305 15079 15308 15312 15354 15316
15388 15395 15471 15485 15506 15541 15545 15541 15552 15493 15495 15325 15379 15382 15356 15356 15545 15470 15340 15319 15286
15395 15423 15425 15440 15443 15454 15491 15553 15540 15502 15359 15424 15407 15561 15508 15436 15386 15406 15446 15373 15280
15368 15340 15436 15493 15396 15234 15262 15449 15508 15433 15436 15416 15513 15552 15501 15385 15409 15500 15456 15268 15280
15457 15415 15329 15149 15133 15470 15469 15516 15491 15487 15392 15394 15565 15521 15471 15340 15530 15479 15228 15206 15293
15470 15626 15611 15574 15541 15492 15467 15453 15458 15391 15363 15435 15449 15570 15349 15236 15293 15326 15179 15175 15283
15610 15428 15316 15417 15588 15558 15516 15507 15434 15427 15429 15397 15590 15327 15312 15281 15223 15181 15335 15259 15284
15364 15357 15447 15628 15606 15556 15526 15469 15479 15426 15381 15362 15299 15298 15246 15203 15195 15324 15333 15268 15290
15493 15571 15602 15598 15488 15459 15439 15397 15384 15494 15280 15344 15309 15238 15183 15138 15271 15227 15212 15197 15219
15556 15598 15551 15456 15454 15407 15393 15404 15532 15341 15393 15382 15366 15521 15452 15054 15167 15193 15269 15252 15208
15591 15546 15517 15426 15529 15554 15623 15621 15410 15286 15289 15325 15358 15426 15214 15258 15236 15266 15123 15142 15149
