inst/extdata/modis/lst/modgrid/Lat43.00075Lon-78.78820Start2001-01-01End2013-12-31___MOD11A2/GRID_Lat43.00075Lon-78.78820Start2001-01-01End2013-12-31___MOD11A2_LST_Day_1km_A2005009.asc
ncols		 21
nrows		 21
xllcorner	 -6416881.12
yllcorner	 4772121.02
cellsize	 926.625433055834
NODATA_value	 0
0 13490 13490 0 0 0 0 0 0 0 0 0 0 0 0 0 0 13402 13404 13403 13396
13490 13490 0 0 0 0 0 0 0 0 0 0 0 0 0 0 0 13418 13418 13411 13388
0 0 0 0 0 0 0 0 0 0 0 0 0 0 0 0 0 0 13407 13405 13406
0 0 0 0 0 0 0 0 0 0 0 0 0 0 0 0 0 0 13412 13402 13387
0 0 0 0 0 0 0 0 0 0 0 0 0 13417 13429 13429 0 0 13386 13376 13391
0 0 0 0 0 0 0 0 0 0 0 13404 13419 13418 13429 0 0 0 0 13393 13396
0 0 0 0 0 0 0 0 0 0 13404 13473 13487 0 0 0 0 0 13416 13416 13416
0 0 0 13392 13580 13580 0 0 0 0 13494 13494 0 0 0 13411 13411 13380 13379 13368 13358
0 0 13403 13506 13601 0 0 0 0 0 0 13396 13475 13462 13411 13379 13365 13369 13367 13357 13345
13626 13642 13536 13456 13383 13377 0 0 0 0 13396 13473 13434 13412 13374 13363 13351 0 13360 13354 13351
13630 13506 13388 13373 13373 13379 13370 13364 13426 0 13395 13383 13417 13387 13362 13353 13366 13361 13354 13357 13354
13375 13363 13361 13367 13378 13371 13364 13401 13368 13365 13362 13385 13372 13358 13353 13350 13357 13366 13372 13360 13344
13371 13367 0 13461 13400 13365 13366 13379 13378 13367 13361 13357 13357 13347 13341 13346 13373 13384 13350 13334 13337
13371 13366 13471 13379 13371 13374 13369 13432 13414 13356 13354 13356 13365 13397 13366 13347 13350 13328 13318 13320 13322
13434 13383 13371 13376 13375 13367 13367 13377 13354 13338 13363 13355 13390 13352 13347 13348 13330 13329 13327 13327 13344
13388 13385 13385 13407 13447 13356 13351 13349 13337 13339 13339 13333 13331 13341 13370 13347 13344 13336 13359 13402 13371
13394 13389 13380 13385 13358 13351 13351 13345 13334 13336 13344 13337 13342 13342 13336 13351 13436 13530 13348 13346 13339
13486 13381 13375 13365 13355 13354 13357 13315 13313 13320 13325 13355 13348 13336 13365 13530 13530 13370 13354 13352 13375
13382 13377 13374 13368 13353 13358 13317 13325 13326 13270 0 13371 13359 13336 13327 13345 13378 13376 13369 13390 13357
0 13387 13377 13363 13367 13377 13418 13370 13352 0 13368 13356 13340 13333 13353 13375 13376 13375 13372 13348 13359
13416 13397 13386 13377 13388 13433 13365 13352 13361 13355 13363 13361 13357 13374 13388 13381 13387 13366 13362 13364 13350
