inst/extdata/modis/lst/modgrid/Lat43.00075Lon-78.78820Start2001-01-01End2013-12-31___MOD11A2/GRID_Lat43.00075Lon-78.78820Start2001-01-01End2013-12-31___MOD11A2_LST_Day_1km_A2009217.asc
ncols		 21
nrows		 21
xllcorner	 -6416881.12
yllcorner	 4772121.02
cellsize	 926.625433055834
NODATA_value	 0
15017 14993 14978 14993 15001 14970 14971 14932 14952 14932 14916 14917 14909 14911 14910 14866 14857 14874 14896 14901 14872
14933 14907 14924 14876 14867 14869 14863 14846 14837 14860 14876 14934 14943 14955 14937 14905 14893 14914 14904 14884 14864
14787 14781 14803 14809 14806 14821 14826 14827 14848 14864 14872 14898 14938 14958 14957 14924 14901 14884 14876 14863 14866
14751 14743 14752 14757 14754 14769 14791 14808 14871 14919 14934 14958 14983 14983 14963 14910 14884 14863 14841 14850 14850
14807 14811 14817 14804 14801 14783 14782 14837 14890 14983 14993 15001 14992 14985 14947 14930 14878 14821 14816 14837 14854
14867 14869 14863 14861 14821 14802 14831 14905 15010 15015 14987 14958 14978 14996 14998 14930 14856 14839 14878 14899 14912
14880 14877 14899 14868 14862 14882 14922 15001 15058 15041 14959 14982 15013 15055 14991 14921 14902 14933 14943 14959 14937
14836 14835 14847 14875 14913 14945 15034 15063 15084 15026 15009 15043 15069 15052 14975 14951 14968 14969 14969 14939 14936
14824 14868 14906 14932 14953 15036 15066 15102 15045 15042 15083 15084 15046 15029 15025 15030 15030 15034 15040 15016 15023
14858 14896 14955 14974 15083 15115 15092 15074 15081 15157 15174 15124 15102 15091 15100 15069 15029 15006 15016 15026 15029
14889 14965 15002 15053 15128 15117 15111 15116 15131 15169 15132 15121 15110 15065 15076 15072 15058 15051 15066 15090 15028
14964 14994 15028 15122 15151 15130 15146 15180 15190 15173 15141 15156 15068 15094 15141 15137 15127 15119 15129 15106 15003
15034 15095 15177 15188 15172 15186 15214 15221 15191 15181 15170 15140 15150 15166 15167 15140 15134 15136 15115 15033 14977
15098 15171 15181 15175 15181 15200 15210 15188 15195 15184 15160 15123 15122 15165 15132 15129 15125 15098 15010 14992 14969
15194 15198 15175 15163 15184 15171 15145 15174 15162 15143 15114 15102 15131 15124 15125 15126 15067 15027 15008 14982 14905
15205 15207 15215 15210 15153 15127 15111 15157 15152 15153 15141 15131 15117 15120 15136 15097 15047 15020 14970 14882 14871
15282 15243 15238 15114 15096 15079 15077 15145 15159 15163 15144 15130 15094 15057 15062 15026 15018 14973 14902 14883 14873
15285 15260 15309 15294 15267 15076 15075 15102 15120 15134 15077 15051 15044 14996 14969 14960 14917 14889 14886 14893 14889
15230 15290 15287 15256 15221 15234 15139 15131 15133 15085 15044 15050 14987 14985 14970 14923 14864 14849 14867 14897 14895
15280 15267 15230 15197 15230 15142 15147 15125 15085 15155 15158 15160 15054 15050 15017 14940 14907 14903 14917 14932 14911
15279 15186 15189 15217 15130 15187 15189 15189 15166 15171 15168 15093 15059 15037 14963 14934 14924 14917 14908 14898 14892
