inst/extdata/modis/lst/modgrid/Lat43.00075Lon-78.78820Start2001-01-01End2013-12-31___MOD11A2/GRID_Lat43.00075Lon-78.78820Start2001-01-01End2013-12-31___MOD11A2_LST_Day_1km_A2001209.asc
ncols		 21
nrows		 21
xllcorner	 -6416881.12
yllcorner	 4772121.02
cellsize	 926.625433055834
NODATA_value	 0
15288 15279 15325 15320 15274 15285 15298 15331 15328 15294 15244 15191 15029 15103 15080 15037 15044 15083 15148 15114 15057
14962 15161 15174 15163 15210 15218 15154 14895 14907 15203 15220 15035 15089 15060 15073 15034 15119 15238 15138 15095 15094
14861 14879 14794 14774 14679 14692 14743 14784 14983 15031 15207 15235 15231 15158 15262 15221 15258 15101 15052 15070 15048
14867 14689 14707 14719 14816 14692 14716 14899 14967 14999 15221 15259 15345 15296 15225 15163 15047 14993 15010 15000 15032
14917 14818 14834 15101 14680 15032 14828 14886 14961 15266 15278 15303 15257 15187 15025 15051 14984 14943 14914 14979 15043
14860 14983 15159 14824 14790 14797 14816 14893 15216 15233 15204 15187 15187 15157 15127 15040 14970 14935 15047 15092 15125
15272 15295 15279 15197 15107 15075 15109 15188 15251 15224 15091 15059 15134 15181 15138 15033 14993 15049 15115 15122 15113
15206 15226 15213 15177 15158 15165 15233 15310 15252 15087 15068 15115 15207 15192 15096 15096 15115 15132 15159 15118 15140
15188 15193 15217 15230 15227 15253 15322 15304 15216 15192 15179 15183 15190 15170 15165 15221 15206 15189 15160 15188 15245
15171 15138 15106 15180 15283 15333 15332 15265 15222 15210 15226 15212 15240 15253 15266 15228 15206 15193 15197 15245 15229
15011 15142 15182 15308 15375 15395 15399 15272 15292 15377 15251 15256 15274 15273 15246 15240 15176 15205 15311 15332 15297
15207 15246 15287 15347 15350 15350 15345 15352 15434 15339 15317 15312 15276 15312 15339 15320 15324 15334 15351 15329 15307
15313 15268 15351 15377 15340 15359 15390 15445 15420 15319 15240 15253 15317 15300 15257 15270 15298 15364 15356 15321 15175
15391 15428 15380 15299 15308 15321 15352 15224 15291 15229 15232 15247 15260 15282 15275 15360 15362 15396 15346 15187 15168
15391 15307 15279 15276 15281 15325 15154 15113 15185 15182 15207 15203 15240 15269 15354 15382 15393 15361 15221 15118 15071
15418 15433 15433 15272 15412 15170 15151 15207 15144 15217 15241 15223 15229 15323 15380 15418 15401 15322 15261 15051 15023
15494 15469 15319 15283 15275 15273 15236 15234 15255 15267 15222 15212 15324 15381 15352 15246 15249 15254 15242 15251 15293
15450 15435 15335 15317 15346 15266 15256 15292 15339 15339 15335 15368 15335 15309 15213 15158 15053 15069 15088 15082 15258
15336 15378 15352 15410 15307 15306 15336 15387 15401 15420 15419 15332 15327 15336 15294 15025 14999 15064 15085 15214 15109
15398 15403 15504 15492 15354 15369 15408 15416 15447 15477 15388 15375 15375 15348 15125 15100 15089 15098 15228 15181 15157
15389 15485 15502 15483 15413 15363 15396 15497 15500 15449 15409 15390 15377 15131 15117 15125 15254 15233 15179 15169 15209
