inst/extdata/modis/lst/modgrid/Lat43.00075Lon-78.78820Start2001-01-01End2013-12-31___MOD11A2/GRID_Lat43.00075Lon-78.78820Start2001-01-01End2013-12-31___MOD11A2_LST_Day_1km_A2012153.asc
ncols		 21
nrows		 21
xllcorner	 -6416881.12
yllcorner	 4772121.02
cellsize	 926.625433055834
NODATA_value	 0
15256 15267 15268 15271 15279 15239 15193 15141 15086 15047 15073 14984 14978 14950 14981 14942 14964 15007 14988 14978 14871
15022 15096 15119 15100 15072 15043 15036 15025 15013 14984 14954 14977 15141 15142 15088 15054 15059 15037 15029 14964 14705
14756 14765 14835 14888 14899 14908 14890 14926 14940 14934 14928 14935 15067 15107 15103 15087 14997 14990 14970 14938 14913
14690 14734 14707 14712 14711 14697 14733 14830 14937 14950 15088 15081 15092 15120 15110 15039 14984 14948 14907 14638 14722
14935 14933 14920 14850 14706 14659 14696 14782 14902 15133 15119 15100 15028 15045 15044 14986 14946 14607 14634 14723 14742
15000 15009 14989 14964 14903 14679 14656 14762 15150 15213 15140 15017 15011 15002 15084 14699 14880 14634 14715 14750 14742
15054 15048 14975 14939 14699 14670 14687 14988 15171 15128 15037 15031 15054 15156 15082 14959 14950 14960 15010 15011 15011
15019 14962 14955 14952 14931 14907 15058 15149 15140 15105 15044 15078 15158 15160 15153 15028 15016 15030 15006 14997 14878
14938 14946 14956 14960 14977 15106 15166 15173 15131 15088 15111 15121 15132 15152 15128 15089 15080 15056 15038 14957 14960
14846 14935 14953 15026 15189 15214 15213 15163 15165 15231 15222 15190 15189 15194 15193 15179 14954 14941 14974 15005 15022
14939 15078 15160 15227 15251 15252 15261 15279 15291 15269 15241 15228 15200 15053 15061 14980 14956 14999 15056 15063 15045
15103 15214 15254 15278 15295 15307 15326 15331 15357 15321 15239 15195 15051 15071 15089 15211 15065 15062 15085 15093 14989
15247 15252 15274 15321 15328 15352 15378 15433 15343 15262 15161 15143 15125 15090 15144 15102 15086 15124 15260 14955 14923
15265 15071 15069 15331 15327 15293 15064 15017 15213 15177 15150 15131 15086 15128 15092 15093 15117 15230 15131 14934 14921
15089 15072 15264 15252 15266 15043 14993 15179 15156 15132 15112 15078 15080 15102 15107 15105 15203 15196 15063 14849 14826
15106 15088 15260 15246 15237 15187 15160 15145 15134 15128 15109 15101 15106 15120 15119 15274 15228 15081 14853 14807 14780
15098 15286 15058 15054 14971 14945 14931 15136 15132 15123 15115 15106 15118 15101 15095 15168 15099 14899 14884 14832 14795
15271 15062 15268 15253 15220 14961 15183 15171 15158 15149 15132 15105 15080 15071 14926 14894 14826 14847 14853 14830 14824
15276 15286 15268 15244 15201 15179 15181 15175 15197 15172 15137 15079 15056 14925 14909 14817 14802 14770 14775 14788 14948
15273 15259 15247 15196 15175 15192 15199 15220 15226 15206 15112 15098 14968 14936 14884 14859 14799 14795 14792 14972 14963
15255 15246 15193 15182 15205 15229 15234 15228 15208 15124 15117 15204 15142 14963 14908 14891 14960 14965 14934 14704 14703
