inst/extdata/modis/lst/modgrid/Lat43.00075Lon-78.78820Start2001-01-01End2013-12-31___MOD11A2/GRID_Lat43.00075Lon-78.78820Start2001-01-01End2013-12-31___MOD11A2_LST_Day_1km_A2011113.asc
ncols		 21
nrows		 21
xllcorner	 -6416881.12
yllcorner	 4772121.02
cellsize	 926.625433055834
NODATA_value	 0
14714 14708 14716 14730 14736 14725 14706 14685 14675 14550 14530 14531 14530 14510 14516 14514 14505 14494 14451 14452 14381
14480 14637 14623 14626 14639 14626 14643 14654 14600 14540 14531 14495 14497 14504 14505 14470 14485 14486 14487 14488 14496
14220 14288 14309 14350 14398 14373 14417 14478 14494 14511 14415 14420 14448 14469 14442 14466 14471 14473 14474 14487 14491
14199 14286 14259 14271 14432 14309 14342 14391 14458 14507 14396 14411 14412 14403 14443 14451 14452 14453 14467 14472 14473
14493 14509 14521 14480 14408 14307 14258 14307 14373 14463 14316 14316 14314 14423 14444 14444 14445 14461 14469 14468 14467
14591 14592 14581 14550 14476 14544 14321 14357 14425 14277 14475 14475 14332 14317 14318 14430 14482 14495 14493 14492 14555
14610 14610 14583 14684 14487 14384 14332 14359 14304 14494 14485 14339 14311 14311 14415 14501 14526 14525 14524 14577 14600
14607 14582 14551 14525 14446 14358 14394 14586 14591 14364 14391 14434 14433 14639 14682 14557 14555 14554 14602 14622 14620
14596 14563 14528 14469 14404 14543 14602 14608 14392 14414 14475 14472 14664 14708 14745 14745 14580 14627 14647 14646 14646
14563 14464 14474 14488 14614 14642 14652 14648 14819 14832 14824 14731 14749 14758 14749 14749 14644 14658 14657 14657 14643
14525 14553 14558 14670 14694 14688 14680 14848 14852 14843 14798 14789 14772 14751 14753 14776 14671 14670 14670 14752 14735
14644 14656 14702 14714 14707 14705 14910 14928 14913 14877 14818 14777 14738 14745 14790 14700 14698 14696 14765 14676 14668
14683 14728 14741 14743 14893 14937 14967 14954 14919 14842 14813 14792 14785 14829 14712 14602 14668 14673 14671 14672 14666
14783 14793 14793 14954 14959 14970 14968 14942 14886 14868 14832 14695 14709 14583 14663 14667 14674 14676 14682 14665 14629
14832 14981 14976 14971 14976 14975 14957 14916 14896 14866 14716 14713 14711 14707 14674 14680 14641 14681 14670 14617 14605
15005 14999 14985 14988 14986 14961 14926 14915 14896 14741 14741 14712 14719 14621 14629 14638 14685 14670 14598 14585 14578
15011 14994 14992 14981 14964 14934 14924 14910 14750 14734 14705 14714 14707 14604 14614 14620 14594 14495 14507 14565 14557
14995 14997 14996 14976 14935 14919 14911 14897 14722 14707 14702 14698 14682 14670 14654 14623 14487 14481 14513 14521 14519
15006 15003 14980 14939 14896 14894 14889 14866 14874 14872 14861 14711 14684 14657 14615 14554 14560 14521 14521 14525 14540
15015 14986 14939 14898 14896 14886 14860 14897 14909 14918 14758 14739 14718 14646 14580 14552 14562 14556 14548 14551 14550
14817 14789 14938 14918 14916 14930 14942 14943 14943 14786 14790 14775 14715 14632 14599 14577 14573 14553 14548 14549 14545
