inst/extdata/modis/lst/modgrid/Lat43.00075Lon-78.78820Start2001-01-01End2013-12-31___MOD11A2/GRID_Lat43.00075Lon-78.78820Start2001-01-01End2013-12-31___MOD11A2_LST_Day_1km_A2003209.asc
ncols		 21
nrows		 21
xllcorner	 -6416881.12
yllcorner	 4772121.02
cellsize	 926.625433055834
NODATA_value	 0
15187 15183 15138 15219 15201 15127 15124 15177 15115 15093 15094 15161 15142 15135 15070 15026 15026 15046 15039 15022 15020
15060 15091 15065 15056 15050 15117 15119 14962 15101 15090 15123 15135 15149 15088 15067 15059 15029 15026 15031 15044 15031
14744 14860 14893 14960 15016 15045 14935 14942 15093 15116 15127 15151 15097 15086 15088 15072 15024 15045 15028 15016 15023
14756 14835 14915 14969 14978 14779 14796 15016 15098 15151 15151 15105 15118 15175 15140 15039 15041 15026 15003 15025 15027
14916 14906 15058 14925 14906 14977 14974 15041 15166 15224 15219 15180 15155 15133 15047 15052 15019 14984 15003 15001 15023
14948 15116 15102 15032 15004 15023 15034 15134 15245 15262 15215 15149 15165 15099 15110 15152 14988 14993 15035 15042 15052
15132 15075 15091 15056 15024 14998 15031 15232 15292 15247 15065 15068 15209 15219 15188 15045 15030 15085 15091 15084 15078
15037 15046 15044 15045 15044 15040 15245 15305 15271 15101 15077 15211 15260 15153 15108 15091 15116 15116 15131 15117 15058
15045 15045 15060 15194 15169 15270 15310 15280 15246 15216 15134 15142 15142 15129 15142 15134 15130 15151 15150 15088 15079
15048 15144 15181 15273 15331 15340 15309 15289 15289 15210 15203 15175 15181 15260 15172 15169 15143 15090 15082 15099 15110
15146 15230 15305 15342 15244 15226 15314 15247 15230 15221 15176 15192 15183 15231 15238 15145 15123 15116 15136 15167 15165
15217 15247 15233 15231 15213 15280 15273 15272 15248 15194 15186 15291 15274 15284 15298 15164 15140 15150 15199 15206 15128
15270 15284 15238 15224 15284 15290 15271 15380 15350 15302 15287 15272 15279 15273 15273 15127 15122 15180 15246 15105 15053
15301 15315 15289 15275 15270 15339 15350 15351 15315 15299 15253 15237 15224 15242 15132 15132 15177 15228 15102 15074 15054
15344 15303 15267 15256 15343 15338 15314 15283 15280 15240 15241 15216 15237 15226 15142 15182 15234 15113 15062 15057 14985
15357 15301 15359 15364 15339 15309 15287 15292 15260 15271 15244 15231 15227 15229 15159 15187 15142 15089 15039 14971 14951
15333 15376 15372 15356 15325 15296 15298 15283 15281 15260 15219 15204 15204 15094 15098 15100 15081 15030 15024 15008 15050
15289 15373 15375 15365 15336 15330 15305 15295 15289 15284 15229 15208 15175 15037 15006 15004 14976 14958 14972 15066 14953
15326 15373 15375 15322 15293 15289 15286 15291 15295 15264 15251 15188 15045 15001 14935 14873 14940 14889 14899 15037 15020
15359 15361 15320 15266 15281 15278 15280 15295 15285 15265 15201 15206 15187 15149 14901 15047 14879 14877 15023 15048 15046
15398 15366 15317 15307 15314 15316 15319 15303 15274 15222 15234 15228 15193 15130 15087 15063 15051 14981 14985 15023 15018
