inst/extdata/modis/lst/modgrid/Lat43.00075Lon-78.78820Start2001-01-01End2013-12-31___MOD11A2/GRID_Lat43.00075Lon-78.78820Start2001-01-01End2013-12-31___MOD11A2_LST_Day_1km_A2003057.asc
ncols		 21
nrows		 21
xllcorner	 -6416881.12
yllcorner	 4772121.02
cellsize	 926.625433055834
NODATA_value	 0
13570 13541 13551 13568 0 13569 13413 13400 13403 13378 13348 13350 13344 13337 13338 13340 13319 13314 13309 13319 13325
13627 13568 13526 13538 13541 13417 13397 13389 13372 13351 13357 13357 13363 13365 13355 13329 13322 13309 13317 13331 13331
13566 13573 13564 13557 13435 13414 13475 13434 13377 13385 13381 13378 13373 13371 13346 13330 13317 13318 13325 13333 13332
13491 13497 13434 13436 13528 13544 13517 13440 13419 13417 13395 13407 13411 13394 13365 13354 13349 13347 13353 13343 13326
13410 13418 13411 13398 13410 13567 13430 13424 13418 13436 13410 13415 13400 13380 13361 13357 13359 13357 13347 13327 13325
13419 13411 13397 13399 13420 13420 13443 13441 13416 13499 13553 13390 13382 13388 13398 13396 13384 13376 13361 13359 13358
13409 13422 13426 13400 13398 13381 13404 13421 13580 13559 13403 13386 13412 13410 13401 13393 13390 13380 13376 13377 13384
13395 13393 13404 13402 13413 13381 13420 0 13570 13426 13409 13419 13422 13545 13425 13422 13527 13535 13546 13396 13387
13390 13315 13321 13338 13467 13498 0 13575 13430 13426 13433 13422 13555 13550 13557 13559 13558 13556 13546 13539 13541
13332 13336 13347 13471 13620 0 0 13599 13598 13605 13584 13580 13589 13580 13566 13574 13558 13528 13520 13541 13398
13444 13447 13464 13598 0 0 13599 13606 13615 13588 13588 13589 13586 13533 13584 13578 13565 13558 13555 13409 13403
13440 13459 13577 13647 13591 13591 0 0 0 0 13589 13356 13332 13363 13595 0 13558 13568 13429 13430 13417
13327 0 13647 13629 13591 0 0 0 0 0 13344 13340 13551 13552 0 0 13430 13428 13421 13411 13370
0 0 0 0 0 0 0 0 0 13561 13561 13555 13552 0 13542 13415 13415 13410 13398 13375 13368
0 0 0 0 0 0 13605 13605 13604 13583 13567 13543 13561 13553 13414 13413 13427 13408 13381 13373 13370
0 0 0 0 0 13606 13607 13608 13595 13591 13543 13584 13567 13579 13430 13430 13408 13386 13373 13366 13358
0 0 0 0 13628 13621 13617 13619 13597 0 13588 13576 13565 13412 13411 13398 13377 13370 13365 13360 13354
0 0 0 13639 13641 13646 0 13597 0 13590 13574 13566 13397 13398 13393 13373 13367 13365 13361 13496 13403
0 0 0 13640 13643 0 0 0 13584 13584 13580 13575 13563 13396 13385 13376 13374 13349 13342 13337 13335
0 0 13625 13602 13586 0 0 0 13618 13617 13586 13607 13417 13403 13387 13380 13350 13343 13342 13349 13358
0 0 13641 13633 13633 0 0 0 13633 13629 13638 13635 13611 13595 13381 13360 13351 13346 13335 13339 13337
