inst/extdata/modis/lst/modgrid/Lat43.00075Lon-78.78820Start2001-01-01End2013-12-31___MOD11A2/GRID_Lat43.00075Lon-78.78820Start2001-01-01End2013-12-31___MOD11A2_LST_Day_1km_A2001361.asc
ncols		 21
nrows		 21
xllcorner	 -6416881.12
yllcorner	 4772121.02
cellsize	 926.625433055834
NODATA_value	 0
13383 13378 13402 13317 13305 13305 13304 13330 13330 0 0 0 0 0 0 0 0 0 0 0 0
13571 13543 13543 13543 13523 13473 13473 13473 13473 13310 0 0 0 0 0 0 0 0 0 0 0
13558 13557 13556 13513 13477 13476 13476 13464 13419 13419 13297 13295 0 0 0 0 0 0 0 0 0
13538 13541 13493 13481 13480 13480 13445 13419 13419 13419 13419 13272 13272 13272 0 0 0 0 13296 13296 0
13434 13434 13486 13486 13486 13416 13415 13416 13418 13419 13287 13274 13272 13288 13291 13291 13296 13296 13296 13296 13295
13389 13310 13312 13316 13378 13392 13394 13395 13412 13336 13324 13296 13293 13291 13291 13317 13331 13304 13296 13292 13287
13281 13292 13311 13367 13356 13356 13357 13350 13348 13337 13313 13298 13296 13294 13345 13378 13378 13357 13300 13288 13287
13281 13305 13343 13342 13343 13343 13343 13380 13370 13320 13299 13299 13299 13378 13378 13378 13363 13302 13300 13296 13290
13330 13336 13338 13338 13338 13339 13372 13373 13373 0 13299 13299 0 0 13292 13302 13296 13297 13299 13292 13283
13336 13337 13337 13337 13338 13345 13322 13306 13308 13308 0 0 0 13294 13294 13295 13295 13295 13289 13286 13284
13335 13335 13335 13335 13334 13310 13304 13305 13304 13301 0 0 13295 13290 13292 13294 13295 13286 13286 13286 13284
13338 13326 13326 13310 13302 13302 13303 13303 0 0 0 13289 13287 13288 13288 13291 13289 13287 13286 13278 0
13275 13259 13250 13250 13250 13302 13310 13313 13316 13316 13284 13284 13284 13285 13289 13292 13292 13288 13283 13281 13280
13258 13251 13251 13251 13242 13240 13240 13240 13210 13195 13195 13195 13195 13276 13280 13287 13285 13286 13286 13285 13279
13248 13249 13248 13232 13232 13232 13230 13201 13193 13193 13192 13184 13179 13179 13179 13273 13281 13284 13286 13282 13274
13221 13222 13205 13203 13206 13205 13184 13181 13181 13181 13178 13178 13178 13178 13177 13272 13273 13279 13285 13275 13275
13189 13172 13169 13170 13171 13154 13151 13153 13155 13162 13165 13166 13168 13177 13254 13269 13264 0 0 0 13226
13144 13139 13140 13140 13123 13121 13123 13125 13132 13135 13136 13138 13147 13152 13152 13152 13152 13249 13242 13223 13230
13124 13124 13124 13117 13111 13112 13112 13117 13118 13119 13120 13135 13145 13146 13146 13139 13127 13127 13129 13135 13163
13278 13272 13274 13110 13110 13110 13111 13113 13113 13117 13128 13130 13131 13132 13128 13125 13125 13127 13134 13169 13166
13251 13257 13265 13251 13247 13247 13248 13249 13087 13101 13105 13107 13109 13113 13116 13117 13119 13127 13171 13171 13168
