inst/extdata/modis/lst/modgrid/Lat43.00075Lon-78.78820Start2001-01-01End2013-12-31___MOD11A2/GRID_Lat43.00075Lon-78.78820Start2001-01-01End2013-12-31___MOD11A2_LST_Day_1km_A2002209.asc
ncols		 21
nrows		 21
xllcorner	 -6416881.12
yllcorner	 4772121.02
cellsize	 926.625433055834
NODATA_value	 0
15262 15270 15375 15372 15346 15301 15289 15253 15247 15195 15172 15196 15205 15202 15175 15036 15045 15175 15120 15133 15102
15029 15173 15173 15186 15244 15222 15193 15183 15123 15119 15147 15196 15213 15219 15072 15059 15068 15114 15134 15084 15063
14894 14937 14962 15057 15033 15053 15067 15000 15018 15080 15108 15142 15182 15211 15183 15055 15055 15091 15034 15026 15053
14866 14909 14899 14945 14932 14931 14914 14965 15111 15153 15165 15214 15276 15235 15074 15035 15022 15020 14981 15006 15061
14976 14976 15064 15000 14924 14901 14908 15058 15183 15253 15252 15259 15222 15089 15054 15046 15003 14938 14945 15024 15038
15110 15098 15076 15051 15004 14974 14967 15076 15183 15260 15224 15132 15135 15166 15193 15049 14936 14918 15060 15063 15078
15144 15135 15098 15063 15042 15030 15047 15180 15361 15295 15135 15117 15189 15258 15232 15099 14985 15104 15104 15100 15114
15096 15089 15067 15078 15082 15092 15187 15361 15323 15186 15149 15201 15292 15227 15170 15026 15124 15121 15148 15155 15129
15090 15095 15141 15146 15168 15235 15323 15331 15222 15182 15257 15296 15260 15236 15195 15158 15151 15173 15177 15166 15182
15092 15097 15154 15219 15255 15320 15322 15294 15291 15335 15338 15276 15285 15234 15211 15175 15176 15158 15154 15179 15190
15092 15158 15236 15274 15335 15343 15309 15313 15408 15328 15279 15295 15272 15176 15176 15193 15177 15187 15220 15224 15214
15179 15240 15273 15325 15324 15318 15331 15439 15364 15326 15318 15286 15185 15203 15225 15239 15237 15268 15288 15327 15271
15265 15295 15349 15341 15341 15363 15464 15395 15366 15295 15367 15167 15190 15199 15192 15232 15268 15299 15351 15278 15196
15300 15599 15330 15332 15342 15461 15445 15326 15284 15266 15341 15171 15186 15370 15238 15282 15336 15332 15257 15208 15185
15710 15429 15323 15323 15411 15409 15385 15253 15239 15184 15163 15155 15354 15276 15286 15318 15338 15269 15216 15194 15162
15464 15429 15420 15424 15420 15359 15321 15321 15311 15314 15310 15301 15276 15310 15310 15327 15284 15247 15199 15148 15118
15463 15428 15434 15450 15401 15344 15335 15317 15325 15329 15309 15226 15259 15241 15249 15197 15213 15205 15183 15180 15175
15572 15438 15457 15438 15398 15374 15355 15355 15372 15544 15216 15200 15191 15184 15148 15107 15114 15116 15181 15187 15160
15608 15417 15452 15421 15369 15356 15349 15366 15570 15393 15219 15219 15201 15136 15086 15047 15027 15050 15134 15133 15066
15413 15407 15374 15369 15515 15371 15542 15568 15606 15258 15200 15218 15190 15161 15117 15097 15074 15088 15092 15176 15086
15508 15477 15431 15412 15447 15459 15583 15627 15404 15230 15240 15250 15230 15182 15128 15101 15095 15095 15085 15081 15108
