inst/extdata/modis/lst/modgrid/Lat43.00075Lon-78.78820Start2001-01-01End2013-12-31___MOD11A2/GRID_Lat43.00075Lon-78.78820Start2001-01-01End2013-12-31___MOD11A2_LST_Day_1km_A2003185.asc
ncols		 21
nrows		 21
xllcorner	 -6416881.12
yllcorner	 4772121.02
cellsize	 926.625433055834
NODATA_value	 0
14914 15037 15027 14985 14990 14996 14980 14893 14878 14878 14899 14870 14926 14921 14907 14958 14940 14936 14933 14921 14911
14755 14858 14895 14902 14921 14905 14860 14836 14828 14856 14870 14913 14911 14898 14933 14930 14940 14938 14919 14910 14931
14767 14791 14812 14983 14834 14851 14852 14853 14870 14872 14877 14890 14898 14959 14921 14894 14940 14894 14894 14903 14899
14765 14796 14740 14797 14861 14790 14809 14840 14872 14882 14928 14968 14955 14955 14947 14946 14942 14932 14904 14897 14896
14832 14823 14812 14796 14752 14754 14787 14836 14946 14955 15088 15071 14981 14977 14952 14949 14931 14912 14907 14898 14896
14872 14874 14871 14797 14793 14815 14831 14867 14879 15070 14973 15065 15065 15015 15006 14947 14927 14920 14915 14933 14936
14840 14883 14847 14814 14815 14819 14868 15037 15070 15063 15078 15081 15114 15104 15056 14961 14970 14974 14967 14958 14957
14836 14842 14848 14830 14837 14833 14936 15086 15068 15087 15090 15146 15145 15067 15072 15076 15079 15010 15003 14993 14993
14824 14841 14855 14869 14979 14977 15097 15113 15158 15170 15170 15170 15170 15114 15113 15041 15059 15035 15009 15007 14989
14830 14837 14862 14996 15123 15121 15138 15124 15129 15197 15194 15191 15183 15119 15149 15174 15041 15018 15010 15011 15023
14913 14859 15033 15117 15188 15217 15167 15187 15235 15283 15281 15231 15226 15148 15156 15154 15135 15124 15029 15046 15046
15062 15083 15161 15220 15230 15267 15258 15283 15291 15280 15260 15160 15149 15165 15175 15152 15131 15183 15157 15047 14998
15275 15280 15303 15296 15321 15323 15358 15363 15320 15286 15210 15170 15175 15187 15182 15220 15219 15217 15124 15010 14997
15314 15317 15315 15334 15343 15353 15349 15327 15304 15265 15176 15183 15181 15179 15224 15224 15224 15137 15014 14997 14987
15346 15332 15326 15328 15336 15318 15284 15234 15195 15194 15190 15159 15159 15159 15193 15160 15151 15029 15008 14998 14991
15345 15338 15323 15323 15306 15291 15227 15195 15190 15187 15176 15160 15160 15184 15184 15172 15138 15091 15077 14992 14964
15376 15349 15347 15344 15316 15235 15226 15232 15226 15201 15163 15182 15201 15079 15042 15021 15002 14998 14987 14975 14956
15345 15349 15359 15341 15281 15266 15251 15246 15256 15235 15220 15212 15072 15034 14992 14977 14976 14972 14963 14960 14958
15313 15325 15315 15289 15284 15269 15269 15267 15256 15252 15249 15096 15067 15012 14992 14962 14939 14931 14940 14946 14941
15314 15303 15290 15279 15266 15273 15278 15272 15275 15270 15228 15199 15044 15041 15008 14986 14950 14938 14945 14951 14945
15305 15295 15286 15276 15284 15289 15289 15290 15270 15237 15213 15176 15158 15011 15007 14959 14942 14946 14950 14934 14922
