inst/extdata/modis/lst/modgrid/Lat43.00075Lon-78.78820Start2001-01-01End2013-12-31___MOD11A2/GRID_Lat43.00075Lon-78.78820Start2001-01-01End2013-12-31___MOD11A2_LST_Day_1km_A2009313.asc
ncols		 21
nrows		 21
xllcorner	 -6416881.12
yllcorner	 4772121.02
cellsize	 926.625433055834
NODATA_value	 0
14214 14218 14212 14211 14218 14201 14189 14180 14061 14068 14072 14105 14122 14121 14192 14074 14146 14148 14149 14147 14144
14169 14199 14181 14180 14172 14175 14176 14055 14057 14063 14105 14117 14122 14191 14187 14156 14152 14150 14149 14147 14138
14162 14160 14159 14154 14160 14160 14062 14062 14069 14097 14101 14110 14190 14186 14179 14154 14148 14149 14157 14148 14145
14152 14147 14142 14140 14139 14054 14059 14080 14103 14105 14198 14203 14205 14197 14162 14152 14148 14150 14148 14142 14141
14157 14156 14153 14146 14042 14153 14083 14104 14115 14222 14223 14212 14189 14170 14172 14170 14160 14140 14139 14138 14138
14183 14178 14162 14152 14051 14161 14081 14111 14216 14222 14213 14160 14154 14170 14192 14185 14166 14146 14150 14146 14146
14172 14167 14165 14168 14174 14185 14210 14215 14216 14196 14149 14150 14169 14223 14218 14194 14160 14164 14162 14151 14150
14164 14165 14166 14167 14182 14216 14216 14221 14184 14164 14161 14182 14223 14219 14208 14187 14180 14177 14166 14162 14151
14167 14185 14202 14209 14228 14224 14218 14172 14161 14165 14202 14217 14214 14209 14193 14200 14195 14181 14176 14166 14217
14201 14215 14221 14231 14234 14216 14167 14163 14172 14205 14214 14215 14218 14217 14214 14211 14192 14181 14173 14202 14196
14212 14210 14222 14224 14206 14177 14171 14181 14204 14203 14204 14204 14211 14214 14218 14219 14211 14198 14237 14244 14229
14192 14202 14206 14184 14178 14179 14192 14207 14208 14210 14194 14200 14207 14223 14235 14225 14213 14267 14278 14272 14232
14199 14197 14174 14170 14174 14174 14190 14201 14208 14190 14195 14212 14227 14235 14235 14261 14268 14285 14296 14257 14214
14197 14186 14189 14163 14154 14153 14168 14187 14185 14188 14191 14197 14206 14214 14259 14261 14265 14264 14249 14232 14220
14276 14283 14139 14139 14139 14159 14169 14168 14158 14176 14187 14188 14177 14169 14170 14262 14267 14258 14236 14222 14203
14298 14295 14296 14279 14165 14161 14161 14164 14163 14164 14168 14167 14161 14174 14281 14285 14113 14083 14062 14055 14051
14302 14296 14290 14279 14268 14139 14148 14150 14161 14168 14165 14167 14175 14262 14263 14106 14085 14047 14057 14071 14063
14287 14272 14297 14294 14150 14147 14143 14145 14175 14168 14156 14238 14236 14237 14111 14094 14060 14083 14112 14106 14103
14284 14296 14305 14297 14151 14150 14155 14289 14259 14231 14240 14244 14136 14122 14103 14087 14104 14116 14113 14123 14132
14302 14173 14168 14292 14285 14290 14285 14275 14264 14269 14281 14170 14166 14146 14113 14118 14119 14116 14110 14117 14122
14176 14173 14165 14156 14271 14286 14289 14292 14296 14295 14173 14171 14160 14145 14136 14125 14111 14092 14091 14093 14079
