inst/extdata/modis/lst/modgrid/Lat43.00075Lon-78.78820Start2001-01-01End2013-12-31___MOD11A2/GRID_Lat43.00075Lon-78.78820Start2001-01-01End2013-12-31___MOD11A2_LST_Day_1km_A2004185.asc
ncols		 21
nrows		 21
xllcorner	 -6416881.12
yllcorner	 4772121.02
cellsize	 926.625433055834
NODATA_value	 0
15386 15403 15234 15193 15179 15166 15157 15154 15122 15094 15057 15043 14995 14948 14846 14834 14843 14872 14859 14842 14818
14969 14953 14966 14944 14966 14946 14796 14788 14769 15023 15033 14911 15003 14925 14907 14890 14881 14872 14859 14837 14813
14724 14661 14699 14990 14669 14688 14736 14737 14798 14825 14886 14896 14936 14953 14948 14919 14883 14865 14834 14826 14807
14564 14660 14666 14665 14877 14633 14632 14664 14708 14923 14926 14970 14982 14981 14946 14900 14870 14832 14800 14757 14767
14718 14722 14713 14689 14664 14720 14654 14712 14941 14979 15017 15007 15009 14977 14927 14898 14824 14769 14740 14742 14779
14817 14819 14826 14718 14709 14657 14701 14758 14982 15032 14966 14952 14930 14953 14948 14809 14762 14752 14763 14801 14834
14851 14850 14871 14799 14751 14781 14820 14974 14996 14960 14939 14896 14925 14939 15035 14879 14805 14795 14820 14983 14982
14887 14875 14813 14805 14830 14852 14985 14998 15047 15029 14904 14944 14959 14962 14903 14873 14883 15011 15019 15000 14978
14851 14795 14808 14831 14840 15016 15071 15075 15047 15040 14976 14977 14986 14982 14946 14982 14971 15033 15024 14921 14849
14856 14891 14904 14936 15064 15019 15013 15010 15124 15151 15002 15006 15027 15020 15002 14984 14933 14911 14912 14940 14938
14960 14989 15045 15111 15051 15051 15051 15174 15200 15198 15183 15170 15136 15012 14932 14964 14952 14956 14973 14962 14930
15068 15089 15147 15176 15191 15197 15216 15227 15293 15254 15210 15161 15124 15120 14979 14975 15011 15029 15045 15022 14882
15150 15215 15222 15215 15215 15241 15476 15556 15252 15217 15087 14998 15078 15131 15003 15004 15010 15043 15026 14923 14892
15445 15439 15229 15226 15219 15225 15193 15255 15177 15077 14993 14994 15015 15023 15000 15006 15038 15008 14955 14920 14850
15455 15426 15222 15218 15161 15158 15139 15131 14991 14991 14990 14990 14999 15003 15006 15033 15030 14981 14906 14867 14927
15461 15224 15219 15165 15156 15185 15075 14982 15001 15005 15000 14993 15008 15022 15022 14999 14984 14909 14952 14911 14867
15489 15247 15236 15224 15185 15087 14996 15007 15020 15017 14996 14987 14999 15076 15044 15031 14962 14933 14939 14944 14921
15437 15442 15463 15190 15150 15116 15105 15116 15145 15158 15013 14991 15044 14990 14958 14937 14902 14925 14959 14954 14936
15457 15508 15315 15255 15222 15132 15129 15150 15174 15208 15121 15083 15034 14987 14925 14876 14870 14867 14902 14898 14889
15496 15460 15263 15216 15234 15256 15271 15271 15190 15132 15085 15124 15097 14987 14952 14921 14891 14891 14883 14896 14867
15465 15293 15250 15254 15277 15317 15297 15306 15205 15100 15156 15152 15109 14989 14945 14932 14921 14903 14872 14874 14865
