inst/extdata/modis/lst/modgrid/Lat43.00075Lon-78.78820Start2001-01-01End2013-12-31___MOD11A2/GRID_Lat43.00075Lon-78.78820Start2001-01-01End2013-12-31___MOD11A2_LST_Day_1km_A2006345.asc
ncols		 21
nrows		 21
xllcorner	 -6416881.12
yllcorner	 4772121.02
cellsize	 926.625433055834
NODATA_value	 0
13994 14109 14116 14119 14119 14119 14111 14105 14106 14113 14114 14121 14141 14145 14143 14125 14106 14098 14103 14114 14120
14003 14023 14044 13986 13909 13916 14079 14086 14100 14084 14088 14129 14133 14136 14134 14107 14098 14105 14119 14122 14119
13839 13847 13875 13891 13888 13960 13890 13889 14068 14092 14131 14136 14136 14138 14106 14094 14085 14105 14112 14114 14107
13883 13914 13949 14003 13973 13886 13908 14035 14092 14130 14152 14153 14153 14134 14117 14100 14112 14114 14116 14098 14100
13973 13984 13971 13970 14017 14006 14016 14049 14101 14144 14150 14148 14131 14113 14118 14139 14130 14125 14114 14111 14107
14102 14001 14116 14102 14085 13886 13876 14082 14124 14145 14133 14118 14118 14129 14155 14148 14137 14123 14119 14111 14106
14101 14103 14103 14103 13902 13894 14087 14102 14161 14142 14130 14133 14147 14157 14161 14150 14142 14148 14131 14120 14124
14104 14104 14112 14110 14098 14071 14073 14131 14138 14139 14144 14150 14150 14142 14137 14142 14157 14154 14150 14147 14139
14115 14131 14134 14125 14104 14107 14139 14142 14145 14149 14154 14155 14152 14153 14154 14159 14165 14165 14165 14177 14168
14129 14117 14106 14130 14137 14155 14147 14153 14161 14167 14162 14155 14154 14156 14160 14175 14176 14175 14160 14153 14146
14109 14113 14147 14154 14159 14129 14140 14157 14171 14164 14156 14142 14146 14148 14170 14172 14173 14163 14158 14148 14118
14131 14148 14144 14140 14156 14157 14161 14165 14158 14151 14122 14136 14151 14181 14175 14169 14157 14164 14164 14158 14150
14143 14148 14151 14165 14169 14169 14158 14146 14141 14149 14164 14169 14170 14169 14164 14145 14158 14163 14168 14152 14146
14143 14154 14175 14177 14178 14165 14146 14139 14144 14152 14160 14160 14162 14159 14150 14144 14141 14141 14153 14151 14149
14168 14189 14182 14174 14161 14139 14131 14129 14132 14140 14155 14162 14151 14134 14141 14141 14139 14149 14145 14144 14114
14193 14191 14185 14174 14146 14114 14110 14116 14119 14123 14142 14133 14118 14134 14139 14143 14139 14114 14094 14085 14091
14194 14183 14178 14151 14106 14096 14109 14115 14123 14129 14133 14128 14133 14132 14136 14129 14096 14080 14092 14093 14090
14178 14176 14173 0 0 14101 14111 14131 14130 14131 14129 14134 14134 14141 14149 14123 14100 14100 14100 14096 14083
14179 14180 14207 0 0 0 14137 14136 14132 14127 14127 14134 14142 14140 14118 14096 14098 14099 14100 14101 14109
14191 14207 14196 14186 14169 14169 0 0 14150 14151 14153 14166 14159 14148 14116 14105 14103 14098 14095 14101 14115
14207 14208 14197 14179 14185 14187 0 14161 14167 14170 14180 14175 14169 14145 14121 14103 14091 14104 14109 14114 14110
