inst/extdata/modis/lst/modgrid/Lat43.00075Lon-78.78820Start2001-01-01End2013-12-31___MOD11A2/GRID_Lat43.00075Lon-78.78820Start2001-01-01End2013-12-31___MOD11A2_LST_Day_1km_A2008249.asc
ncols		 21
nrows		 21
xllcorner	 -6416881.12
yllcorner	 4772121.02
cellsize	 926.625433055834
NODATA_value	 0
14954 14964 14953 14943 14938 14920 14900 14885 14881 14854 14854 14866 14868 14856 14845 14810 14795 14809 14792 14784 14779
14759 14891 14878 14871 14854 14863 14836 14831 14819 14820 14842 14857 14871 14866 14847 14823 14813 14805 14796 14793 14777
14630 14716 14719 14755 14749 14761 14766 14771 14765 14795 14823 14853 14867 14865 14862 14835 14811 14799 14782 14768 14773
14669 14665 14663 14699 14716 14720 14732 14765 14820 14862 14877 14886 14883 14877 14859 14822 14811 14780 14749 14762 14760
14716 14725 14757 14737 14729 14728 14753 14804 14874 14916 14925 14900 14881 14866 14849 14843 14797 14735 14742 14767 14768
14772 14793 14776 14763 14741 14729 14768 14846 14918 14926 14878 14850 14856 14880 14886 14852 14777 14765 14811 14818 14832
14795 14803 14807 14804 14763 14784 14838 14915 14932 14892 14859 14853 14896 14918 14891 14834 14818 14847 14853 14852 14853
14800 14796 14793 14788 14821 14859 14929 14945 14934 14927 14917 14917 14942 14949 14885 14876 14881 14883 14890 14896 14882
14781 14796 14819 14843 14885 14934 14952 14942 14946 14942 14936 14947 14944 14922 14925 14926 14929 14924 14929 14921 14932
14799 14824 14858 14908 14953 14966 14965 14974 14997 15012 15010 14990 14978 14984 14990 14977 14937 14927 14928 14937 14941
14817 14856 14931 14957 14970 14977 14990 15023 15041 15035 15014 15000 14982 14961 14979 14972 14957 14958 14972 14979 14961
14847 14911 14947 14971 14990 15012 15048 15068 15069 15032 15011 15011 14987 14999 15014 15022 15015 15013 15020 15006 14937
14934 14965 14987 15008 15016 15040 15082 15105 15053 15038 15026 15007 15009 15026 15035 15011 15012 15039 15033 14962 14908
14992 15027 15052 15044 15053 15070 15099 15077 15047 15029 15005 14998 15009 15044 15018 15006 15037 15030 14961 14923 14902
15055 15056 15045 15053 15063 15071 15058 15040 15020 15003 14994 14983 15007 15015 15015 15029 15041 14918 14950 14909 14880
15073 15063 15055 15063 15058 15039 15025 15022 15012 15013 15011 15012 15020 15033 15024 15043 14927 14897 14896 14874 14831
15085 15057 15062 15058 15045 15032 15033 15024 15015 15005 14928 15004 15016 15010 15000 14878 14924 14883 14874 14856 14828
15041 15056 15072 15037 15053 15047 15040 15039 15030 15022 15003 14975 14968 14952 14841 14811 14851 14859 14862 14843 14828
15037 15045 15024 15042 15041 15043 15045 15041 14966 15032 15016 15003 14966 14927 14880 14810 14734 14820 14827 14827 14811
15033 15037 15043 15019 15028 15040 15047 15045 15054 15055 15031 15022 14995 14965 14823 14804 14847 14829 14834 14835 14837
15033 15065 15023 15032 15051 15078 15085 15085 15081 15065 15056 15037 14997 14864 14847 14877 14843 14834 14817 14820 14818
