inst/extdata/modis/lst/modgrid/Lat43.00075Lon-78.78820Start2001-01-01End2013-12-31___MOD11A2/GRID_Lat43.00075Lon-78.78820Start2001-01-01End2013-12-31___MOD11A2_LST_Day_1km_A2012017.asc
ncols		 21
nrows		 21
xllcorner	 -6416881.12
yllcorner	 4772121.02
cellsize	 926.625433055834
NODATA_value	 0
13276 0 0 0 0 0 0 0 0 0 0 0 0 0 0 0 13061 13061 13064 13076 0
13416 13416 13460 13460 13460 13460 13460 0 0 0 0 0 0 0 0 0 0 0 13385 13385 13401
13416 13458 13460 13460 13460 13460 13460 0 0 0 0 0 0 0 0 0 0 13392 13389 13400 13384
13457 13460 13460 13460 13460 13460 13548 13563 13563 0 0 0 0 0 0 13373 13387 13410 13402 13378 13367
13303 13303 13303 13338 13506 13523 13528 13517 13476 0 0 0 0 13396 13385 13386 13420 0 13383 13376 13369
13282 13288 13303 13350 13407 13479 13465 13466 13476 0 0 13381 13392 13390 13388 13378 0 13387 13385 13384 13383
13262 13275 13317 13317 13336 13384 13405 13421 0 13420 13387 13385 13395 13412 13413 13413 13403 13391 13397 13393 13386
13250 0 13317 13341 13361 13369 13382 0 13419 13399 13394 13406 13407 13412 13412 13407 13397 13392 13377 13374 13380
0 0 0 0 13350 13350 0 13413 13409 13407 13408 13402 13405 13411 13407 13395 13392 13384 13380 13376 13376
0 0 0 0 0 13411 13411 13393 13396 13403 13405 13396 13399 13400 13395 13380 13380 13383 13380 13370 13356
0 0 0 0 13410 13411 13399 13390 13399 13414 13398 13401 13381 13370 13369 13373 13374 13370 13367 13365 13371
0 0 13392 13396 13404 13402 13392 13404 13421 13411 13397 13367 13355 13361 13371 13377 13383 13386 13384 13381 13358
13157 13288 13290 13290 13286 13286 13303 13434 13419 13406 13370 13355 13355 13357 13374 13375 13375 13377 13383 13354 13338
13289 13295 13295 13288 13285 13296 13417 13412 13397 13373 13365 13363 13367 13404 13263 13249 13249 13255 13244 13228 13219
13295 13294 13283 13277 13285 13398 13401 13385 13369 13372 13363 13350 13383 13256 13248 13251 13261 13247 13242 13229 13353
13437 13424 13411 13408 13391 13384 13383 13386 13387 13383 13374 13373 13253 13253 13257 13263 13253 13242 13230 13357 13357
13433 13422 13418 13397 13366 13364 13377 13374 13376 13375 13369 13352 13374 13382 13380 13373 13371 13366 13360 13359 13355
13370 13365 13414 13404 13384 13380 13381 13383 13376 13361 13354 13357 13351 13359 13367 13372 13384 13371 13362 13360 13343
13372 13374 13378 13387 13381 13390 13405 13381 13388 13389 13375 13354 13362 13362 13360 13363 13370 13366 13360 13351 13346
13377 13379 13387 13370 13375 13391 13401 13392 13391 13380 13357 13363 13362 13361 13364 13371 13367 13365 13361 13359 13364
13388 13384 13370 13377 13381 13389 13385 13376 13366 13365 13377 13371 13373 13373 13374 13373 13371 13376 13378 13374 13371
