inst/extdata/modis/lst/modgrid/Lat43.00075Lon-78.78820Start2001-01-01End2013-12-31___MOD11A2/GRID_Lat43.00075Lon-78.78820Start2001-01-01End2013-12-31___MOD11A2_LST_Day_1km_A2007201.asc
ncols		 21
nrows		 21
xllcorner	 -6416881.12
yllcorner	 4772121.02
cellsize	 926.625433055834
NODATA_value	 0
15257 15252 15255 15259 15248 15241 15172 15150 15120 15085 15083 15132 15133 15115 15053 15001 14984 15031 15066 15048 15002
14979 15042 15067 15136 15113 15081 15073 15070 15034 15012 15067 15098 15112 15110 15050 15010 15014 15058 15036 15011 14978
14909 14901 14889 14882 14889 14866 14897 14915 14955 15007 15035 15058 15096 15069 15043 15012 15036 14992 14987 14937 14932
14802 14828 14842 14840 14826 14794 14821 14887 14972 15011 15053 15103 15128 15096 15056 15010 14968 14945 14903 14909 14921
14920 14954 14949 14900 14790 14783 14815 14928 15007 15082 15151 15152 15109 15032 15009 14986 14931 14887 14906 14937 14938
15002 15045 15010 14964 14895 14824 14835 15015 15125 15174 15142 15041 15043 15073 15050 14995 14925 14903 14963 15004 14986
15068 15057 15028 14973 14921 14915 15027 15143 15191 15107 15038 15044 15095 15117 15061 14993 14945 14998 15034 15041 15031
15030 15018 15011 15004 14998 15011 15077 15165 15094 15061 15048 15100 15139 15114 15034 14995 15008 15037 15064 15048 15054
15013 15028 15045 15049 15057 15110 15160 15110 15057 15083 15138 15150 15141 15123 15086 15051 15072 15088 15068 15100 15092
14991 15032 15082 15140 15180 15173 15186 15177 15154 15202 15236 15228 15227 15186 15090 15107 15106 15071 15063 15082 15068
15033 15094 15184 15232 15243 15244 15280 15285 15266 15215 15216 15237 15244 15168 15167 15168 15132 15124 15091 15068 15093
15116 15197 15218 15239 15245 15328 15311 15311 15287 15262 15233 15254 15200 15227 15231 15202 15180 15121 15184 15235 15074
15227 15257 15268 15288 15364 15344 15366 15373 15358 15321 15258 15224 15232 15240 15216 15175 15159 15229 15277 15045 15042
15342 15356 15368 15376 15360 15373 15342 15318 15265 15227 15178 15166 15177 15199 15120 15123 15271 15273 15062 15056 14995
15325 15352 15359 15371 15349 15320 15294 15239 15224 15198 15186 15145 15125 15139 15137 15234 15226 15088 14999 14981 14890
15385 15384 15373 15352 15330 15303 15291 15249 15289 15290 15182 15161 15143 15204 15213 15236 15203 15101 14961 14855 14874
15372 15346 15336 15329 15310 15274 15256 15251 15240 15215 15166 15163 15190 15201 15252 15164 15149 14950 14865 14861 14901
15395 15355 15383 15367 15317 15302 15267 15254 15279 15300 15186 15164 15077 15081 15072 15081 15049 14952 14864 14942 14911
15362 15386 15373 15346 15368 15344 15321 15334 15333 15221 15182 15084 15093 15066 15015 14953 14870 14863 14879 14870 14913
15383 15377 15363 15390 15366 15348 15340 15360 15374 15228 15165 15173 15172 15135 14990 14925 14894 14881 14885 14939 14902
15364 15358 15378 15377 15384 15327 15284 15324 15292 15285 15278 15232 15248 15009 14948 14934 14943 14977 15011 14989 14904
