inst/extdata/modis/lst/modgrid/Lat43.00075Lon-78.78820Start2001-01-01End2013-12-31___MOD11A2/GRID_Lat43.00075Lon-78.78820Start2001-01-01End2013-12-31___MOD11A2_LST_Day_1km_A2003169.asc
ncols		 21
nrows		 21
xllcorner	 -6416881.12
yllcorner	 4772121.02
cellsize	 926.625433055834
NODATA_value	 0
15282 15308 15336 15385 15382 15356 15316 15286 15270 15113 15114 15144 15152 15145 15121 15081 15078 15092 15082 15058 15045
15138 15153 15170 15195 15216 15198 15179 15024 15015 15034 15109 15146 15172 15181 15160 15126 15109 15098 15070 15062 15055
14838 14912 14923 14913 14926 14951 15003 15050 14939 15026 15072 15149 15183 15189 15174 15126 15104 15077 15064 15049 15051
14718 14804 14823 14821 14817 14782 14790 14762 14957 15079 15154 15200 15231 15221 15150 15115 15060 15052 15030 15033 15039
14888 14927 14961 14949 14951 14879 14749 14886 15086 15202 15255 15249 15226 15177 15157 15118 15080 15028 15018 15024 15041
14989 15040 15033 14956 15028 14925 14754 14982 15127 15262 15230 15172 15146 15177 15184 15134 15044 15024 15035 15066 15080
15060 15062 15048 15002 15053 14887 14942 15100 15265 15232 15156 15140 15188 15241 15206 15138 15099 15088 15111 15116 15119
15054 15049 15037 14999 14958 14929 15088 15243 15232 15182 15151 15180 15246 15236 15186 15133 15128 15148 15154 15148 15131
15028 15038 15036 15009 14989 15127 15204 15218 15196 15193 15214 15244 15236 15214 15194 15189 15189 15186 15186 15185 15174
15002 14999 15030 15051 15187 15215 15232 15226 15248 15287 15307 15275 15242 15243 15249 15229 15206 15159 15174 15188 15196
15001 15100 15150 15244 15257 15254 15259 15286 15325 15340 15300 15253 15231 15211 15216 15223 15195 15192 15212 15232 15213
15133 15185 15268 15277 15274 15287 15320 15362 15381 15346 15282 15256 15234 15244 15265 15275 15258 15252 15265 15267 15197
15254 15295 15304 15307 15333 15349 15388 15400 15376 15296 15268 15247 15258 15273 15270 15249 15253 15290 15308 15209 15124
15337 15356 15349 15340 15352 15381 15395 15362 15299 15271 15241 15228 15240 15254 15247 15239 15278 15293 15199 15148 15124
15373 15367 15332 15332 15337 15336 15302 15260 15243 15229 15224 15225 15247 15257 15238 15269 15290 15230 15169 15119 15085
15390 15350 15343 15335 15316 15274 15237 15230 15231 15231 15226 15230 15242 15269 15280 15279 15261 15186 15111 15073 15032
15381 15358 15339 15328 15289 15243 15234 15240 15241 15234 15209 15212 15223 15226 15217 15189 15138 15079 15052 15049 15053
15338 15346 15354 15350 15302 15282 15261 15260 15274 15270 15250 15209 15176 15142 15114 15073 15035 15045 15068 15067 15050
15345 15370 15362 15306 15293 15271 15267 15284 15296 15297 15262 15236 15188 15129 15066 14997 14986 15012 15044 15046 15026
15363 15353 15314 15286 15274 15281 15298 15314 15328 15302 15268 15246 15201 15155 15072 15025 15012 15027 15055 15063 15054
15357 15336 15308 15289 15309 15339 15352 15350 15327 15292 15284 15265 15231 15120 15075 15060 15045 15034 15030 15036 15041
