inst/extdata/modis/lst/modgrid/Lat43.00075Lon-78.78820Start2001-01-01End2013-12-31___MOD11A2/GRID_Lat43.00075Lon-78.78820Start2001-01-01End2013-12-31___MOD11A2_LST_Day_1km_A2010281.asc
ncols		 21
nrows		 21
xllcorner	 -6416881.12
yllcorner	 4772121.02
cellsize	 926.625433055834
NODATA_value	 0
14732 14739 14721 14709 14716 14733 14639 14644 14642 14624 14613 14632 14635 14630 14622 14577 14563 14551 14554 14554 14551
14519 14531 14654 14660 14675 14591 14604 14616 14616 14584 14594 14617 14626 14630 14586 14570 14552 14557 14553 14549 14550
14363 14446 14447 14554 14503 14509 14531 14537 14563 14577 14588 14577 14583 14591 14575 14555 14560 14544 14541 14543 14544
14460 14466 14461 14486 14559 14486 14502 14549 14593 14629 14652 14657 14605 14584 14561 14551 14549 14539 14531 14504 14512
14627 14528 14557 14508 14494 14558 14480 14517 14602 14655 14665 14613 14625 14614 14553 14567 14555 14534 14539 14510 14511
14495 14693 14646 14475 14452 14568 14505 14577 14646 14668 14665 14600 14603 14579 14573 14580 14557 14558 14527 14532 14553
14435 14499 14499 14424 14440 14520 14570 14618 14670 14670 14607 14603 14624 14607 14592 14546 14536 14540 14555 14570 14569
14645 14396 14407 14467 14640 14526 14534 14769 14764 14591 14622 14634 14654 14595 14562 14563 14566 14583 14585 14582 14574
14389 14403 14473 14538 14537 14681 14526 14462 14599 14598 14666 14670 14657 14652 14600 14596 14604 14597 14595 14586 14583
14647 14637 14666 14708 14733 14642 14634 14659 14666 14684 14692 14677 14672 14671 14625 14626 14599 14583 14579 14582 14608
14465 14484 14719 14634 14654 14602 14675 14624 14635 14711 14688 14680 14663 14659 14664 14673 14609 14600 14630 14629 14613
14491 14715 14627 14648 14679 14702 14724 14659 14744 14711 14688 14671 14669 14673 14682 14680 14673 14665 14677 14670 14639
14661 14681 14694 14694 14716 14724 14743 14749 14724 14708 14688 14677 14678 14684 14681 14673 14662 14680 14677 14654 14591
14699 14709 14802 14807 14813 14825 14732 14722 14713 14680 14667 14659 14663 14679 14673 14653 14658 14659 14631 14590 14567
14808 14803 14801 14797 14795 14797 14783 14771 14753 14749 14741 14734 14749 14752 14741 14745 14740 14622 14586 14569 14550
14819 14817 14808 14793 14790 14768 14757 14748 14747 14751 14748 14734 14734 14746 14760 14764 14640 14594 14552 14533 14507
14827 14812 14799 14796 14780 14771 14762 14755 14750 14747 14737 14735 14743 14744 14733 14719 14668 14485 14483 14478 14527
14800 14808 14814 14803 14788 14772 14771 14763 14760 14670 14662 14639 14701 14694 14679 14634 14479 14488 14614 14532 14529
14801 14815 14815 14797 14781 14773 14764 14770 14689 14696 14689 14740 14718 14689 14637 14614 14484 14480 14530 14526 14527
14715 14720 14696 14685 14688 14694 14699 14716 14720 14709 14774 14762 14742 14706 14666 14498 14524 14526 14510 14533 14541
14726 14708 14694 14696 14705 14712 14735 14739 14731 14798 14790 14777 14745 14711 14478 14524 14509 14510 14509 14504 14498
