inst/extdata/modis/lst/modgrid/Lat43.00075Lon-78.78820Start2001-01-01End2013-12-31___MOD11A2/GRID_Lat43.00075Lon-78.78820Start2001-01-01End2013-12-31___MOD11A2_LST_Day_1km_A2003009.asc
ncols		 21
nrows		 21
xllcorner	 -6416881.12
yllcorner	 4772121.02
cellsize	 926.625433055834
NODATA_value	 0
13446 13446 13395 13397 13396 13331 13328 13330 13308 13314 13319 13318 13306 13320 13303 13310 13320 13319 13275 13198 13208
13474 13421 13417 13372 13330 13326 13327 13313 13311 13322 13326 13324 13336 13326 13331 13327 13325 13277 13238 13249 13258
13461 13450 13387 13384 13358 13344 13358 13334 13327 13333 13333 13336 13337 13344 13342 13331 13318 13239 13243 13248 13331
13451 13395 13384 13343 13327 13399 13372 13355 13378 13347 13341 13350 13349 13347 13333 13316 13322 13331 13312 13321 13320
13376 13317 13306 13307 13332 13342 13370 13390 13382 13351 13340 13327 13350 13334 13321 13321 13330 13305 13287 13279 13317
13311 13308 13315 13322 13340 13384 13423 13445 13365 13353 13351 13299 13339 13326 13322 13345 13307 13299 13285 13282 13286
13341 13328 13309 13303 13351 13373 13373 13372 13367 13372 13298 13309 13349 13300 13287 13301 13308 13303 13302 13292 13288
13327 13300 13304 13340 13353 13379 0 13385 13315 13306 13347 13282 13352 13304 13317 13307 13289 13282 13285 13285 13295
13366 13330 13346 13362 13374 13453 13382 13317 13317 13320 13351 13330 13306 13331 13313 13306 13298 13284 13290 13296 13277
13388 13457 13398 13348 13346 13327 13312 13310 13323 13349 13313 13305 13347 13317 13311 13304 13288 13284 13294 13287 13199
13467 13381 13370 13343 13328 13311 13307 13313 13344 13319 13283 13364 13362 13315 13316 13316 13305 13280 13297 13205 13204
13382 13382 13379 13393 0 13247 13247 0 0 0 0 0 0 0 0 13326 13326 13318 13313 13284 13311
0 0 13393 0 0 0 0 0 0 0 0 0 0 0 13308 13319 13312 13309 13299 13284 0
0 0 0 0 0 0 0 0 0 0 0 13183 13183 13308 13287 13269 13276 13287 13275 13262 0
0 0 0 0 0 0 0 0 0 0 13183 13183 13228 13243 13261 13247 0 13239 13242 0 13110
0 0 0 0 0 0 0 0 0 0 0 0 13228 13290 13290 0 13181 13168 13167 13116 13107
0 0 0 0 0 0 0 0 0 0 0 0 0 0 0 13173 13153 13103 13111 13080 13022
0 0 0 0 0 0 0 0 0 0 0 0 0 13205 13205 0 0 0 0 12812 13021
0 0 0 0 0 0 0 0 0 0 0 0 13205 13205 0 0 0 0 0 0 13230
0 0 0 0 0 0 0 0 0 13054 0 0 0 0 0 0 0 0 0 0 0
0 0 0 0 0 0 13138 13088 13054 0 0 0 0 0 0 0 0 0 0 0 0
