inst/extdata/modis/lst/modgrid/Lat43.00075Lon-78.78820Start2001-01-01End2013-12-31___MOD11A2/GRID_Lat43.00075Lon-78.78820Start2001-01-01End2013-12-31___MOD11A2_LST_Day_1km_A2001073.asc
ncols		 21
nrows		 21
xllcorner	 -6416881.12
yllcorner	 4772121.02
cellsize	 926.625433055834
NODATA_value	 0
13721 13709 13695 13695 13702 13709 13797 13793 13784 13754 13745 13735 13725 13725 13732 13739 13718 13695 13681 13689 13700
13720 13718 13792 13791 13791 13781 13780 13757 13725 13727 13740 13739 13745 13745 13731 13708 13698 13684 13693 13700 13716
13712 13761 13783 13784 13761 13760 13745 13728 13719 13738 13748 13758 13755 13743 13717 13706 13693 13689 13704 13719 13721
13748 13760 13764 13753 13752 13750 13747 13735 13729 13751 13776 13779 13781 13771 13744 13713 13710 13734 13744 13726 13707
13757 13768 13756 13760 13773 13770 13757 13743 13748 13707 13786 13785 13787 13781 13750 13745 13755 13764 13746 13722 13709
13773 13768 13765 13767 13768 13756 13760 13747 13709 13696 13780 13770 13768 13769 13771 13775 13778 13772 13751 13736 13737
13762 13759 13761 13763 13758 13758 13763 13705 13824 13810 13787 13774 13787 13802 13807 13790 13776 13776 13774 13769 13763
13765 13764 13757 13757 13759 13766 13779 13810 13821 13803 13769 13780 13799 13808 13800 13777 13765 13772 13777 13772 13778
13769 13752 13745 13755 13781 13804 13808 13726 13807 13791 13794 13802 13798 13797 13796 13788 13786 13789 13782 13776 13778
13758 13759 13770 13788 13809 13825 13745 13824 13814 13817 13814 13797 13797 13812 13810 13798 13792 13785 13779 13775 13760
13758 13779 13786 13796 13731 13829 13821 13818 13833 13752 13799 13793 13788 13780 13785 13793 13790 13782 13779 13770 13755
13774 13785 13794 13731 13838 13839 13836 13848 13776 13728 13804 13790 13765 13782 13793 13803 13798 13788 13787 13782 13741
13787 13725 13735 13849 13851 13851 13781 13801 13767 13744 13783 13760 13777 13790 13802 13805 13801 13806 13797 13744 13726
13751 13777 13762 13743 13846 13776 13806 13792 13757 13808 13783 13777 13790 13806 13797 13781 13797 13796 13753 13746 13735
13791 13780 13744 13732 13739 13836 13834 13831 13810 13798 13789 13783 13802 13791 13776 13789 13799 13770 13763 13744 13744
13793 13762 13743 13753 13830 13827 13826 13811 13804 13803 13806 13800 13782 13777 13789 13791 13783 13774 13731 13739 13730
13773 13742 13758 13829 13822 13820 13815 13814 13808 13806 13800 13774 13773 13781 13770 13755 13737 13730 13721 13713 13697
13843 13743 13831 13828 13820 13818 13822 13819 13819 13804 13766 13759 13753 13751 13754 13733 13730 13715 13708 13702 13681
13845 13757 13758 13811 13803 13805 13813 13818 13817 13728 13759 13752 13748 13742 13724 13721 13726 13712 13697 13687 13681
13772 13768 13814 13795 13801 13729 13735 13821 13761 13770 13755 13762 13762 13746 13728 13713 13707 13696 13687 13687 13693
13764 13824 13811 13812 13730 13754 13742 13733 13791 13775 13781 13774 13765 13758 13728 13714 13697 13695 13698 13690 13688
