inst/extdata/modis/lst/modgrid/Lat43.00075Lon-78.78820Start2001-01-01End2013-12-31___MOD11A2/GRID_Lat43.00075Lon-78.78820Start2001-01-01End2013-12-31___MOD11A2_LST_Day_1km_A2002177.asc
ncols		 21
nrows		 21
xllcorner	 -6416881.12
yllcorner	 4772121.02
cellsize	 926.625433055834
NODATA_value	 0
15414 15432 15452 15413 15405 15351 15284 15276 15271 15176 15173 15200 15123 15099 15067 15005 14975 15035 15031 15012 14962
15026 15055 15104 15181 15151 15059 15129 15149 15100 15057 15074 15109 15145 15146 15073 15049 15033 15027 14985 14979 14958
14790 14834 14853 15045 14884 14901 14930 14958 14994 15011 15047 15126 15211 15160 15076 15053 15034 15003 14990 14962 14969
14817 14828 14794 14814 14894 14854 14886 14967 15012 15073 15146 15242 15205 15115 15087 15051 15012 14990 14961 14957 14949
14923 14942 14952 14934 14874 14869 14840 14905 15004 15118 15188 15218 15143 15113 15085 15044 15005 14943 14934 14943 14954
15001 15042 15008 14978 14917 14880 14894 14968 15154 15229 15164 15088 15077 15113 15088 15052 14989 14964 14978 14998 15039
15077 15050 15055 14998 14952 14944 14966 15141 15222 15158 15093 15078 15137 15226 15093 15035 15011 15032 15079 15140 15135
15040 15040 15030 15017 15014 15016 15108 15390 15227 15133 15110 15136 15273 15259 15138 15069 15083 15113 15172 15156 15080
14998 15010 15029 15041 15044 15152 15396 15299 15234 15185 15206 15265 15246 15258 15173 15177 15167 15247 15239 15219 15206
14981 15002 15037 15069 15152 15282 15296 15277 15288 15316 15325 15297 15405 15394 15383 15283 15232 15132 15147 15160 15286
15018 15067 15175 15324 15290 15299 15435 15461 15491 15490 15460 15453 15418 15354 15288 15276 15175 15174 15188 15344 15313
15086 15241 15338 15344 15331 15458 15495 15525 15541 15525 15487 15437 15355 15375 15430 15423 15394 15361 15407 15313 15150
15449 15498 15482 15478 15488 15513 15555 15599 15544 15488 15441 15384 15388 15402 15405 15396 15368 15436 15347 15164 15065
15537 15540 15492 15482 15506 15532 15562 15512 15460 15427 15392 15334 15352 15388 15375 15339 15324 15329 15246 15125 15100
15540 15463 15451 15456 15463 15483 15416 15403 15374 15364 15344 15343 15365 15388 15354 15339 15345 15285 15149 15136 15067
15523 15491 15471 15474 15468 15380 15363 15370 15383 15379 15369 15375 15414 15438 15335 15329 15336 15175 15093 15000 14973
15516 15484 15484 15487 15380 15353 15358 15379 15403 15418 15382 15389 15360 15328 15272 15259 15248 15223 15042 15018 15048
15482 15488 15517 15485 15418 15386 15395 15418 15451 15450 15377 15340 15308 15180 15146 15114 15034 15000 15041 15094 15044
15502 15536 15521 15475 15444 15429 15419 15456 15524 15432 15394 15301 15172 15142 15075 14976 14946 14944 14997 15009 14987
15507 15512 15475 15443 15446 15448 15460 15492 15536 15527 15300 15288 15271 15114 15013 14962 14946 14986 15005 14988 14982
15521 15488 15456 15434 15442 15489 15482 15504 15488 15309 15310 15303 15167 15122 15036 14994 14991 14967 14967 14967 14966
