inst/extdata/modis/lst/modgrid/Lat43.00075Lon-78.78820Start2001-01-01End2013-12-31___MOD11A2/GRID_Lat43.00075Lon-78.78820Start2001-01-01End2013-12-31___MOD11A2_LST_Day_1km_A2009265.asc
ncols		 21
nrows		 21
xllcorner	 -6416881.12
yllcorner	 4772121.02
cellsize	 926.625433055834
NODATA_value	 0
14613 14619 14618 14618 14627 14610 14528 14531 14541 14520 14391 14401 14406 14349 14336 14474 14478 14497 14516 14370 14372
14601 14639 14578 14526 14477 14442 14465 14464 14455 14511 14524 14396 14347 14589 14573 14525 14516 14514 14271 14265 14279
14564 14564 14517 14516 14451 14425 14417 14455 14516 14504 14491 14533 14549 14518 14538 14514 14485 14344 14366 14282 14381
14491 14459 14254 14267 14381 14268 14344 14324 14304 14459 14524 14580 14590 14459 14428 14424 14509 14528 14474 14482 14459
14432 14244 14319 14300 14300 14459 14313 14309 14362 14444 14596 14605 14457 14438 14460 14502 14522 14460 14445 14460 14448
14306 14350 14320 14298 14290 14285 14210 14304 14436 14572 14555 14437 14437 14479 14531 14524 14446 14404 14416 14431 14448
14331 14204 14137 14493 14511 14275 14326 14403 14492 14492 14455 14454 14514 14576 14559 14512 14460 14414 14451 14495 14483
14253 14301 14360 14369 14374 14403 14444 14449 14437 14413 14420 14459 14496 14520 14529 14488 14443 14473 14494 14498 14487
14374 14375 14395 14402 14425 14434 14444 14474 14442 14445 14517 14513 14511 14515 14521 14522 14471 14479 14515 14528 14512
14409 14432 14462 14459 14481 14474 14470 14528 14536 14542 14534 14541 14555 14559 14518 14491 14458 14442 14458 14467 14458
14446 14469 14489 14503 14482 14480 14499 14530 14545 14565 14554 14558 14560 14522 14511 14526 14441 14394 14425 14621 14576
14488 14470 14510 14514 14523 14512 14527 14559 14576 14562 14551 14599 14596 14548 14626 14606 14418 14427 14646 14606 14557
14456 14508 14522 14512 14538 14556 14616 14638 14689 14667 14583 14679 14588 14601 14622 14618 14601 14628 14607 14580 14406
14565 14567 14557 14486 14466 14558 14725 14690 14652 14580 14655 14634 14620 14637 14778 14512 14557 14541 14418 14434 14400
14415 14465 14441 14561 14599 14681 14665 14578 14567 14633 14636 14616 14613 14465 14413 14448 14424 14349 14380 14358 14284
14396 14546 14580 14607 14602 14568 14573 14606 14629 14626 14605 14504 14469 14158 14388 14532 14328 14358 14178 14154 0
14503 14528 14603 14488 14615 14623 14643 14643 14604 14567 14538 14348 14371 0 0 0 0 14140 14140 14623 14581
14532 14576 14417 14632 14644 14663 14655 14753 14553 14525 14504 14371 0 0 14551 14551 14578 14578 14498 14522 14521
14610 14614 14635 14620 14627 14638 14657 14657 14502 14571 14835 0 14695 14573 14531 14474 14354 14432 14438 0 0
14639 14634 14505 14485 14480 0 0 14364 14630 14629 14612 14690 14689 14598 14487 14292 14292 14056 0 0 0
14634 14778 14237 14237 0 0 0 14615 14609 14597 14649 14657 14575 14497 0 0 14056 14056 14418 14419 14302
