inst/extdata/modis/lst/modgrid/Lat43.00075Lon-78.78820Start2001-01-01End2013-12-31___MOD11A2/GRID_Lat43.00075Lon-78.78820Start2001-01-01End2013-12-31___MOD11A2_LST_Day_1km_A2006177.asc
ncols		 21
nrows		 21
xllcorner	 -6416881.12
yllcorner	 4772121.02
cellsize	 926.625433055834
NODATA_value	 0
15075 15167 15164 15143 15143 15094 15100 15042 14973 14985 15000 15012 14984 14975 14913 14903 14896 14904 14898 14875 14848
14869 14971 15023 15014 15031 14945 14916 14918 14905 14910 14914 14931 14967 14934 14914 14903 14885 14887 14861 14828 14828
14771 14783 14815 14838 14817 14846 14828 14820 14850 14885 14906 14923 14965 14971 14953 14885 14854 14817 14794 14839 14839
14730 14750 14751 14750 14791 14748 14757 14817 14866 14896 14918 14982 14989 15017 14852 14848 14815 14795 14807 14822 14845
14861 14905 14871 14823 14783 14742 14747 14799 14855 15005 15027 15005 15033 14864 14839 14812 14794 14787 14799 14827 14858
14941 14948 14916 14870 14835 14782 14751 14869 14970 15084 15059 14982 14981 15012 14918 14845 14824 14811 14830 14867 14875
14975 14987 14948 14913 14845 14813 14885 14982 15079 14993 14949 14961 14996 15020 14903 14887 14859 14875 14888 14897 14904
14950 14945 14938 14895 14885 14899 14944 15039 15022 14957 14964 14989 15019 14946 14932 14906 14910 14938 14936 14936 14928
14923 14929 14956 14948 14945 14950 15035 15044 15041 15034 15026 15024 14944 14942 14949 14948 14978 15015 15013 14972 14963
14898 14913 14959 15028 15074 15097 15094 15019 14988 15001 15072 15050 15012 15013 15010 15024 14958 14923 14964 14965 14964
14920 14982 15055 15158 15138 15176 15075 15065 15079 15165 15084 15067 15023 15066 15067 14973 14950 15011 15026 15035 15005
14985 15112 15143 15139 15169 15174 15078 15093 15185 15107 15097 15077 15067 15100 15094 15058 15037 15066 15094 15079 14961
15133 15151 15194 15187 15196 15161 15186 15278 15161 15125 15108 15069 15098 15098 15087 15067 15046 15103 15108 14993 14939
15262 15241 15229 15171 15160 15206 15215 15150 15138 15116 15059 15058 15066 15088 15082 15077 15116 15098 15026 14968 14940
15279 15249 15200 15186 15191 15130 15094 15101 15090 15070 15071 15059 15073 15086 15089 15120 15105 15081 15021 14967 14869
15245 15217 15192 15189 15143 15098 15090 15086 15080 15082 15081 15073 15082 15093 15103 15114 15073 15021 14979 14884 14868
15264 15251 15194 15161 15129 15093 15089 15094 15098 15100 15084 15074 15076 15071 15059 15042 15014 14996 14976 14951 14937
15244 15242 15245 15227 15154 15120 15113 15107 15123 15124 15112 15084 15055 15025 14963 14938 14927 14901 14950 14958 14938
15212 15238 15214 15170 15140 15137 15141 15177 15179 15184 15161 15102 15075 15030 14973 14901 14886 14924 14942 14919 14870
15233 15210 15178 15147 15148 15162 15236 15241 15214 15219 15153 15121 15135 15125 14971 14932 14922 14927 14920 14917 14912
15245 15189 15178 15188 15211 15269 15280 15298 15264 15202 15145 15166 15170 15028 14967 14934 14921 14883 14887 14900 14875
