inst/extdata/modis/lst/modgrid/Lat43.00075Lon-78.78820Start2001-01-01End2013-12-31___MOD11A2/GRID_Lat43.00075Lon-78.78820Start2001-01-01End2013-12-31___MOD11A2_LST_Day_1km_A2009153.asc
ncols		 21
nrows		 21
xllcorner	 -6416881.12
yllcorner	 4772121.02
cellsize	 926.625433055834
NODATA_value	 0
14875 14949 14971 14956 14957 14899 14925 14918 14916 14891 14872 14885 14881 14866 14853 14825 14852 14854 14765 14737 14726
14785 14876 14779 14806 14776 14810 14829 14862 14871 14842 14852 14853 14869 14873 14859 14854 14832 14790 14733 14734 14718
14443 14474 14544 14671 14601 14656 14698 14786 14842 14822 14830 14846 14869 14886 14869 14834 14778 14738 14726 14707 14726
14413 14464 14493 14553 14546 14559 14533 14590 14703 14829 14845 14868 14893 14922 14876 14816 14772 14719 14751 14719 14733
14584 14643 14715 14678 14549 14598 14529 14660 14795 14861 14920 14880 14898 14876 14845 14811 14756 14700 14753 14783 14870
14714 14820 14801 14763 14605 14559 14608 14683 14827 14901 14886 14861 14874 14886 14892 14814 14726 14703 14754 14902 14824
14845 14844 14830 14809 14763 14661 14676 14837 14931 14918 14882 14888 14919 14951 14906 14815 14771 14799 14845 14848 14839
14834 14822 14816 14796 14801 14787 14834 14993 14956 14926 14907 14908 14957 14966 14916 14872 14865 14870 14882 14859 14814
14722 14730 14762 14744 14819 14877 15015 15012 14962 14953 14971 15012 14996 14969 14957 14957 14934 14907 14874 14847 14846
14724 14732 14760 14879 14969 15067 15051 15011 15006 15037 15058 15031 15019 15011 14997 14974 14925 14889 14881 14883 14903
14787 14805 14948 15040 15092 15088 15047 15055 15099 15099 15058 15046 14999 14983 14974 14965 14927 14917 15029 14954 14929
14853 14993 15084 15102 15106 15110 15123 15182 15160 15120 15081 15016 14999 15005 15022 14998 14978 15026 15120 15103 14928
15062 15135 15141 15152 15145 15154 15203 15218 15209 15117 15063 15037 15050 15068 15055 15002 15015 15030 15035 14948 14909
15183 15190 15182 15167 15177 15217 15222 15211 15103 15067 15056 15064 15059 15092 15011 15004 15007 15010 14932 14915 14915
15209 15194 15184 15189 15196 15203 15189 15064 15085 15085 15063 15005 15016 15025 15028 15028 15031 14944 14931 14917 14849
15241 15218 15205 15197 15198 15098 15058 15040 15047 15107 15043 15024 15032 15043 15047 15093 15011 14963 14905 14841 14803
15250 15170 15146 15155 15099 15055 15052 15122 15119 15116 15035 15038 15102 15079 15037 14949 14939 14895 14863 14810 14786
15156 15159 15157 15147 15109 15088 15101 15097 15108 15112 15122 15026 14988 14901 14887 14877 14834 14836 14806 14801 14786
15170 15177 15168 15154 15126 15114 15085 15090 15146 15145 15089 15020 14941 14895 14823 14771 14758 14744 14763 14765 14788
15179 15164 15148 15116 15124 15118 15128 15170 15171 15135 15069 15021 14991 14931 14860 14787 14758 14757 14825 14837 14805
15178 15168 15137 15155 15170 15188 15202 15189 15145 15112 15108 15141 14974 14923 14842 14791 14774 14833 14815 14803 14795
