inst/extdata/modis/lst/modgrid/Lat43.00075Lon-78.78820Start2001-01-01End2013-12-31___MOD11A2/GRID_Lat43.00075Lon-78.78820Start2001-01-01End2013-12-31___MOD11A2_LST_Day_1km_A2001153.asc
ncols		 21
nrows		 21
xllcorner	 -6416881.12
yllcorner	 4772121.02
cellsize	 926.625433055834
NODATA_value	 0
15199 15206 15245 15236 15215 15148 15126 15084 15053 14993 14978 14993 14970 14945 14887 14816 14780 14811 15010 14977 14950
15021 15143 15084 15052 15011 14971 14950 14952 14932 14903 14939 14964 14979 14975 14906 14844 14834 15009 14988 14984 14945
14482 14557 14770 14826 14802 14771 14801 14839 14882 14903 14919 14948 14980 14973 14906 14861 15014 14988 14970 14948 14957
14521 14520 14485 14636 14659 14653 14691 14802 14924 14984 14996 15001 15011 14960 14915 15011 14982 14956 14941 14955 14962
14704 14737 14886 14792 14708 14626 14617 14753 14956 15067 15076 15043 14957 14924 15044 15013 14981 14922 14922 14945 14958
14945 14950 14880 14853 14791 14707 14658 14873 15055 15105 15051 14939 15097 15121 15131 15106 14947 14928 14952 14994 15037
14971 15085 14942 14880 14823 14787 14854 14971 15136 15035 14920 14870 15165 15221 15197 15032 15016 15044 15060 15077 15069
14914 14913 14899 14885 14877 14862 14964 15129 15029 14951 14888 14945 15016 15253 15147 15113 15101 15109 15124 15120 15092
14884 14896 14896 14900 14906 15002 15092 15025 14982 14950 15000 15016 15238 15189 15179 15161 15178 15189 15170 15142 15131
14866 14854 14912 14996 15089 15117 15094 15057 15034 15087 15093 15266 15229 15261 15263 15253 15173 15159 15151 15159 15172
14863 14970 15079 15161 15155 15127 15112 15106 15375 15378 15296 15263 15237 15220 15220 15212 15183 15186 15202 15218 15180
15023 15053 15122 15136 15128 15135 15140 15418 15434 15361 15319 15279 15221 15229 15297 15284 15257 15235 15259 15251 15218
15118 15150 15168 15168 15167 15189 15450 15470 15432 15356 15310 15242 15259 15296 15287 15268 15270 15304 15305 15239 15080
15212 15221 15210 15205 15218 15236 15249 15420 15337 15312 15253 15239 15255 15297 15257 15239 15280 15316 15229 15122 15086
15265 15231 15204 15191 15196 15171 15344 15261 15251 15247 15219 15210 15258 15254 15250 15275 15341 15225 15148 15107 15061
15280 15253 15213 15206 15136 15096 15230 15229 15232 15271 15265 15240 15257 15267 15289 15344 15250 15190 15094 15021 14988
15276 15237 15229 15192 15019 15045 15229 15239 15044 15059 15050 15047 15271 15242 15240 15158 15154 15133 15093 15057 15050
15230 15232 15221 15125 15092 15073 15063 15060 15074 15071 15046 15025 15190 15179 15095 15050 15016 15017 15058 15111 15118
15232 15244 15173 15101 15071 15062 15094 15107 15110 15116 15089 15232 15180 15132 15057 14997 14928 14965 15034 15058 15030
15142 15185 15140 15109 15085 15113 15132 15146 15155 15104 15265 15237 15209 15121 15037 14973 14974 15004 15045 15046 15024
15196 15172 15132 15102 15304 15145 15160 15157 15310 15285 15264 15274 15223 15146 15055 15012 15005 15025 15025 15025 15029
