inst/extdata/modis/lst/modgrid/Lat43.00075Lon-78.78820Start2001-01-01End2013-12-31___MOD11A2/GRID_Lat43.00075Lon-78.78820Start2001-01-01End2013-12-31___MOD11A2_LST_Day_1km_A2005217.asc
ncols		 21
nrows		 21
xllcorner	 -6416881.12
yllcorner	 4772121.02
cellsize	 926.625433055834
NODATA_value	 0
15387 15413 15496 15464 15453 15402 15382 15375 15362 15325 15315 15308 15280 15250 15228 15176 15169 15193 15180 15157 15115
15242 15305 15280 15261 15226 15217 15220 15199 15270 15239 15248 15253 15239 15237 15211 15201 15195 15174 15142 15088 15037
15008 15027 15049 15090 15057 15061 15081 15112 15126 15207 15186 15194 15224 15239 15224 15194 15119 15092 15046 15018 15027
14911 14918 14928 14956 15024 14963 15087 15146 15217 15214 15200 15216 15249 15225 15187 15095 15061 15012 14985 15002 15059
15072 15076 15082 15037 15004 15003 15014 15106 15198 15235 15240 15251 15125 15099 15040 15013 15004 14939 14952 15050 15078
15149 15156 15110 15053 15015 14992 15031 15137 15244 15218 15185 15096 15105 15132 15077 15073 14953 14960 15083 15149 15184
15182 15271 15249 15193 15062 15047 15108 15171 15255 15214 15114 15054 15088 15136 15148 15050 15071 15142 15186 15207 15188
15219 15220 15102 15084 15038 15070 15164 15293 15254 15174 15065 15077 15264 15183 15121 15160 15179 15209 15239 15216 15190
15200 15103 15128 15114 15111 15193 15301 15268 15169 15124 15138 15228 15195 15242 15249 15251 15253 15266 15265 15222 15198
15018 15034 15123 15167 15278 15305 15312 15237 15264 15301 15305 15276 15252 15248 15316 15296 15248 15214 15214 15211 15217
15040 15142 15217 15316 15331 15381 15338 15340 15382 15370 15335 15306 15290 15325 15322 15304 15268 15257 15276 15309 15293
15198 15235 15340 15383 15352 15361 15380 15413 15423 15395 15364 15353 15391 15378 15363 15358 15347 15349 15374 15364 15294
15246 15306 15323 15328 15345 15392 15432 15459 15429 15374 15358 15400 15394 15382 15363 15329 15329 15371 15382 15302 15242
15321 15333 15329 15342 15375 15400 15425 15476 15420 15405 15377 15351 15353 15375 15344 15322 15360 15392 15296 15261 15242
15471 15333 15345 15369 15388 15381 15430 15363 15363 15367 15343 15328 15368 15372 15366 15392 15423 15315 15286 15254 15204
15502 15495 15488 15499 15472 15408 15363 15367 15379 15387 15368 15357 15401 15409 15433 15452 15404 15339 15266 15190 15161
15516 15497 15510 15502 15465 15409 15405 15409 15423 15427 15407 15411 15429 15417 15358 15332 15307 15269 15227 15216 15194
15501 15513 15531 15520 15489 15477 15472 15472 15482 15468 15439 15400 15378 15322 15283 15252 15209 15199 15217 15216 15194
15522 15543 15550 15548 15539 15511 15502 15511 15535 15536 15501 15425 15347 15290 15210 15124 15102 15135 15161 15161 15135
15553 15559 15547 15536 15531 15531 15535 15555 15556 15538 15483 15427 15394 15335 15226 15162 15138 15146 15160 15144 15114
15562 15543 15535 15540 15556 15564 15582 15574 15542 15495 15459 15440 15398 15235 15192 15160 15142 15130 15111 15109 15100
