inst/extdata/modis/lst/modgrid/Lat43.00075Lon-78.78820Start2001-01-01End2013-12-31___MOD11A2/GRID_Lat43.00075Lon-78.78820Start2001-01-01End2013-12-31___MOD11A2_LST_Day_1km_A2013265.asc
ncols		 21
nrows		 21
xllcorner	 -6416881.12
yllcorner	 4772121.02
cellsize	 926.625433055834
NODATA_value	 0
14865 14929 14883 14880 14878 14880 14852 14821 14790 14757 14775 14782 14765 14745 14726 14689 14702 14678 14675 14649 14625
14771 14767 14780 14780 14782 14759 14728 14723 14713 14734 14738 14686 14756 14754 14735 14709 14694 14680 14661 14618 14601
14665 14670 14668 14686 14655 14656 14669 14607 14678 14642 14650 14671 14757 14755 14745 14719 14688 14642 14613 14594 14603
14621 14621 14617 14625 14620 14636 14586 14624 14670 14689 14697 14769 14782 14765 14728 14695 14646 14609 14589 14597 14606
14668 14684 14681 14640 14621 14647 14590 14642 14698 14745 14802 14795 14762 14755 14713 14681 14614 14573 14585 14609 14632
14730 14736 14705 14678 14652 14636 14620 14684 14824 14822 14763 14701 14730 14747 14743 14743 14652 14573 14636 14661 14674
14744 14743 14729 14708 14677 14692 14729 14822 14842 14755 14705 14724 14769 14786 14739 14659 14630 14671 14680 14679 14724
14714 14713 14711 14710 14729 14761 14805 14853 14808 14750 14739 14764 14778 14772 14779 14684 14701 14698 14706 14693 14681
14694 14717 14745 14762 14793 14818 14865 14830 14797 14778 14798 14798 14777 14752 14756 14769 14756 14741 14729 14741 14760
14678 14737 14776 14832 14860 14876 14840 14830 14846 14865 14857 14832 14825 14816 14811 14794 14757 14728 14735 14759 14769
14738 14785 14851 14881 14896 14867 14856 14879 14901 14903 14887 14878 14836 14811 14813 14800 14783 14788 14793 14826 14806
14793 14835 14870 14883 14891 14900 14911 14938 14957 14920 14888 14867 14843 14852 14863 14837 14840 14851 14879 14868 14810
14876 14908 14916 14911 14915 14922 14951 14978 14959 14906 14883 14868 14871 14880 14851 14837 14850 14923 14894 14830 14774
14933 14946 14939 14927 14929 14954 14963 14932 14904 14891 14866 14847 14856 14878 14846 14839 14855 14877 14813 14784 14747
14957 14953 14938 14940 14930 14925 14899 14876 14869 14857 14850 14844 14863 14847 14855 14869 14885 14827 14792 14759 14720
14982 14969 14956 14945 14920 14880 14862 14869 14868 14872 14860 14848 14843 14880 14892 14917 14871 14818 14751 14716 14658
14989 14960 14949 14948 14912 14893 14894 14880 14873 14858 14847 14849 14869 14870 14868 14835 14803 14757 14738 14722 14711
14949 14947 14962 14963 14935 14926 14904 14899 14895 14893 14875 14852 14847 14835 14799 14748 14724 14730 14739 14738 14713
14949 14951 14958 14953 14931 14910 14904 14913 14921 14920 14906 14882 14856 14813 14735 14697 14683 14699 14716 14713 14693
14973 14972 14958 14923 14928 14919 14931 14934 14956 14955 14916 14901 14877 14849 14809 14777 14731 14714 14724 14731 14723
14986 14985 14957 14942 14943 14964 14975 14968 14970 14927 14924 14917 14886 14835 14792 14749 14731 14726 14707 14694 14694
