inst/extdata/modis/lst/modgrid/Lat43.00075Lon-78.78820Start2001-01-01End2013-12-31___MOD11A2/GRID_Lat43.00075Lon-78.78820Start2001-01-01End2013-12-31___MOD11A2_LST_Day_1km_A2007153.asc
ncols		 21
nrows		 21
xllcorner	 -6416881.12
yllcorner	 4772121.02
cellsize	 926.625433055834
NODATA_value	 0
15375 15288 15284 15270 15264 15299 15264 15247 15054 15149 15142 15204 15193 15165 15127 15053 15051 15058 15052 14996 14937
14996 15110 15165 15164 15179 14989 14975 14969 14999 15068 15077 15088 15103 15132 15106 15072 15050 15019 14953 14891 14859
14770 14815 14831 14836 14834 14831 14854 14886 15037 15049 15060 15080 15106 15137 15092 15043 15017 14983 14863 14852 14873
14740 14780 14783 14804 14805 14786 14812 14792 14995 15071 15084 15101 15166 15151 15061 14998 14958 14902 14844 14877 14894
14947 14962 14945 14907 14802 14759 14730 14874 15014 15126 15205 15142 15131 15080 15047 14992 14935 14886 14898 14932 14929
15044 15054 15044 14988 14915 14837 14800 14870 15006 15226 15123 15093 15072 15090 15057 14982 14895 14880 14924 14942 14951
15080 15074 15051 14999 14934 14864 14861 14905 15285 15139 15086 15067 15087 15140 15035 14957 14942 14947 14961 14969 15053
15047 15030 15010 14986 14929 14880 14881 15275 15154 15120 15090 15106 15147 15089 15022 15009 15014 15053 15066 15080 15019
14996 15021 15024 14988 15000 15022 15190 15238 15206 15171 15224 15245 15209 15214 15122 15048 15109 15141 15156 15117 15096
14966 14961 14984 15077 15172 15223 15292 15275 15269 15310 15276 15221 15235 15244 15270 15270 15206 15156 15183 15229 15244
14980 15009 15196 15304 15249 15333 15343 15359 15399 15370 15312 15289 15262 15245 15267 15256 15229 15226 15246 15267 15220
15079 15248 15313 15336 15353 15403 15409 15426 15413 15380 15326 15311 15289 15302 15327 15329 15319 15292 15301 15301 15188
15324 15369 15396 15401 15427 15437 15439 15447 15431 15351 15325 15307 15311 15352 15345 15325 15325 15348 15354 15224 15119
15386 15426 15422 15416 15425 15408 15419 15363 15339 15324 15283 15270 15310 15332 15319 15300 15322 15341 15239 15174 15136
15407 15376 15368 15377 15383 15379 15354 15334 15321 15284 15268 15253 15310 15320 15307 15338 15379 15321 15236 15156 15083
15420 15410 15416 15415 15396 15348 15327 15318 15301 15321 15331 15309 15326 15331 15318 15362 15352 15274 15144 15060 15034
15430 15426 15420 15404 15375 15330 15319 15326 15340 15348 15330 15311 15304 15259 15308 15296 15236 15186 15089 15070 15072
15425 15417 15445 15461 15401 15388 15385 15372 15373 15366 15317 15254 15202 15182 15136 15104 15008 15019 15050 15090 15076
15439 15476 15493 15416 15391 15375 15382 15386 15400 15380 15327 15271 15244 15195 15146 15015 14995 15021 15065 15082 14971
15481 15498 15441 15400 15362 15392 15397 15391 15403 15348 15289 15291 15254 15213 15078 15031 14980 15000 15015 15015 15006
15497 15461 15411 15374 15405 15419 15430 15383 15258 15187 15282 15294 15255 15092 15039 15006 14983 14950 14964 14995 14945
