inst/extdata/modis/lst/modgrid/Lat43.00075Lon-78.78820Start2001-01-01End2013-12-31___MOD11A2/GRID_Lat43.00075Lon-78.78820Start2001-01-01End2013-12-31___MOD11A2_LST_Day_1km_A2011201.asc
ncols		 21
nrows		 21
xllcorner	 -6416881.12
yllcorner	 4772121.02
cellsize	 926.625433055834
NODATA_value	 0
15324 15421 15411 15408 15410 15457 15416 15278 15623 15605 15345 15337 15591 15471 15439 15219 15179 15198 15285 15162 15130
15167 15120 15106 15137 15250 15308 15277 15260 15258 15266 15277 15425 15460 15472 15298 15281 15203 15199 15107 15126 15161
15016 15020 15040 15072 15045 15071 15087 15122 15141 15087 15169 15380 15414 15429 15447 15297 15274 15139 15172 15149 15165
14919 14952 14929 15014 15101 15006 14966 15015 15137 15181 15257 15417 15459 15590 15248 15265 15210 15146 15016 15083 15102
15043 15122 15103 15069 14976 15091 14917 15038 15145 15288 15269 15269 15242 15191 15224 15204 15102 15013 15045 15080 15249
15178 15159 15136 15071 15007 15021 15004 15070 15260 15290 15249 15185 15214 15246 15226 15165 15090 15042 15065 15298 15340
15173 15174 15176 15132 15084 15042 15067 15244 15315 15274 15169 15158 15220 15256 15227 15155 15073 15105 15238 15147 15242
15155 15130 15133 15130 15101 15100 15198 15365 15323 15220 15176 15240 15333 15246 15203 15128 15165 15165 15235 15285 15138
15137 15131 15147 15170 15168 15266 15378 15328 15296 15256 15297 15286 15283 15212 15234 15240 15209 15195 15171 15171 15164
15123 15144 15096 15241 15367 15677 15399 15347 15324 15375 15376 15302 15281 15341 15339 15274 15207 15162 15180 15189 15212
15144 15132 15292 15685 15424 15682 15416 15417 15430 15400 15377 15366 15343 15325 15277 15231 15195 15208 15227 15250 15272
15216 15292 15418 15431 15429 15438 15450 15402 15449 15447 15356 15579 15327 15332 15328 15350 15306 15292 15325 15312 15170
15380 15434 15442 15436 15447 15461 15438 15422 15411 15356 15453 15317 15322 15333 15353 15321 15306 15334 15341 15202 15144
15741 15468 15452 15459 15333 15431 15433 15455 15608 15459 15436 15358 15373 15392 15385 15289 15309 15243 15207 15180 15145
15773 15411 15411 15323 15327 15418 15424 15397 15305 15303 15365 15372 15388 15398 15382 15301 15217 15262 15235 15167 15133
15430 15718 15427 15328 15391 15324 15303 15314 15314 15296 15293 15291 15397 15422 15418 15490 15387 15234 15155 15108 15071
15735 15706 15704 15713 15422 15302 15305 15321 15303 15307 15288 15294 15304 15261 15257 15176 15165 15143 15125 15112 15148
15681 15695 15727 15491 15416 15421 15320 15318 15324 15489 15320 15281 15249 15233 15150 15116 15080 15076 15105 15156 15089
15707 15731 15475 15479 15475 15488 15482 15437 15519 15525 15341 15288 15268 15187 15126 15059 14977 15015 15049 15082 15105
15725 15736 15384 15451 15473 15503 15518 15537 15544 15369 15323 15332 15257 15220 15157 15066 15055 15055 15089 15150 15124
15737 15717 15621 15478 15513 15543 15575 15562 15403 15357 15389 15352 15305 15232 15108 15090 15082 15077 15068 15051 15053
