inst/extdata/modis/lst/modgrid/Lat43.00075Lon-78.78820Start2001-01-01End2013-12-31___MOD11A2/GRID_Lat43.00075Lon-78.78820Start2001-01-01End2013-12-31___MOD11A2_LST_Day_1km_A2008257.asc
ncols		 21
nrows		 21
xllcorner	 -6416881.12
yllcorner	 4772121.02
cellsize	 926.625433055834
NODATA_value	 0
14834 14814 14811 14818 14739 14725 14720 14722 14684 14649 14661 14710 14698 14669 14615 14594 14606 14640 14643 14639 14605
14698 14642 14721 14749 14705 14654 14642 14656 14658 14659 14659 14651 14675 14629 14614 14612 14638 14631 14631 14628 14616
14594 14606 14647 14649 14612 14605 14618 14629 14630 14585 14563 14574 14628 14632 14679 14670 14633 14605 14614 14621 14581
14526 14601 14563 14568 14613 14610 14629 14633 14622 14634 14642 14624 14735 14717 14682 14641 14594 14608 14601 14603 14591
14571 14568 14608 14625 14617 14619 14582 14635 14672 14695 14748 14747 14722 14693 14676 14661 14634 14569 14567 14598 14606
14601 14591 14633 14638 14626 14542 14572 14694 14740 14755 14717 14684 14697 14729 14726 14662 14557 14571 14605 14666 14628
14580 14625 14643 14645 14586 14608 14669 14732 14761 14763 14718 14716 14741 14758 14705 14662 14624 14640 14698 14678 14684
14615 14614 14628 14626 14657 14674 14754 14782 14773 14731 14701 14730 14760 14756 14692 14645 14716 14746 14727 14731 14692
14579 14623 14638 14680 14725 14759 14788 14764 14729 14688 14737 14751 14764 14750 14779 14812 14782 14769 14774 14770 14766
14623 14641 14686 14722 14753 14826 14773 14764 14750 14755 14793 14795 14786 14825 14836 14799 14769 14748 14748 14771 14762
14639 14663 14686 14741 14833 14822 14814 14817 14875 14868 14899 14866 14765 14756 14849 14778 14767 14756 14780 14799 14769
14674 14686 14711 14778 14813 14824 14847 14944 14945 14913 14885 14819 14772 14859 14797 14814 14800 14807 14849 14808 14757
14761 14776 14778 14809 14820 14992 15008 15015 14976 14939 14881 14834 14827 14818 14837 14815 14834 14864 14776 14717 14673
14808 14835 14914 14925 14982 14999 15020 14974 14941 14891 14872 14813 14798 14833 14826 14823 14844 14780 14724 14659 14662
14933 14946 14961 14966 14971 14942 14902 14893 14886 14862 14850 14825 14794 14782 14822 14818 14775 14772 14749 14674 14688
14987 14980 14906 14972 14953 14890 14892 14893 14889 14881 14869 14797 14757 14808 14824 14824 14817 14751 14710 14679 14589
14964 14893 14959 14951 14893 14890 14889 14886 14886 14888 14855 14814 14810 14815 14806 14797 14756 14721 14694 14694 14595
14884 14942 14951 14932 14937 14924 14904 14897 14899 14886 14852 14824 14799 14771 14746 14731 14695 14668 14614 14614 14641
14920 14930 14940 14943 14921 14904 14896 14884 14880 14860 14845 14822 14776 14730 14684 14624 14640 14646 14636 14625 14655
14910 14916 14905 14899 14902 14908 14887 14861 14875 14864 14843 14817 14861 14833 14684 14671 14683 14662 14611 14647 14668
14900 14906 14909 14908 14917 14914 14914 14885 14875 14854 14910 14917 14887 14723 14697 14694 14675 14625 14612 14637 14641
