inst/extdata/modis/lst/modgrid/Lat43.00075Lon-78.78820Start2001-01-01End2013-12-31___MOD11A2/GRID_Lat43.00075Lon-78.78820Start2001-01-01End2013-12-31___MOD11A2_LST_Day_1km_A2010121.asc
ncols		 21
nrows		 21
xllcorner	 -6416881.12
yllcorner	 4772121.02
cellsize	 926.625433055834
NODATA_value	 0
14982 14973 14987 14940 14941 15274 15240 14855 14891 15047 14861 14935 14931 14900 14890 14965 14833 14885 14887 14874 14872
14929 15134 15126 15119 15105 15085 14791 14808 14733 14712 14835 14841 14864 14870 14890 14881 14871 14875 14876 14885 14889
14266 14309 14409 14691 14499 14597 14654 14705 14752 14814 14878 14782 14824 14849 14850 14841 14845 14855 14858 14860 14864
14384 14484 14448 14444 14469 14448 14473 14568 15011 15160 14729 14863 14889 14878 14836 14816 14811 14803 14808 14827 14845
14607 14626 14635 14680 14652 14589 14536 14597 14738 14823 14812 14821 14873 14843 14834 14851 14796 14764 14773 14778 14785
15113 15115 14787 14777 14739 14666 14535 14598 14778 14821 14808 14880 14844 14871 14904 14742 14682 14707 14743 14797 14811
14807 14803 14747 14740 14716 14649 14566 14773 14810 14757 14749 14863 14886 14931 14917 14739 14752 14806 14838 14865 14856
14671 14663 14635 14760 14681 14619 14706 14824 14812 14822 14860 14878 14896 14900 14891 14868 14860 14869 14901 14921 14879
14556 14561 14622 14618 14714 14773 14873 14861 14902 14852 14891 14896 14885 14924 14900 14907 14926 14918 14913 14909 14947
14538 14528 14623 14854 14894 14921 14935 14994 14950 14961 14927 14910 15257 14918 14921 14936 14918 14870 14888 14906 14911
14605 14887 14941 14977 14980 15016 15013 15016 14993 14964 14949 15004 15220 15031 15261 15139 14913 14928 14956 14967 14915
14936 14960 14970 14990 15038 15053 15056 15067 15081 15033 15017 14995 14973 14938 14977 15020 14987 14976 14996 14986 14933
14977 14993 15041 15065 15071 15075 15080 15088 15044 15032 15020 14979 14962 14978 14969 15019 14999 15008 15027 14948 14903
15025 15099 15095 15083 15082 15078 15081 15045 15030 15025 14986 14953 14970 14987 14962 14972 14985 15014 14938 14924 14913
15114 15108 15096 15087 15066 15052 15038 15024 15025 14838 14824 14870 14924 14981 14960 14990 15021 14986 14949 14924 14889
15118 15107 15091 15074 15064 15044 15034 14860 14813 14843 14846 14883 14952 15000 15022 15032 15011 14963 14911 14858 14846
15117 15087 15073 15066 15051 15041 14859 14771 14878 14839 14880 14915 14961 14989 14992 14974 14925 14875 14884 14887 14877
15081 15074 15066 15074 15047 15022 14940 15007 15012 14974 14953 14947 14952 14950 14934 14879 14841 14864 14891 14895 14882
15082 15075 15089 15039 14931 14930 14932 14936 14986 14981 14998 14948 14946 14951 14893 14837 14830 14859 14875 14868 14851
15090 15082 15014 14934 14923 14938 14949 14993 15014 15007 14969 14957 14957 14947 14903 14896 14880 14868 14869 14878 14852
15102 15065 15023 15018 15017 15009 15007 15011 15002 15014 14979 14907 14910 14861 14836 14812 14800 14883 14873 14843 14838
