inst/extdata/modis/lst/modgrid/Lat43.00075Lon-78.78820Start2001-01-01End2013-12-31___MOD11A2/GRID_Lat43.00075Lon-78.78820Start2001-01-01End2013-12-31___MOD11A2_LST_Day_1km_A2008193.asc
ncols		 21
nrows		 21
xllcorner	 -6416881.12
yllcorner	 4772121.02
cellsize	 926.625433055834
NODATA_value	 0
15147 15293 15296 15283 15275 15282 15246 15142 15025 15007 14996 15078 14998 15034 14983 14938 14890 14922 14941 14901 14889
14939 15058 15014 15105 15069 15028 15053 15026 15011 14980 15019 15013 15000 14985 14943 15006 14901 14904 14896 14891 14820
14839 14823 14790 14888 14797 14875 14881 14879 14898 14927 14969 14945 15059 14922 15006 15007 14897 14941 14934 14902 14888
14817 14813 14818 14817 14858 14773 14837 14872 14901 14947 14947 14940 15068 15006 15033 14981 14899 14890 14904 14912 14901
14908 14938 14933 14885 14816 14821 14841 14881 14971 14986 15104 15111 15046 15035 15000 14972 14893 14905 14893 14878 14878
14959 14975 14947 14851 14829 14925 14870 14951 14955 15109 15096 15091 15095 15051 15069 15057 14926 14951 14962 14956 14989
15036 14929 14908 14990 14949 14865 14926 14949 15050 15214 15099 15048 15165 15081 15061 15007 14991 14999 15025 15029 15042
14946 14911 14993 14917 14919 14961 14978 15045 15234 15098 15063 15191 15226 15152 15060 15034 15054 15075 15090 15083 15071
14980 14979 14980 14984 15013 15028 15126 15122 15243 15235 15265 15276 15247 15215 15103 15099 15108 15114 15121 15110 15106
14969 14982 15015 15086 15112 15210 15170 15303 15297 15320 15315 15276 15255 15168 15166 15180 15114 15080 15100 15069 15074
14996 15042 15109 15154 15233 15250 15340 15344 15381 15376 15323 15310 15273 15101 15126 15149 15137 15130 15120 15147 15087
15057 15101 15239 15252 15255 15314 15317 15356 15456 15373 15164 15136 15113 15154 15204 15190 15233 15197 15185 15159 15049
15138 15299 15305 15300 15350 15330 15354 15356 15321 15215 15146 15170 15201 15231 15238 15260 15218 15231 15223 15089 15012
15374 15387 15396 15360 15351 15337 15325 15265 15194 15201 15203 15198 15233 15282 15273 15223 15228 15186 15093 15066 15059
15412 15403 15350 15349 15347 15330 15301 15254 15230 15232 15222 15217 15266 15233 15232 15239 15179 15151 15095 15071 15038
15443 15424 15368 15356 15350 15303 15259 15256 15261 15290 15290 15257 15259 15251 15243 15291 15189 15150 15108 15036 14971
15444 15375 15362 15383 15329 15310 15265 15274 15281 15294 15274 15268 15231 15164 15150 15121 15143 15108 15074 15025 15025
15402 15408 15414 15360 15354 15340 15335 15303 15307 15308 15275 15205 15141 15115 15076 15046 15031 15030 15033 15054 15055
15419 15431 15437 15276 15251 15336 15328 15341 15352 15353 15225 15155 15131 15098 15035 15006 14989 14993 15031 15041 15019
15437 15400 15269 15240 15323 15333 15356 15369 15377 15350 15316 15194 15174 15101 15057 15036 15019 15030 15045 15037 15015
15421 15391 15345 15334 15345 15371 15381 15387 15353 15333 15323 15317 15184 15128 15064 15038 15030 15029 15022 15015 15009
