inst/extdata/modis/lst/modgrid/Lat43.00075Lon-78.78820Start2001-01-01End2013-12-31___MOD11A2/GRID_Lat43.00075Lon-78.78820Start2001-01-01End2013-12-31___MOD11A2_LST_Day_1km_A2010321.asc
ncols		 21
nrows		 21
xllcorner	 -6416881.12
yllcorner	 4772121.02
cellsize	 926.625433055834
NODATA_value	 0
14133 14137 14127 14130 14135 14136 14128 14112 14108 14109 14115 14119 14125 14117 14101 14087 14071 14009 14010 14022 14053
14095 14114 14117 14108 14010 14105 14100 14099 14102 14111 14119 14121 14122 14113 14100 14079 14017 14018 14030 14065 14060
14104 14099 14099 14106 14003 14098 14096 14091 14090 14094 14100 14106 14109 14108 14091 14081 14074 14073 14067 14054 13946
14087 14083 13992 13991 14088 14109 14118 14119 14120 14118 14127 14124 14118 14108 14099 14086 13982 13962 13932 13933 14049
14083 14084 14080 14067 14064 14078 14108 14130 14133 14156 14158 14144 14112 14103 14101 13999 13983 13930 13930 14047 14032
14094 14036 14036 14024 14081 14093 14118 14132 14168 14163 14139 14023 14017 14028 14026 14068 14075 14061 14067 14065 14059
14037 14045 14038 14038 14055 14091 14137 14093 14086 14045 14034 14134 14144 14106 14060 14045 14045 14126 14177 14164 14158
14111 14112 14054 13979 14109 14159 14101 14173 14152 14146 14148 14149 14110 14060 14046 14089 14135 14194 14186 14177 14177
14105 14111 14126 14135 14165 14170 14175 14159 14154 14124 14164 14164 14156 14142 14144 14107 14105 14150 14143 14142 14048
14122 14145 14156 14169 14170 14122 14113 14112 14130 14132 14173 14170 14153 14149 14100 14101 14153 14143 14140 14139 14188
14128 14138 14149 14158 14116 14111 14115 14119 14178 14174 14109 14098 14133 14120 14124 14158 14154 14112 14113 14149 14137
14126 14141 14098 14118 14125 14179 14131 14192 14186 14109 14077 14081 14088 14121 14126 14125 14122 14121 14165 14160 14083
14141 14098 14128 14141 14177 14192 14194 14190 14149 14114 14104 14099 14129 14131 14131 14115 14108 14113 14117 14125 14065
14156 14153 14162 14182 14190 14190 14189 14150 14121 14118 14114 14167 14163 14169 14125 14108 14105 14107 14092 14080 14066
14179 14194 14194 14194 14193 14191 14177 14170 14167 14161 14158 14153 14152 14117 14111 14113 14120 14095 14083 14064 14054
14200 14153 14173 14170 14164 14175 14153 14150 14141 14135 14144 14140 14141 14143 14145 14121 14125 14114 14081 14068 14056
14157 14176 14174 14165 14157 14157 14154 14148 14136 14127 14121 14116 14105 14131 14134 14088 14076 14060 14063 14056 13965
14160 14161 14164 14169 14169 14149 14155 14169 14144 14149 14140 14123 14122 14109 14100 14074 14045 14049 14063 14048 14061
14189 14152 14157 14138 14142 14161 14173 14168 14171 14161 14108 14123 14122 14118 14096 14082 14055 14062 14053 14061 14056
14153 14150 14123 14116 14128 14135 14141 14132 14134 14182 14172 14163 14157 14134 14109 14101 14082 14064 14052 14039 14045
14191 14192 14180 14121 14125 14129 14134 14135 14138 14135 14125 14112 14142 14121 14100 14053 14047 14049 14040 14044 14059
