inst/extdata/modis/lst/modgrid/Lat43.00075Lon-78.78820Start2001-01-01End2013-12-31___MOD11A2/GRID_Lat43.00075Lon-78.78820Start2001-01-01End2013-12-31___MOD11A2_LST_Day_1km_A2002105.asc
ncols		 21
nrows		 21
xllcorner	 -6416881.12
yllcorner	 4772121.02
cellsize	 926.625433055834
NODATA_value	 0
14762 14828 14835 14842 14938 14957 14932 14907 14895 14901 14898 14920 14935 15014 15013 14978 14964 14949 14949 14968 14981
14623 14728 14714 14871 14869 14697 14710 14737 14863 14851 14870 15043 15036 15024 14962 14936 14943 14948 14968 14977 14995
14366 14444 14477 14480 14502 14516 14561 14635 14698 14745 14779 15027 15036 15043 15030 14583 14580 14581 14971 14980 14973
14467 14517 14536 14525 14473 14447 14480 14542 14678 14770 15076 15095 15118 15095 15011 14591 14956 14961 14967 14988 14992
14704 14770 14789 14766 14697 14584 14531 14620 14685 15060 15109 15138 15114 15050 15010 14597 15000 14998 14992 14991 14730
14867 14868 14852 14827 14768 14691 14599 14590 15022 15094 15077 15037 15006 15041 15051 15044 15028 15003 14995 14737 14758
14897 14889 14876 14851 14805 14652 14655 14727 15044 15097 15041 15010 15055 15078 15080 15064 15030 15036 15042 14787 14790
14892 14887 14884 14886 14768 14707 14702 15005 15102 15046 15028 15063 15070 15093 15068 15039 15050 15052 15062 14828 14832
14894 14880 14874 14755 14748 14756 15016 15097 15049 15042 15068 15055 15034 15060 15070 15077 15075 15102 14845 14850 14851
14851 14846 14774 14812 14866 15103 15141 15063 15058 15099 15082 15052 15064 15082 15098 15103 15113 14848 14845 14848 14851
14840 14833 14869 15103 15098 15105 15087 15089 15130 15112 15091 15064 15052 15070 15083 15143 15137 15129 15128 14844 14816
15008 15037 15071 15093 15096 15122 15126 15163 15149 15132 15091 15070 15082 15094 15147 15149 15149 15149 14855 14840 14830
15061 15070 15107 15107 15172 15179 15198 15193 15184 15140 15117 15097 15105 15143 15150 15155 15144 15141 15122 14833 14785
15128 15194 15200 15175 15177 15183 15189 15194 15164 15157 15115 15116 15120 15133 15146 15131 15131 15141 14840 14809 14804
15210 15210 15196 15188 15186 15183 15183 15154 15149 15150 15138 15122 15125 15131 15123 15124 15155 15133 14802 14798 14788
15224 15215 15201 15197 15184 15170 15148 15149 15152 15139 15125 15117 15113 15114 15121 15141 14780 14785 14764 14762 15012
15256 15236 15224 15207 15187 15149 15148 15147 15133 15125 15112 15100 15086 15081 15079 14747 14727 14708 14717 15017 15002
15225 15225 15221 15196 15155 15141 15136 15113 15107 15080 15059 15052 15049 15049 14738 14707 14684 14697 15036 15018 14989
15082 15090 15203 15186 15089 15090 15116 15111 15093 15076 15061 15040 15028 15029 15009 14989 14989 14996 14995 14990 14989
15075 15065 15065 15008 15096 15123 15124 15122 15132 15134 15111 15107 15096 15055 15020 15001 14996 14991 14994 15008 15014
15087 15078 14998 14977 14983 15141 15151 15151 15150 15135 15139 15145 15098 15065 15024 15014 15009 15014 15022 15020 15019
