inst/extdata/modis/lst/modgrid/Lat43.00075Lon-78.78820Start2001-01-01End2013-12-31___MOD11A2/GRID_Lat43.00075Lon-78.78820Start2001-01-01End2013-12-31___MOD11A2_LST_Day_1km_A2005209.asc
ncols		 21
nrows		 21
xllcorner	 -6416881.12
yllcorner	 4772121.02
cellsize	 926.625433055834
NODATA_value	 0
15246 15252 15258 15229 15392 15360 15354 15370 15206 15219 15182 15216 15195 15172 15103 15022 15011 15086 15067 15043 15009
15164 15166 15150 15154 15079 15102 15160 15148 15135 15114 15137 15173 15181 15150 15076 15046 15060 15073 15070 15042 14997
14870 14934 14959 15093 14984 15024 15026 15019 15058 15068 15112 15140 15163 15147 15106 15075 15043 15035 15008 14978 14997
14843 14826 14862 14928 14931 14851 14838 14971 15064 15127 15128 15156 15197 15171 15099 15035 15020 14974 14938 14978 14983
14943 14952 15003 14994 14954 14987 14854 14948 15107 15170 15188 15236 15171 15108 15070 15063 14976 14924 14975 14941 14949
15023 15030 15035 14985 14943 14961 14943 14988 15170 15241 15115 15106 15092 15114 15123 15028 14953 14973 14974 14976 14987
15062 15076 15027 15005 14975 14995 15070 15131 15134 15104 15080 15079 15136 15131 15173 15081 15049 15050 15019 15052 15117
15082 15037 14975 15004 15061 15051 15102 15196 15195 15138 15095 15109 15121 15203 15147 15105 15110 15113 15143 15147 15159
15000 15033 15073 15064 15039 15085 15177 15213 15149 15187 15207 15248 15237 15198 15190 15209 15148 15140 15197 15184 15187
15037 15042 15039 15051 15128 15153 15203 15226 15296 15329 15362 15335 15252 15244 15294 15258 15187 15186 15153 15179 15156
15044 15067 15213 15213 15236 15186 15293 15350 15336 15333 15348 15328 15314 15259 15230 15242 15250 15277 15247 15260 15193
15092 15284 15323 15337 15194 15385 15414 15353 15332 15283 15280 15347 15291 15299 15379 15302 15289 15278 15281 15208 15113
15361 15405 15405 15394 15403 15426 15375 15296 15255 15288 15325 15303 15338 15387 15279 15247 15257 15231 15208 15163 15126
15415 15456 15409 15383 15395 15418 15387 15346 15303 15258 15201 15220 15285 15254 15213 15257 15226 15254 15178 15138 15087
15484 15392 15324 15292 15268 15381 15313 15267 15238 15189 15180 15201 15258 15261 15215 15289 15192 15172 15135 15081 15075
15443 15270 15255 15250 15395 15313 15245 15220 15213 15196 15191 15192 15211 15337 15320 15239 15223 15120 15089 15076 15051
15442 15280 15287 15308 15249 15163 15147 15283 15223 15247 15223 15264 15320 15227 15160 15119 15094 15083 15073 15072 15077
15295 15296 15317 15309 15219 15199 15132 15201 15379 15349 15307 15254 15171 15111 15094 15008 14975 14966 15039 15043 15058
15282 15297 15278 15223 15186 15178 15144 15359 15309 15290 15279 15165 15109 15116 15074 14945 14915 14946 15001 15006 14994
15270 15355 15275 15222 15223 15226 15340 15331 15321 15295 15199 15170 15168 15117 15084 14987 14960 14999 15008 15015 15028
15442 15315 15284 15283 15413 15399 15397 15371 15311 15305 15245 15212 15155 15133 15012 15013 14972 14969 14980 15019 15038
