inst/extdata/modis/lst/modgrid/Lat43.00075Lon-78.78820Start2001-01-01End2013-12-31___MOD11A2/GRID_Lat43.00075Lon-78.78820Start2001-01-01End2013-12-31___MOD11A2_LST_Day_1km_A2008049.asc
ncols		 21
nrows		 21
xllcorner	 -6416881.12
yllcorner	 4772121.02
cellsize	 926.625433055834
NODATA_value	 0
0 13570 13570 0 0 0 0 0 0 0 13448 0 0 0 0 0 13380 13380 0 0 0
13543 13610 13576 13585 13634 13633 13600 13483 0 13448 13448 13466 13484 13484 0 13380 13380 0 0 0 0
13609 13539 13494 13509 13499 13536 13600 13716 13448 13448 13473 13484 13484 0 13380 13380 0 0 0 0 0
13539 13494 13510 13497 13536 13612 13658 13706 0 0 0 0 0 0 0 0 0 0 0 0 13574
13675 13674 0 13569 13582 13622 13628 13674 13673 0 0 0 0 0 0 0 0 0 0 13574 13574
13710 0 0 13374 13573 13628 13646 13658 13741 13741 0 0 13343 13368 13393 0 0 0 0 0 0
0 0 0 13741 13721 13657 13646 13653 13741 0 13347 13345 13373 13393 0 0 0 0 0 0 13546
0 0 0 13379 13473 13561 13625 13433 13409 13365 13351 13367 13379 13391 13391 13365 13365 13368 13370 13546 13585
0 0 13423 13494 13503 13577 13569 13403 13392 13379 13382 13384 13387 13391 13379 13368 13369 13370 0 13504 13489
0 13446 13436 13419 13565 13562 13399 13392 13377 13389 13515 13512 13392 13394 13397 13388 13525 13609 13507 13496 13485
13444 13424 13394 13404 13404 13399 13380 13376 13398 13520 13514 13397 13397 13395 13479 13527 13550 13505 13494 13500 13507
0 0 0 0 13403 13411 13412 13413 13447 13394 13388 13480 13568 13495 13484 13529 13502 13495 13499 13498 13465
13430 13430 13428 13424 13411 13414 13422 13446 13407 13379 13450 13434 13420 13480 13547 13500 13492 13501 13488 13462 13447
13425 13433 13429 13412 13411 13420 13441 13403 13374 13335 13322 13418 13319 13344 13331 13477 13491 13474 13459 13441 13436
13447 13440 13412 13393 13392 13408 13385 13368 13339 13331 13323 13313 13345 13343 13310 13470 13462 13453 13433 13433 13424
13462 13429 13395 13394 13401 13361 13356 13348 13341 13340 13337 13306 13283 13250 13449 13444 13439 13418 13403 13381 13365
13521 13511 13510 13393 13339 13339 13341 13291 13266 13253 13237 13250 13417 13412 13398 13393 13346 13343 13330 13311 13287
13503 13505 13504 13489 13296 13260 13206 13223 13221 13194 13194 13589 13588 13587 13382 13345 13339 13318 13288 13265 13264
13488 13481 13510 13492 13422 13180 13180 0 0 0 13591 13593 13592 13589 13588 13574 13532 13526 13487 13487 13487
13465 13509 13484 13409 13635 0 0 0 0 13595 13595 13595 13594 13592 13577 13566 13562 13562 13560 13555 0
13635 13635 13635 0 0 0 0 13618 13613 13611 13598 13595 13596 13592 13587 13580 13571 13562 0 0 0
