inst/extdata/modis/lst/modgrid/Lat43.00075Lon-78.78820Start2001-01-01End2013-12-31___MOD11A2/GRID_Lat43.00075Lon-78.78820Start2001-01-01End2013-12-31___MOD11A2_LST_Day_1km_A2013177.asc
ncols		 21
nrows		 21
xllcorner	 -6416881.12
yllcorner	 4772121.02
cellsize	 926.625433055834
NODATA_value	 0
0 15248 15261 15269 15284 15280 15204 15181 15164 15140 15127 15163 15163 15118 15072 14988 15023 15047 15021 15018 14812
14726 14887 14925 14882 15149 15104 15107 15127 15096 15081 15084 15102 15119 15132 15131 15104 15078 15038 15030 14881 14820
14674 14714 14737 14966 15022 14986 15003 15079 15102 15091 15074 15081 15121 15146 15149 15082 15073 15034 15022 15007 15018
14742 14752 14773 14787 14846 14890 14985 15108 15133 15122 15122 15161 15178 15182 15096 15078 14986 14956 14916 14941 14976
14867 14938 14917 14913 14867 14828 14766 14817 15079 15169 15190 15201 15108 15115 15097 15041 14968 14895 14926 14973 15022
14987 14987 14987 14962 14942 14817 14803 14831 15248 15231 15137 15090 15063 15129 15094 15052 14940 14926 15018 15071 14973
15006 15022 15027 14926 14915 14890 14894 15204 15206 15156 15090 15083 15185 15202 15085 14969 14984 15070 15091 15113 15091
14958 14946 14887 14883 14921 14940 15131 15206 15235 15141 15112 15164 15204 15082 15022 15046 15098 15102 15120 15089 15053
14919 14949 15021 15023 15078 15100 15233 15218 15168 15136 15163 15193 15159 15144 15170 15166 15158 15156 15135 15120 15124
14952 14999 15025 15134 15153 15241 15224 15196 15210 15220 15266 15247 15222 15221 15242 15211 15142 15062 15111 15129 15105
14983 15010 15211 15224 15252 15239 15219 15255 15255 15254 15184 15219 15221 15200 15196 15174 15097 15117 15147 15196 15098
15077 15190 15230 15257 15267 15274 15296 15283 0 15224 15246 15243 15197 15199 15247 15225 15128 15152 15238 15218 15061
15216 15239 15256 15274 15281 15298 15301 0 15313 15290 15262 15225 15270 15233 15227 15152 15147 15258 15021 15064 14983
15244 15283 15276 15271 15286 15292 0 15325 15289 15263 15211 15184 15174 15206 15126 15138 15258 15123 15107 15007 14980
15286 15274 15243 15243 15232 15232 15301 15219 15221 15183 15173 15158 15158 15184 15144 15304 15197 15146 15137 14967 14938
15286 15240 15240 15232 15307 15331 15318 15219 15201 15165 15211 15211 0 0 15324 15359 15242 15163 14907 14898 14916
0 0 0 15381 15342 15321 15308 15301 0 15211 15211 0 0 0 0 0 15076 15076 14981 14973 14953
0 0 0 0 0 0 15301 0 0 0 0 0 0 15160 15105 15045 15038 15015 15007 15017 14995
0 0 0 0 0 0 0 0 0 0 0 15160 15160 15101 14868 14818 14849 14876 14954 14982 14969
0 0 0 0 15320 15320 0 0 0 0 0 0 0 0 14797 14797 14964 14945 14938 14980 14949
0 0 0 15320 15320 0 0 0 0 0 0 0 0 0 0 15039 15025 15034 0 0 0
