inst/extdata/modis/lst/modgrid/Lat43.00075Lon-78.78820Start2001-01-01End2013-12-31___MOD11A2/GRID_Lat43.00075Lon-78.78820Start2001-01-01End2013-12-31___MOD11A2_LST_Day_1km_A2003361.asc
ncols		 21
nrows		 21
xllcorner	 -6416881.12
yllcorner	 4772121.02
cellsize	 926.625433055834
NODATA_value	 0
13825 13819 13855 13861 13859 13852 13828 13765 13754 13823 13833 13746 13761 13761 13832 13831 13827 13818 13819 13819 13822
13789 13811 13818 13813 13800 13783 13767 13750 13732 13746 13750 13756 13754 13751 13840 13834 13813 13812 13813 13814 13814
13788 13802 13792 13769 13749 13738 13738 13725 13702 13712 13738 13747 13751 13841 13837 13820 13818 13817 13813 13813 13811
13787 13772 13763 13747 13724 13730 13721 13712 13739 13751 13756 13784 13841 13840 13829 13828 13823 13810 13807 13807 13801
13786 13776 13765 13728 13727 13722 13748 13756 13775 13788 13792 13854 13714 13716 13736 13747 13817 13814 13812 13657 13655
13782 13778 13765 13820 13738 13759 13763 13769 13788 13797 13783 13750 13721 13743 13753 13836 13836 13836 13696 13673 13829
13771 13769 13763 13746 13761 13767 13853 13793 13789 13798 13786 13843 13763 13763 13836 13836 13752 13725 13633 0 13827
13771 13760 13758 13770 13768 13859 13762 13784 13796 13792 13844 13844 13844 13868 13870 13772 13775 13698 13698 0 0
13775 13775 13780 13772 13766 13765 13783 13783 13787 13872 13878 0 13862 13862 13773 13782 13710 0 0 13696 13703
13801 13791 13777 13777 13768 13783 13777 13865 13866 0 0 0 0 0 0 13711 0 13693 13696 13698 13700
13796 13785 13782 13741 13756 13875 13872 13866 0 0 0 13677 0 0 0 0 13695 13693 13686 13667 13666
13823 13822 13767 13672 13881 13881 0 0 0 13712 13696 13647 13629 13629 13629 13696 13693 13686 13671 13671 13668
13814 13785 13753 0 0 0 0 0 13712 13697 13657 13648 13647 13645 13652 13652 13659 13661 13662 13664 13700
13830 13849 13881 0 0 0 0 13712 13712 13661 13655 13654 13651 13654 13654 13658 13657 13657 13665 13716 13732
13877 13881 0 0 0 0 0 0 13665 13664 13664 13660 13657 13657 13661 13663 13663 13665 13706 13732 13732
13887 13739 13732 13699 13699 13617 13699 13673 13667 13667 13659 13654 13655 13659 13662 13662 13661 13656 0 0 0
13739 13730 13713 13651 13617 13617 13679 13596 13596 13656 13645 13645 13646 13646 13646 13648 0 0 0 0 0
13722 13708 13671 13646 13635 13676 13593 13595 13650 13579 13577 13576 13646 13646 13646 0 0 0 0 0 0
13699 13677 13655 13637 13599 13664 13596 13589 13583 13581 13578 13526 0 0 0 0 0 0 0 0 0
13697 13678 13649 13604 13588 13584 13599 13591 13593 13588 13531 0 0 13535 13544 13586 0 0 0 0 0
13683 13660 13619 13592 13594 13613 13578 13575 13585 13570 13562 0 13535 13552 13588 13603 13614 0 0 13670 13654
