inst/extdata/modis/lst/modgrid/Lat43.00075Lon-78.78820Start2001-01-01End2013-12-31___MOD11A2/GRID_Lat43.00075Lon-78.78820Start2001-01-01End2013-12-31___MOD11A2_LST_Day_1km_A2001353.asc
ncols		 21
nrows		 21
xllcorner	 -6416881.12
yllcorner	 4772121.02
cellsize	 926.625433055834
NODATA_value	 0
13788 13761 13772 13868 13866 13861 13851 13832 13842 13826 13740 13742 13782 13784 13774 13760 13752 13760 13761 13763 13721
13817 13793 13843 13833 13845 13845 13834 13808 13806 13835 13845 13849 13851 13845 13820 13795 13794 13646 13649 13737 13767
13896 13824 13813 13806 13800 13859 13855 13827 13811 13831 13823 13819 13823 13828 13815 13797 13795 13637 13631 13761 13779
13767 13743 13805 13805 13801 13906 13914 13870 13862 13845 13853 13869 13861 13836 13806 13789 13790 13782 13745 13761 13770
13727 13769 13764 13754 13806 13852 13744 13755 13739 13870 13874 13858 13840 13823 13828 13832 13799 13745 13739 13762 13781
13817 13816 13810 13800 13795 13711 13753 13762 13738 13735 13838 13820 13825 13852 13863 13828 13767 13742 13767 13789 13767
13814 13816 13810 13792 13694 13728 13771 13744 13736 13843 13816 13846 13853 13864 13847 13807 13784 13745 13743 13773 13793
13806 13804 13794 13787 13823 13898 13749 13733 13862 13831 13860 13853 13860 13850 13836 13759 13757 13752 13805 13577 13563
13762 13764 13783 13878 13901 13892 13862 13857 13848 13867 13868 13877 13861 13846 13842 13841 13587 13587 13591 13588 13582
13792 13819 13917 13890 13874 13855 13843 13854 13879 13877 13888 13878 13869 13605 13604 13591 13585 13577 13569 13566 13574
13819 13860 13869 13855 13844 13813 13838 13877 13879 13873 13862 13854 13598 13598 13587 13584 13583 13579 13568 13574 13831
13840 13856 13844 13831 13839 13841 13875 13880 13874 13856 13851 13844 13835 13582 13588 13585 13583 13583 13632 13638 13787
13861 13861 13862 13854 13853 13872 13876 13894 13874 13862 13857 13845 13579 13590 13588 13588 13587 13638 13643 13791 13760
13867 13865 13863 13860 13866 13863 13871 13875 13862 13596 13585 13571 13578 13620 13619 13609 13626 13631 13616 13614 13602
13879 13876 13869 13864 13857 13868 13862 13597 13590 13581 13564 13565 13608 13608 13603 13618 13636 13619 13612 13600 13593
13901 13891 13878 13613 13607 13581 13587 13587 13578 13569 13566 13564 13569 13574 13630 13629 13620 13604 13592 13582 13572
13910 13891 13613 13604 13583 13583 13589 13571 13562 13563 13557 13560 13567 13564 13554 13547 13547 13531 13522 13533 13541
13602 13595 13595 13597 13589 13581 13570 13553 13555 13546 13535 13532 13522 13528 13536 13544 13537 13529 13528 13523 13508
13592 13597 13598 13587 13579 13568 13551 13543 13541 13537 13537 13536 13537 13535 13764 13702 13705 13662 13653 13634 13509
13603 13599 13576 13563 13568 13559 13548 13543 13554 13548 13542 13550 13549 13794 0 13702 13711 13652 13645 13527 13529
13913 13589 13578 13587 13581 13567 13548 13555 13551 13782 13555 13566 13821 0 0 13707 13710 13720 13496 13494 13502
