inst/extdata/modis/lst/modgrid/Lat43.00075Lon-78.78820Start2001-01-01End2013-12-31___MOD11A2/GRID_Lat43.00075Lon-78.78820Start2001-01-01End2013-12-31___MOD11A2_LST_Day_1km_A2006209.asc
ncols		 21
nrows		 21
xllcorner	 -6416881.12
yllcorner	 4772121.02
cellsize	 926.625433055834
NODATA_value	 0
15333 15353 15348 15335 15172 15348 15330 15299 15134 15123 15095 15096 15031 15026 15012 14982 14989 14955 14947 14972 14953
14917 15011 14986 14995 15114 15092 15087 15069 14966 15054 15073 15085 15042 15098 15072 15011 14985 14977 14979 14958 14942
14872 14883 14861 14977 14869 14876 14971 14907 14918 14931 15042 15149 15190 15118 15021 14999 14964 14966 14958 14945 14935
14845 14861 14870 14868 14955 14856 14856 14909 14940 15038 15152 15210 15131 15039 14982 14967 14954 14942 14940 14934 14942
14900 14938 14946 14931 14905 14987 14871 14912 15014 15131 15243 15224 15211 15183 14962 14944 14919 14925 14973 14992 14941
14964 14970 14968 14951 14927 14901 14908 15064 15135 15167 15130 15107 15108 15119 15046 15017 14973 14998 15002 15011 15032
15030 15015 15006 14991 14961 14966 15068 15122 15170 15134 15110 15100 15127 15159 15046 14994 14994 15055 15061 15048 15047
15008 14990 14973 14964 15023 15071 15123 15190 15162 15132 15100 15166 15206 15112 15020 15027 15075 15126 15064 15052 15049
14977 14973 14994 15056 15086 15144 15269 15243 15229 15209 15210 15209 15206 15126 15129 15090 15155 15069 15069 15061 15055
14978 14989 15068 15139 15174 15266 15233 15231 15246 15270 15266 15251 15174 15178 15185 15182 15068 15065 15066 15068 15066
15038 15102 15150 15182 15258 15254 15245 15267 15288 15300 15263 15196 15183 15174 15179 15093 15107 15105 15088 15093 15074
15177 15219 15253 15271 15283 15304 15285 15288 15315 15291 15271 15214 15201 15200 15260 15227 15223 15251 15254 15239 15086
15258 15300 15325 15330 15321 15275 15270 15346 15314 15281 15230 15216 15245 15268 15235 15231 15247 15256 15242 15102 15049
15351 15366 15362 15353 15298 15267 15363 15297 15293 15218 15214 15240 15252 15264 15221 15215 15255 15240 15097 15048 15024
15357 15382 15367 15346 15322 15316 15274 15264 15253 15242 15241 15245 15252 15248 15237 15251 15262 15110 15074 15036 15016
15394 15362 15334 15313 15305 15273 15254 15246 15250 15249 15245 15242 15255 15245 15255 15242 15222 15190 15010 14991 14956
15354 15344 15346 15307 15284 15275 15271 15269 15257 15260 15248 15249 15241 15231 15211 15189 15064 15012 15005 14987 14972
15355 15349 15367 15335 15299 15283 15273 15273 15277 15263 15249 15239 15228 15169 15147 15045 14999 14993 14993 14991 14993
15357 15355 15346 15319 15285 15256 15262 15290 15291 15285 15248 15242 15191 15143 15031 15008 15012 14998 15002 14976 14978
15349 15350 15334 15238 15232 15255 15275 15339 15335 15294 15249 15223 15231 15096 15041 15032 15003 15004 15009 14974 14948
15365 15362 15303 15246 15276 15334 15343 15323 15312 15293 15257 15262 15126 15080 15048 15013 15006 15007 14976 14960 14930
