inst/extdata/modis/lst/modgrid/Lat43.00075Lon-78.78820Start2001-01-01End2013-12-31___MOD11A2/GRID_Lat43.00075Lon-78.78820Start2001-01-01End2013-12-31___MOD11A2_LST_Day_1km_A2007105.asc
ncols		 21
nrows		 21
xllcorner	 -6416881.12
yllcorner	 4772121.02
cellsize	 926.625433055834
NODATA_value	 0
14867 14854 14871 14880 14893 14891 14854 14843 14832 14803 14791 14814 14805 14795 14770 14744 14722 14737 14734 14734 14743
14555 14690 14678 14692 14741 14743 14754 14750 14735 14723 14764 14787 14796 14801 14783 14751 14738 14731 14729 14741 14736
14234 14350 14388 14391 14440 14409 14499 14592 14669 14708 14738 14775 14808 14811 14800 14772 14722 14718 14725 14718 14722
14220 14258 14347 14406 14382 14312 14329 14515 14649 14736 14784 14824 14856 14853 14799 14733 14715 14711 14705 14713 14731
14535 14570 14566 14573 14529 14385 14293 14389 14645 14796 14858 14883 14870 14830 14770 14760 14736 14718 14719 14739 14744
14729 14756 14742 14717 14661 14526 14442 14552 14743 14859 14857 14817 14810 14810 14822 14793 14762 14743 14752 14761 14772
14765 14787 14793 14771 14679 14580 14508 14707 14856 14885 14838 14821 14839 14877 14859 14814 14782 14787 14795 14803 14804
14759 14758 14753 14738 14679 14531 14681 14842 14900 14859 14836 14837 14887 14884 14849 14812 14822 14829 14833 14838 14815
14744 14738 14743 14692 14601 14728 14859 14893 14871 14863 14857 14873 14842 14846 14868 14869 14870 14873 14870 14862 14859
14676 14624 14654 14693 14846 14909 14910 14891 14897 14915 14934 14894 14876 14875 14892 14905 14897 14866 14867 14874 14859
14657 14742 14806 14881 14925 14923 14911 14922 14941 14948 14913 14891 14863 14867 14893 14909 14903 14895 14893 14893 14855
14807 14834 14877 14914 14922 14937 14950 14982 14990 14945 14911 14884 14862 14894 14919 14929 14915 14905 14922 14893 14838
14871 14911 14940 14946 14955 14974 15000 15007 14970 14942 14920 14889 14903 14921 14935 14920 14910 14935 14913 14846 14799
14923 14963 14970 14960 14961 14976 14990 14970 14953 14928 14905 14895 14906 14933 14910 14898 14922 14909 14869 14839 14809
14975 14977 14965 14954 14951 14954 14950 14942 14924 14914 14903 14898 14922 14902 14893 14913 14918 14896 14866 14822 14785
14991 14973 14958 14954 14950 14940 14934 14928 14921 14915 14911 14909 14902 14902 14905 14907 14895 14850 14790 14753 14742
14984 14972 14972 14963 14948 14936 14930 14923 14913 14912 14897 14881 14885 14872 14868 14843 14776 14721 14737 14749 14738
14968 14978 14988 14976 14951 14929 14917 14901 14902 14869 14838 14830 14819 14814 14793 14729 14714 14731 14755 14747 14713
14969 14989 14983 14950 14902 14902 14892 14904 14877 14866 14862 14837 14816 14791 14730 14705 14695 14723 14730 14718 14714
14981 14971 14946 14890 14888 14889 14909 14902 14903 14900 14880 14869 14850 14802 14752 14716 14711 14714 14719 14730 14736
14987 14964 14912 14889 14892 14918 14924 14928 14920 14907 14895 14883 14858 14808 14752 14731 14724 14724 14728 14728 14725
