inst/extdata/modis/lst/modgrid/Lat43.00075Lon-78.78820Start2001-01-01End2013-12-31___MOD11A2/GRID_Lat43.00075Lon-78.78820Start2001-01-01End2013-12-31___MOD11A2_LST_Day_1km_A2010169.asc
ncols		 21
nrows		 21
xllcorner	 -6416881.12
yllcorner	 4772121.02
cellsize	 926.625433055834
NODATA_value	 0
15267 15275 15290 15278 15305 15265 15148 15130 15090 15072 15058 15059 15040 15034 15012 14954 14951 14979 14966 14975 14950
15090 15150 15197 15206 15174 15142 15055 15029 15021 15007 15028 15044 15056 15063 15053 15032 15019 14961 14933 14934 14915
14720 14737 14901 14943 14862 14874 14886 14918 14934 14953 14990 15019 15045 15060 15056 15035 14967 14937 14921 14909 14915
14740 14745 14737 14780 14857 14821 14860 14909 14979 15037 15045 15066 15091 15102 15073 14993 14961 14930 14900 14901 14912
14950 14998 15008 14953 14809 14846 14766 14839 15015 15087 15102 15103 15087 15065 15014 14977 14940 14884 14878 14904 14909
15038 15044 15025 14982 14829 14896 14830 15036 15195 15201 15159 15050 15040 15036 15039 15006 14915 14889 14932 14959 14992
15058 15067 15061 15007 14968 14859 15029 15141 15220 15175 15052 15030 15049 15082 15048 14953 14924 14950 14968 14995 14990
15037 15012 14996 14994 15000 15046 15116 15217 15205 15090 15055 15064 15113 15091 15021 14985 14973 14989 14991 14986 15011
14990 14994 15015 15002 15030 15076 15145 15148 15112 15090 15094 15111 15093 15061 15069 15045 15045 15066 14998 15041 15127
14986 14987 14982 15050 15104 15161 15169 15156 15138 15141 15140 15119 15102 15100 15140 15118 15082 15025 15068 15046 15070
14983 15081 15084 15113 15193 15280 15204 15229 15249 15228 15146 15113 15098 15078 15137 15129 15096 15091 15050 15063 15047
15110 15272 15296 15342 15355 15367 15379 15413 15415 15376 15199 15170 15134 15246 15205 15211 15211 15199 15207 15079 15031
15229 15303 15370 15333 15336 15343 15438 15377 15340 15274 15243 15204 15215 15227 15225 15215 15214 15270 15251 15136 15057
15300 15333 15348 15340 15324 15304 15303 15306 15284 15256 15226 15190 15202 15222 15197 15234 15340 15325 15155 15098 15065
15365 15292 15288 15283 15321 15305 15287 15261 15308 15298 15178 15177 15267 15271 15253 15318 15325 15159 15120 15035 14956
15342 15321 15305 15300 15328 15280 15242 15250 15226 15216 15226 15181 15191 15204 15244 15210 15211 15162 15053 14967 14926
15393 15314 15358 15346 15302 15261 15180 15217 15228 15246 15229 15204 15196 15197 15139 15118 15088 15028 15002 14979 14958
15347 15343 15352 15333 15302 15244 15194 15236 15271 15263 15232 15170 15168 15085 15018 14991 14957 14963 14972 15025 14979
15362 15388 15369 15314 15290 15207 15277 15285 15313 15315 15233 15204 15116 15040 14982 14941 14928 14929 14992 14963 14955
15340 15341 15318 15302 15307 15289 15296 15319 15328 15333 15313 15248 15179 15143 15079 14967 14940 14979 14964 14974 14987
15376 15367 15347 15334 15352 15335 15373 15352 15341 15329 15310 15274 15242 15167 15070 15031 15002 14993 14963 14969 14958
