inst/extdata/modis/lst/modgrid/Lat43.00075Lon-78.78820Start2001-01-01End2013-12-31___MOD11A2/GRID_Lat43.00075Lon-78.78820Start2001-01-01End2013-12-31___MOD11A2_LST_Day_1km_A2005001.asc
ncols		 21
nrows		 21
xllcorner	 -6416881.12
yllcorner	 4772121.02
cellsize	 926.625433055834
NODATA_value	 0
13532 13532 13532 0 0 0 13420 13420 13420 13420 13391 13391 13391 13391 13391 0 0 0 0 0 0
13581 0 0 0 0 13438 13420 13420 13420 13412 13401 13392 13391 13386 13386 13386 13417 0 0 0 0
13657 13559 13574 0 13529 13512 13474 13434 13419 13419 13418 13407 13391 13387 13386 13410 13441 13432 13417 0 0
13549 13550 13530 13528 13530 13529 13507 13470 13447 13425 13407 13402 13398 13394 13425 13449 13449 13447 13431 13424 13424
13520 13522 13522 13523 13520 13493 13486 13483 13478 13392 13396 13402 13404 13416 13432 13443 13450 13426 13425 13425 13414
13417 13458 13501 13508 13477 13479 13482 13440 13390 13386 13386 13373 13384 13408 13411 13427 13425 13425 13425 13406 13395
13391 13395 13419 13440 13464 13466 13426 13417 13410 13393 13345 13332 13335 13362 13370 0 0 13418 13405 13397 13395
13391 13400 13402 13404 13416 13414 13420 13420 13399 13364 13357 13346 13342 13364 13364 13364 13402 13410 13410 13406 13388
13395 13400 13401 13393 13366 13373 13389 13366 13361 13367 13362 13345 13351 13357 13363 13411 13422 13417 13412 13368 13364
0 13397 13381 13366 13366 13353 13328 13323 13336 13351 13341 13339 13340 13353 13424 13424 13424 13424 13364 13364 13364
13572 13548 13546 13546 13546 13616 13628 13628 13628 0 13339 13339 13339 0 13424 13424 13424 0 0 0 13364
13548 13546 13546 13559 13618 13627 13627 13628 13628 0 0 0 0 0 0 0 0 0 0 0 0
13546 13546 13571 13620 13627 13627 13627 13628 0 0 0 0 0 0 0 0 0 0 0 0 0
13542 13557 13576 13582 13587 13592 0 0 0 0 0 0 0 0 0 0 0 0 0 0 0
13530 13519 13519 13519 13519 0 0 0 0 0 0 0 0 0 0 0 0 0 0 0 0
13519 13519 13519 13519 0 0 0 0 0 0 0 0 0 0 0 0 0 0 0 0 0
0 0 0 0 0 0 0 0 0 0 0 0 0 0 0 0 0 0 0 0 0
0 0 0 0 0 0 0 0 0 0 0 0 0 0 0 0 0 0 0 0 0
0 0 0 0 0 0 0 0 0 0 0 0 0 0 0 0 0 0 0 0 0
0 0 0 0 0 0 0 0 0 0 0 0 0 0 0 0 0 0 0 0 0
0 0 0 0 0 0 0 0 0 0 0 0 0 0 0 0 0 0 0 0 0
