inst/extdata/modis/lst/modgrid/Lat43.00075Lon-78.78820Start2001-01-01End2013-12-31___MOD11A2/GRID_Lat43.00075Lon-78.78820Start2001-01-01End2013-12-31___MOD11A2_LST_Day_1km_A2012257.asc
ncols		 21
nrows		 21
xllcorner	 -6416881.12
yllcorner	 4772121.02
cellsize	 926.625433055834
NODATA_value	 0
14954 14945 14947 14957 14960 14949 14926 14907 14901 14891 14878 14895 14878 14829 14819 14897 14764 14782 14804 14803 14790
14838 14867 14854 14852 14845 14838 14826 14821 14808 14811 14845 14854 14866 14837 14876 14840 14832 14798 14801 14801 14786
14736 14734 14733 14808 14755 14760 14769 14787 14810 14825 14835 14837 14830 14892 14887 14796 14772 14768 14774 14772 14777
14670 14688 14721 14713 14754 14706 14745 14779 14827 14849 14850 14831 14894 14896 14821 14772 14808 14744 14740 14756 14768
14760 14784 14796 14768 14728 14802 14746 14799 14882 14910 14900 14878 14879 14865 14845 14841 14873 14775 14781 14750 14776
14832 14840 14820 14782 14779 14787 14750 14820 14873 14904 14914 14862 14854 14860 14869 14878 14799 14788 14755 14779 14803
14866 14863 14853 14811 14777 14786 14842 14860 14898 14938 14860 14829 14851 14893 14876 14797 14781 14791 14808 14822 14773
14822 14829 14820 14807 14818 14808 14925 14942 14951 14984 14829 14840 14873 14880 14821 14805 14819 14814 14942 14809 14760
14791 14812 14824 14833 14831 14927 14945 14956 15009 14907 14929 14944 14941 14989 14901 14877 14873 14992 14894 14823 14842
14782 14816 14850 14882 14912 15049 15052 15046 15046 15074 15072 15046 15032 15039 14957 14909 14895 14870 14909 14815 14851
14779 14851 14915 14981 15072 15074 15075 15090 15104 15103 14992 14983 14956 14894 14909 14922 14896 14952 14964 14897 14896
14901 14951 14969 14990 15022 15031 15115 15124 15132 14981 14992 14943 14928 14919 14943 14957 14994 14918 14946 14968 14907
14970 14997 15017 14996 15043 15047 15058 15155 15136 15089 14935 14938 14934 14940 14942 14978 14933 14956 15025 14920 14872
15023 15007 15016 14998 15046 15050 15148 15121 15080 15060 14906 14951 14915 14934 14969 14977 14993 14994 14900 14875 14826
15064 15022 15017 15034 15026 15024 15098 14972 15029 14965 14931 14882 14940 14915 14922 14942 14947 14961 14927 14850 14803
15055 15039 15033 15032 15108 15087 15070 15040 14966 14946 14942 14952 14947 14980 14989 14988 14895 14919 14887 14791 14780
15038 15019 15035 15117 15099 14999 14967 14967 14967 14964 14958 14910 14919 14909 14949 14901 14820 14812 14779 14779 14782
15110 15043 15048 15128 15023 14985 14989 15008 15018 15008 14905 14899 14883 14869 14824 14794 14750 14753 14769 14779 14764
15049 15057 15066 15051 15033 15041 15014 15018 15017 15007 14991 14968 14948 14842 14783 14720 14706 14751 14787 14794 14763
15049 15058 15053 15029 15004 15010 15021 15024 15030 15016 14997 14983 14881 14855 14827 14823 14779 14761 14769 14802 14803
15143 15139 15029 14986 14997 15030 15038 15036 15023 15012 14982 14961 14926 14918 14866 14786 14758 14759 14756 14760 14761
