inst/extdata/modis/lst/modgrid/Lat43.00075Lon-78.78820Start2001-01-01End2013-12-31___MOD11A2/GRID_Lat43.00075Lon-78.78820Start2001-01-01End2013-12-31___MOD11A2_LST_Day_1km_A2012161.asc
ncols		 21
nrows		 21
xllcorner	 -6416881.12
yllcorner	 4772121.02
cellsize	 926.625433055834
NODATA_value	 0
15276 15288 15311 15320 15331 15293 15255 15237 15217 15167 15159 15180 15152 15124 15029 14964 14961 15042 15059 14972 14921
14986 15095 15146 15151 15140 15124 15116 15120 15094 15073 15098 15108 15129 15129 15012 14993 15061 15063 15035 14929 14904
14749 14773 14811 14861 14926 14945 14975 15045 15079 15074 15061 15097 15111 15129 15135 15106 15056 14998 14960 14958 14976
14736 14777 14793 14799 14794 14793 14861 14960 15056 15112 15140 15149 15171 15165 15123 15061 14981 14935 14868 14975 14994
14875 14926 14947 14915 14868 14821 14812 14891 15082 15206 15208 15176 15159 15083 15067 14999 14865 14816 14862 14936 14941
15019 15051 15025 14990 14921 14859 14845 14998 15182 15217 15192 15097 15067 15099 15101 14909 14834 14820 14920 14899 15029
15059 15059 15050 14999 14933 14916 14992 15131 15218 15176 15096 15098 15104 15144 15068 14930 14911 14967 15048 15031 15009
15014 15020 15006 14980 14986 15009 15030 15184 15215 15072 15075 15148 15136 15129 15008 14978 14996 15039 15060 15058 15031
14964 14987 15012 15026 15044 15070 15147 15197 15058 15066 15102 15128 15137 15076 15069 15088 15065 15102 15066 15062 15100
14939 14955 15004 15080 15125 15160 15181 15260 15150 15183 15191 15209 15211 15189 15165 15181 15068 15047 15061 15138 15143
14965 15040 15188 15247 15221 15236 15200 15215 15288 15203 15218 15233 15220 15150 15132 15082 15090 15103 15177 15193 15179
15072 15140 15249 15263 15271 15242 15241 15317 15328 15244 15228 15207 15178 15171 15164 15281 15280 15277 15260 15246 15144
15173 15309 15289 15286 15264 15355 15377 15311 15295 15264 15202 15177 15209 15204 15222 15281 15208 15285 15281 15114 15120
15319 15336 15326 15304 15361 15371 15295 15289 15278 15203 15204 15202 15181 15223 15196 15204 15274 15258 15132 15096 15102
15354 15349 15357 15357 15364 15361 15266 15257 15197 15263 15213 15191 15290 15211 15206 15261 15284 15148 15111 15121 15084
15392 15319 15318 15308 15331 15245 15238 15219 15230 15240 15222 15263 15257 15271 15265 15288 15242 15137 15124 15052 14987
15286 15301 15303 15334 15334 15301 15223 15284 15249 15248 15272 15239 15273 15259 15230 15196 15128 15107 15057 15012 15072
15270 15309 15352 15352 15342 15321 15247 15250 15325 15336 15249 15220 15206 15181 15112 14967 14972 15055 15047 15106 15044
15264 15340 15376 15343 15283 15205 15238 15338 15352 15274 15251 15218 15200 15122 14963 14909 14879 14888 15053 15013 14958
15284 15319 15337 15305 15307 15295 15356 15314 15287 15275 15258 15303 15273 15186 15151 14987 14967 15058 15014 14971 14947
15320 15363 15278 15275 15258 15345 15296 15285 15283 15244 15316 15316 15265 15138 15060 15007 14995 14977 14963 14956 14954
