inst/extdata/modis/lst/modgrid/Lat43.00075Lon-78.78820Start2001-01-01End2013-12-31___MOD11A2/GRID_Lat43.00075Lon-78.78820Start2001-01-01End2013-12-31___MOD11A2_LST_Day_1km_A2002249.asc
ncols		 21
nrows		 21
xllcorner	 -6416881.12
yllcorner	 4772121.02
cellsize	 926.625433055834
NODATA_value	 0
15327 15353 15312 15305 15283 15256 15233 15273 15338 15314 15207 15221 15171 15158 15126 15154 15170 15269 15275 15269 15145
15140 15188 15187 15176 15161 15154 15153 15210 15196 15172 15183 15157 15176 15158 15185 15185 15199 15282 15284 15214 15056
14906 14907 14922 15024 14985 15013 15039 15092 15241 15156 15150 15175 15144 15200 15198 15267 15169 15156 15109 15029 15030
14894 14886 14893 14896 14975 14912 14953 15051 15165 15185 15202 15159 15219 15209 15167 15142 15117 15066 14987 15018 15015
15061 15092 15100 15051 14957 15009 14934 15006 15099 15182 15188 15230 15202 15175 15174 15148 15072 15005 14963 14994 15024
15200 15205 15238 15130 15076 15055 14949 15063 15195 15248 15202 15155 15101 15142 15258 15127 15030 14962 14998 15021 15095
15234 15230 15203 15215 15085 15048 15056 15168 15210 15170 15167 15157 15141 15279 15173 15082 15052 15042 15032 15081 15236
15196 15185 15170 15134 15107 15066 15135 15217 15191 15190 15161 15185 15213 15205 15206 15105 15072 15123 15134 15178 15233
15095 15147 15144 15090 15084 15145 15208 15189 15198 15185 15203 15219 15200 15181 15172 15155 15151 15167 15169 15205 15121
15105 15058 15082 15136 15184 15212 15198 15182 15250 15274 15280 15291 15279 15212 15262 15242 15144 15062 15167 15188 15213
15107 15148 15232 15279 15238 15276 15275 15290 15316 15328 15325 15370 15285 15208 15243 15260 15135 15112 15226 15343 15342
15203 15241 15232 15243 15324 15338 15332 15355 15447 15431 15388 15384 15300 15239 15220 15224 15158 15278 15392 15406 15272
15295 15321 15278 15274 15276 15288 15427 15461 15448 15384 15303 15287 15281 15228 15209 15184 15227 15417 15435 15288 15159
15284 15289 15277 15274 15285 15295 15435 15417 15364 15353 15264 15237 15194 15226 15197 15373 15412 15430 15274 15169 15151
15297 15281 15262 15276 15283 15323 15298 15253 15254 15244 15225 15169 15209 15331 15328 15423 15427 15268 15232 15157 15125
15296 15327 15274 15283 15323 15287 15239 15240 15238 15328 15187 15199 15344 15373 15445 15451 15402 15205 15305 15166 15054
15338 15327 15332 15304 15273 15344 15198 15252 15346 15341 15338 15342 15360 15316 15371 15200 15317 15286 15184 15122 15079
15318 15331 15307 15288 15386 15361 15286 15237 15373 15381 15351 15188 15276 15177 15148 15109 15068 15093 15199 15083 15263
15317 15416 15420 15418 15409 15322 15258 15266 15414 15403 15368 15310 15266 15164 15145 15086 15006 14994 15035 15080 15134
15330 15417 15336 15328 15325 15255 15266 15403 15416 15390 15344 15322 15237 15240 15111 15071 15017 15042 15038 15088 15088
15342 15332 15321 15319 15313 15400 15409 15424 15400 15356 15344 15334 15287 15311 15104 15046 15038 15034 15079 15081 15079
