inst/extdata/modis/lst/modgrid/Lat43.00075Lon-78.78820Start2001-01-01End2013-12-31___MOD11A2/GRID_Lat43.00075Lon-78.78820Start2001-01-01End2013-12-31___MOD11A2_LST_Day_1km_A2003097.asc
ncols		 21
nrows		 21
xllcorner	 -6416881.12
yllcorner	 4772121.02
cellsize	 926.625433055834
NODATA_value	 0
14591 14605 14613 14595 14591 14586 14571 14550 14541 14486 14478 14497 14507 14500 14474 14443 14419 14424 14424 14429 14434
14333 14393 14443 14478 14484 14484 14482 14482 14451 14438 14470 14500 14512 14514 14496 14454 14439 14432 14433 14438 14442
14085 14162 14051 14182 14187 14236 14285 14344 14363 14424 14465 14498 14522 14520 14495 14468 14445 14436 14434 14434 14444
14090 14131 13999 14177 14163 14143 14169 14272 14414 14476 14524 14541 14563 14561 14514 14457 14435 14424 14427 14445 14464
14328 14369 14360 14322 14138 14164 14128 14238 14401 14580 14596 14598 14572 14534 14494 14476 14445 14425 14437 14470 14478
14476 14484 14474 14309 14240 14286 14181 14317 14542 14595 14588 14536 14535 14547 14549 14521 14464 14431 14453 14469 14482
14497 14495 14374 14351 14427 14340 14303 14502 14592 14589 14550 14542 14569 14599 14598 14539 14489 14500 14500 14505 14506
14394 14390 14396 14397 14424 14363 14424 14587 14605 14583 14563 14566 14612 14611 14576 14541 14538 14563 14566 14557 14538
14378 14390 14395 14460 14413 14488 14612 14618 14605 14598 14604 14634 14611 14597 14615 14611 14609 14602 14598 14592 14579
14354 14329 14380 14428 14594 14653 14654 14653 14659 14664 14676 14651 14637 14623 14627 14633 14615 14582 14587 14594 14592
14348 14430 14487 14664 14682 14667 14612 14625 14642 14708 14677 14649 14621 14627 14648 14653 14636 14619 14618 14638 14619
14521 14542 14664 14670 14617 14629 14645 14670 14747 14718 14674 14643 14636 14647 14669 14673 14664 14656 14654 14648 14619
14610 14648 14658 14639 14648 14663 14756 14769 14748 14708 14682 14650 14652 14674 14680 14667 14670 14684 14688 14646 14580
14664 14678 14679 14675 14671 14748 14765 14752 14713 14698 14663 14654 14670 14685 14675 14661 14676 14687 14649 14604 14576
14660 14650 14651 14739 14739 14732 14720 14696 14694 14679 14664 14649 14673 14674 14667 14682 14707 14668 14625 14586 14553
14676 14662 14747 14745 14732 14710 14687 14691 14692 14694 14685 14675 14688 14707 14710 14715 14682 14618 14570 14551 14527
14773 14757 14755 14745 14719 14691 14696 14702 14702 14694 14688 14682 14686 14682 14687 14666 14579 14522 14534 14549 14536
14750 14758 14767 14760 14733 14723 14710 14706 14704 14698 14664 14649 14628 14621 14606 14541 14512 14543 14573 14575 14522
14751 14764 14763 14739 14728 14711 14709 14709 14703 14675 14674 14658 14647 14616 14554 14527 14519 14541 14561 14526 14515
14764 14757 14724 14712 14699 14704 14711 14713 14715 14705 14685 14678 14652 14619 14572 14533 14527 14531 14544 14547 14538
14758 14740 14723 14699 14702 14717 14736 14737 14728 14708 14707 14700 14681 14616 14569 14548 14532 14533 14541 14542 14532
