inst/extdata/modis/lst/modgrid/Lat43.00075Lon-78.78820Start2001-01-01End2013-12-31___MOD11A2/GRID_Lat43.00075Lon-78.78820Start2001-01-01End2013-12-31___MOD11A2_LST_Day_1km_A2004241.asc
ncols		 21
nrows		 21
xllcorner	 -6416881.12
yllcorner	 4772121.02
cellsize	 926.625433055834
NODATA_value	 0
15102 15108 15139 15110 15096 15107 15089 15041 15030 14984 14983 14986 14984 14981 14962 14894 14898 14919 14921 14899 14862
14920 14977 15000 14907 14921 14850 14860 14949 14888 14893 14932 14970 14992 14989 14957 14917 14917 14925 14912 14880 14859
14717 14752 14744 14823 14760 14712 14773 14817 14845 14877 14913 14946 14969 14970 14961 14909 14883 14878 14855 14855 14837
14692 14708 14721 14744 14805 14744 14770 14812 14871 14950 14954 14976 14995 14988 14931 14892 14865 14830 14820 14826 14823
14794 14788 14851 14805 14782 14822 14755 14820 14927 15062 15017 15015 14995 15018 14988 14980 14852 14809 14856 14869 14880
14831 14917 14892 14860 14823 14782 14807 14893 14978 15103 15055 14987 14996 15032 15053 14971 14883 14861 14898 14924 14937
14937 14934 14933 14901 14864 14863 14888 14991 15120 15074 14984 15014 15061 15089 15058 14954 14922 14976 14986 14978 14979
14914 14920 14903 14896 14910 14913 15023 15076 15057 15016 15001 15038 15086 15093 15022 14973 14992 15008 15021 15024 14985
14910 14922 14949 14965 14960 15039 15081 15066 15032 15010 15047 15067 15073 15036 15046 15059 15059 15057 15053 15045 15029
14915 14929 14969 15029 15076 15109 15101 15080 15075 15105 15107 15092 15129 15130 15118 15093 15058 15011 15013 15029 15054
14922 14972 15031 15089 15113 15115 15107 15113 15130 15131 15104 15152 15138 15100 15096 15082 15053 15055 15079 15114 15097
14971 15082 15123 15130 15128 15161 15175 15196 15253 15192 15167 15144 15103 15105 15148 15152 15134 15118 15174 15174 15096
15124 15166 15168 15164 15188 15204 15220 15269 15218 15179 15154 15127 15136 15157 15133 15121 15114 15198 15196 15107 15005
15193 15204 15198 15193 15207 15238 15271 15210 15161 15124 15095 15073 15093 15170 15134 15105 15188 15179 15083 15028 15011
15243 15207 15191 15177 15182 15201 15137 15092 15100 15088 15064 15066 15136 15138 15112 15164 15214 15116 15033 14967 14944
15248 15219 15187 15196 15202 15128 15086 15077 15087 15112 15098 15104 15132 15157 15174 15214 15153 15056 14958 14924 14901
15257 15223 15230 15228 15162 15134 15110 15100 15123 15130 15110 15128 15159 15114 15082 15053 15047 14961 14946 14938 14884
15232 15223 15240 15208 15190 15193 15170 15151 15159 15189 15139 15082 15028 15033 15008 14992 14957 14966 14981 14919 14896
15235 15250 15234 15214 15209 15189 15176 15176 15232 15205 15169 15110 15094 15059 14968 14890 14888 14920 14961 14963 14950
15235 15240 15213 15178 15193 15198 15206 15227 15246 15182 15131 15150 15136 15090 15001 14960 14940 14944 14967 14978 14956
15254 15249 15219 15205 15218 15230 15247 15258 15237 15189 15185 15174 15125 15045 15006 14879 14865 14870 14931 14930 14922
