inst/extdata/modis/lst/modgrid/Lat43.00075Lon-78.78820Start2001-01-01End2013-12-31___MOD11A2/GRID_Lat43.00075Lon-78.78820Start2001-01-01End2013-12-31___MOD11A2_LST_Day_1km_A2013041.asc
ncols		 21
nrows		 21
xllcorner	 -6416881.12
yllcorner	 4772121.02
cellsize	 926.625433055834
NODATA_value	 0
13450 13429 13609 13602 13584 13599 13583 13573 13553 13528 13515 13511 13500 13489 13501 13498 13492 13496 13504 13501 13504
13624 13625 13621 13604 13602 13577 13543 13544 13534 13516 13514 13517 13518 13523 13506 13498 13490 13489 13491 13487 13518
13653 13643 13642 13635 13642 13622 13597 13577 13548 13517 13533 13538 13547 13519 13531 13515 13502 13499 13503 13520 13531
13609 13607 13590 13595 13604 13606 13593 13565 13563 13581 13582 13581 13417 13406 13371 13515 13519 13525 13521 13521 13506
13587 13569 13568 13570 13595 13590 13619 13626 13610 13604 13599 13423 13416 13390 13528 13542 13560 13416 13533 13517 13514
13548 13544 13544 13543 13546 13588 13612 13623 13475 13444 13417 13401 13388 13597 13605 13408 13429 13581 13566 13381 13375
13554 13555 13554 13550 13560 13602 13627 13473 13441 13417 13531 13523 13600 13618 13426 13430 13586 13581 13401 13400 13420
13561 13552 13544 13538 13573 13609 13468 13461 13420 13531 13523 13397 13434 13433 13426 13420 13416 13411 13617 13620 13619
13560 13551 13547 13574 13585 13478 13464 13421 13406 13392 13398 13409 13415 13423 13620 13620 13623 13647 13647 13620 13654
13583 13463 13462 13465 13465 13457 13422 13404 13391 13640 13644 13409 13411 13610 13614 13621 13649 13651 13649 13654 13651
13474 13458 13444 13436 13435 13439 13424 13408 13649 13650 13628 13603 13658 13596 13612 13626 13654 13653 13628 13625 13618
13428 13427 13425 13428 13432 13435 13424 13445 13655 13633 13678 13657 13575 13579 13623 13630 13633 13637 13640 13637 13422
13448 13455 13658 13656 13458 13457 13484 13476 13457 13630 13606 13584 13581 13421 13431 13442 13449 13649 13646 13434 13419
13466 13672 13674 13483 13483 13487 13479 13461 13444 13601 13590 13587 13432 13436 13449 13453 13458 13451 13441 13429 13429
13502 13517 13485 13482 13480 13670 13665 13655 13437 13600 13555 13562 13436 13425 13437 13447 13447 13445 13431 13436 13442
13502 13482 13482 13481 13671 13668 13659 13654 13433 13559 13572 13451 13435 13442 13447 13451 13447 13410 13411 13411 13433
13477 13482 13488 13673 13664 13662 13680 13679 13446 13455 13450 13440 13450 13456 13470 13465 13422 13418 13414 13432 13444
13665 13666 13468 13690 13678 13678 13682 13453 13445 13436 13428 13431 13582 13583 13659 13622 13621 13608 13611 13613 13596
13671 13679 13696 13675 13665 13667 13459 13468 13474 13473 13456 13590 13588 13658 13650 13654 13638 13628 13613 13605 13602
13682 13695 13645 13626 13626 13671 13704 13704 13473 13469 13465 13694 13675 13667 13661 13639 13630 13603 13603 13607 13620
13696 13699 13678 13651 13683 13702 13707 13710 13694 13684 13686 13689 13681 13669 13647 13634 13619 13631 13624 13622 13612
