inst/extdata/modis/lst/modgrid/Lat43.00075Lon-78.78820Start2001-01-01End2013-12-31___MOD11A2/GRID_Lat43.00075Lon-78.78820Start2001-01-01End2013-12-31___MOD11A2_LST_Day_1km_A2010289.asc
ncols		 21
nrows		 21
xllcorner	 -6416881.12
yllcorner	 4772121.02
cellsize	 926.625433055834
NODATA_value	 0
14370 14366 14381 14380 14406 14408 14383 14286 14284 14270 14273 14352 14332 14334 14331 14281 14267 14268 14265 14275 14266
14333 14276 14267 14295 14308 14324 14343 14357 14344 14345 14364 14359 14351 14336 14300 14282 14255 14271 14280 14275 14263
14264 14257 14272 14362 14294 14305 14330 14342 14339 14366 14355 14363 14331 14295 14290 14254 14268 14292 14291 14265 14265
14248 14284 14273 14264 14302 14297 14320 14338 14381 14364 14344 14326 14339 14291 14255 14249 14282 14293 14243 14227 14220
14288 14282 14271 14271 14287 14324 14314 14301 14316 14354 14352 14345 14328 14242 14259 14312 14298 14284 14226 14215 14276
14298 14291 14292 14229 14223 14233 14274 14304 14329 14325 14322 14335 14325 14307 14321 14323 14292 14283 14298 14299 14298
14256 14279 14275 14251 14242 14279 14313 14341 14346 14342 14359 14345 14332 14337 14364 14344 14327 14347 14341 14330 14326
14304 14317 14310 14272 14284 14315 14337 14389 14362 14333 14319 14368 14375 14403 14370 14362 14395 14395 14388 14372 14351
14315 14330 14325 14398 14348 14385 14400 14408 14355 14347 14354 14349 14347 14420 14423 14432 14414 14408 14394 14389 14381
14320 14360 14372 14378 14450 14456 14396 14404 14409 14427 14388 14374 14450 14398 14413 14452 14423 14412 14411 14467 14393
14358 14359 14365 14463 14465 14468 14474 14478 14425 14418 14386 14420 14399 14405 14419 14407 14404 14428 14435 14390 14405
14388 14411 14428 14448 14470 14479 14494 14512 14498 14447 14418 14414 14402 14416 14429 14426 14453 14463 14421 14420 14388
14413 14417 14432 14448 14473 14494 14497 14488 14451 14418 14420 14415 14462 14472 14445 14421 14442 14465 14464 14436 14393
14415 14439 14465 14429 14434 14447 14446 14435 14403 14429 14428 14446 14454 14447 14414 14420 14446 14449 14414 14398 14377
14445 14464 14422 14427 14430 14424 14420 14470 14409 14406 14446 14464 14471 14468 14499 14435 14442 14413 14413 14398 14374
14475 14520 14447 14439 14453 14434 14464 14418 14403 14410 14465 14467 14458 14463 14520 14516 14501 14482 14391 14372 14365
14534 14519 14426 14419 14354 14415 14459 14413 14409 14459 14452 14445 14447 14462 14472 14448 14409 14384 14375 14360 14365
14428 14424 14419 14416 14413 14395 14442 14446 14454 14466 14452 14435 14438 14440 14421 14392 14389 14395 14393 14387 14382
14421 14440 14447 14418 14383 14437 14442 14454 14470 14455 14382 14384 14431 14417 14396 14378 14379 14387 14388 14382 14371
14453 14472 14465 14432 14413 14426 14446 14457 14442 14364 14409 14456 14446 14420 14393 14384 14386 14388 14388 14395 14382
14479 14461 14480 14481 14535 14460 14477 14451 14444 14478 14490 14495 14438 14402 14382 14374 14360 14361 14370 14369 14363
