inst/extdata/modis/lst/modgrid/Lat43.00075Lon-78.78820Start2001-01-01End2013-12-31___MOD11A2/GRID_Lat43.00075Lon-78.78820Start2001-01-01End2013-12-31___MOD11A2_LST_Day_1km_A2004233.asc
ncols		 21
nrows		 21
xllcorner	 -6416881.12
yllcorner	 4772121.02
cellsize	 926.625433055834
NODATA_value	 0
15128 15161 15206 15199 15166 15146 15119 15100 15096 15024 14992 15010 14928 14912 14867 14813 14809 14855 14928 14909 14859
14863 15113 15078 15058 14908 14895 14857 14842 14933 14910 14900 14906 14939 14946 14895 14863 14865 14864 14936 14922 14855
14667 14704 14746 14878 14789 14788 14795 14799 14787 14832 14854 14892 14921 14932 14915 14888 14849 14898 14890 14854 14876
14664 14681 14697 14715 14791 14733 14758 14784 14822 14891 14890 14950 14985 14973 14937 14928 14897 14865 14834 14855 14850
14763 14780 14787 14753 14718 14781 14708 14765 15028 15072 15090 14993 14971 14949 14986 14974 14882 14809 14815 14844 14854
14941 14964 14801 14762 14724 14694 14717 14823 14932 15141 15076 14977 14985 15029 15069 14967 14838 14823 14882 14925 14954
14969 14979 14972 14917 14757 14787 14817 14935 15163 15101 14961 15009 15069 15123 15091 14913 14889 14954 14991 14981 14983
14909 14902 14893 14800 14823 14839 14948 15148 15104 15010 14981 15023 15090 15125 14995 14954 14978 15004 15007 15009 14940
14866 14896 14945 14870 14870 14956 15136 15096 15048 14997 15071 15091 15059 15001 15033 15051 15043 15040 15067 15055 15032
14884 14915 14964 15070 15152 15156 15139 15116 15111 15158 15143 15111 15099 15097 15089 15076 15019 14910 14971 15015 15044
14903 14971 15083 15161 15167 15172 15160 15170 15209 15181 15117 15117 15123 15081 15081 15055 15024 15017 15037 15094 15059
15017 15082 15125 15132 15129 15165 15198 15227 15298 15194 15155 15131 15080 15091 15130 15125 15093 15070 15166 15185 15086
15131 15166 15188 15187 15191 15213 15237 15342 15221 15171 15140 15113 15135 15146 15133 15110 15085 15181 15226 15096 14999
15207 15226 15212 15195 15208 15244 15288 15204 15154 15138 15110 15074 15092 15159 15112 15077 15155 15214 15059 15019 15000
15248 15213 15181 15192 15214 15212 15159 15109 15101 15078 15074 15062 15141 15111 15079 15145 15249 15088 15026 14994 14943
15255 15218 15210 15222 15198 15137 15101 15103 15080 15122 15100 15076 15133 15154 15177 15224 15161 15057 14991 14903 14866
15243 15212 15214 15228 15168 15126 15111 15103 15126 15141 15110 15135 15168 15130 15112 15075 15033 14991 14953 14916 14875
15200 15213 15245 15216 15173 15164 15171 15157 15179 15179 15120 15056 15055 15051 15018 14986 14962 14942 14952 15006 14947
15232 15256 15252 15212 15184 15172 15167 15192 15237 15252 15217 15132 15084 15027 14914 14846 14858 14897 14969 14940 14862
15257 15258 15205 15146 15187 15189 15202 15225 15262 15214 15181 15166 15154 15096 14981 14916 14904 14911 14960 14911 14885
15275 15265 15211 15207 15221 15248 15253 15300 15248 15203 15202 15201 15049 14978 14981 14969 14951 14949 14873 14875 14870
