inst/extdata/modis/lst/modgrid/Lat43.00075Lon-78.78820Start2001-01-01End2013-12-31___MOD11A2/GRID_Lat43.00075Lon-78.78820Start2001-01-01End2013-12-31___MOD11A2_LST_Day_1km_A2004249.asc
ncols		 21
nrows		 21
xllcorner	 -6416881.12
yllcorner	 4772121.02
cellsize	 926.625433055834
NODATA_value	 0
15051 15064 15071 15053 15053 15033 15007 14992 14980 14964 14930 14931 14911 14901 14884 14843 14837 14850 14859 14856 14834
14923 14973 14973 14981 14972 14881 14857 14848 14895 14881 14898 14910 14922 14925 14902 14929 14930 14862 14858 14846 14829
14779 14781 14795 14865 14732 14737 14738 14816 14827 14855 14866 14879 14899 14922 14905 14868 14851 14845 14817 14797 14785
14741 14751 14741 14759 14798 14677 14684 14712 14877 14901 14904 14911 14950 14908 14848 14800 14801 14803 14765 14758 14764
14841 14846 14856 14819 14781 14751 14746 14798 14905 14963 14956 14968 14912 14866 14810 14806 14796 14731 14735 14770 14777
14883 14895 14879 14843 14816 14794 14797 14906 14985 14972 14943 14875 14850 14829 14882 14845 14765 14762 14795 14887 14800
14917 14921 14903 14872 14842 14851 14893 14960 15009 14957 14844 14812 14819 14907 14892 14838 14819 14902 14910 14859 14859
14895 14892 14890 14871 14885 14905 14970 15033 15009 14872 14815 14819 14859 14921 14895 14833 14889 14906 14850 14876 14828
14862 14875 14890 14919 14935 14994 15042 14999 14957 14885 14891 14897 14900 14914 14935 14924 14885 14870 14885 14804 14811
14787 14793 14933 14975 15036 15048 15021 15004 14943 14944 14938 14898 14911 14884 14888 14843 14815 14792 14820 14814 14919
14793 14961 15004 15057 15065 15050 14987 14964 14966 14970 14907 14906 14887 14889 14829 14814 14791 14798 14853 14841 14808
14890 15028 15063 15068 15055 15071 15092 14999 15000 15016 14987 14982 14994 14918 14875 14953 14932 14924 14860 14868 14801
15075 15087 15089 15071 15082 15093 15066 15076 15055 15011 15023 15020 15014 14987 14985 14966 14957 14967 14965 14798 14843
15130 15134 15102 15083 15081 15059 15068 15057 15016 14978 14968 14983 14987 14997 14965 14956 14961 14975 14865 14856 14840
15146 15106 15088 15055 15061 15051 14992 15014 15005 14991 14985 14994 15018 15006 14961 14995 15002 14882 14846 14830 14872
15170 15148 15059 15064 15043 15009 15027 15019 15014 14977 14982 15010 14970 15078 15109 15037 15028 14942 14865 14845 14830
15185 15156 15079 15069 15040 15065 15037 15019 15036 15039 15043 15066 15066 15053 15040 15041 15001 15030 15019 14879 14852
15153 15080 15099 15089 15122 15097 15067 15062 15081 15100 15101 15059 15023 14978 14961 14911 14880 14889 14899 14910 14902
15104 15100 15097 15102 15095 15100 15091 15090 15154 15167 15105 15061 15006 14946 14873 14863 14870 14897 14902 14882 14873
15076 15088 15099 15095 15106 15113 15110 15137 15160 15141 15096 15072 15019 14937 14909 14870 14860 14880 14908 14909 14738
15124 15122 15111 15120 15145 15149 15146 15143 15157 15127 15084 15077 14994 14933 14900 14900 14909 14908 14881 14812 14797
