inst/extdata/modis/lst/modgrid/Lat43.00075Lon-78.78820Start2001-01-01End2013-12-31___MOD11A2/GRID_Lat43.00075Lon-78.78820Start2001-01-01End2013-12-31___MOD11A2_LST_Day_1km_A2012177.asc
ncols		 21
nrows		 21
xllcorner	 -6416881.12
yllcorner	 4772121.02
cellsize	 926.625433055834
NODATA_value	 0
15344 15362 15419 15446 15429 15415 15388 15392 15352 15278 15320 15278 15279 15263 15206 15148 15153 15195 15203 15195 15110
15135 15231 15211 15239 15255 15241 15213 15195 15198 15230 15245 15209 15240 15245 15226 15221 15228 15230 15195 15127 15081
14965 14999 15006 15034 14995 15025 15064 15142 15178 15151 15166 15194 15219 15244 15254 15250 15204 15154 15097 15078 15091
14844 14874 14939 14958 14979 14930 14990 15085 15152 15197 15213 15242 15283 15267 15248 15197 15132 15070 15057 15120 15146
15012 15031 15048 15017 14971 14968 14933 15022 15159 15277 15290 15303 15268 15251 15218 15174 15089 15010 15035 15103 15137
15151 15171 15132 15087 15027 14972 14972 15075 15273 15310 15290 15206 15196 15232 15243 15153 15038 15006 15088 15116 15123
15210 15212 15187 15139 15055 15037 15161 15273 15321 15299 15196 15187 15236 15293 15255 15136 15072 15144 15157 15157 15137
15160 15148 15136 15105 15108 15141 15197 15337 15328 15254 15217 15241 15280 15287 15190 15145 15168 15168 15185 15175 15146
15108 15128 15157 15170 15174 15198 15341 15340 15288 15272 15283 15287 15276 15254 15249 15259 15236 15217 15201 15187 15202
15085 15117 15166 15226 15314 15390 15361 15329 15335 15369 15375 15350 15314 15305 15303 15287 15226 15179 15174 15212 15223
15129 15208 15311 15359 15383 15376 15425 15388 15405 15395 15362 15350 15326 15304 15291 15284 15242 15241 15268 15290 15269
15279 15328 15372 15393 15395 15473 15488 15506 15412 15378 15368 15349 15297 15295 15335 15339 15311 15312 15328 15338 15223
15369 15396 15402 15467 15478 15498 15524 15440 15443 15390 15374 15307 15309 15327 15335 15288 15286 15349 15357 15271 15182
15415 15487 15478 15471 15468 15489 15451 15440 15392 15379 15336 15292 15295 15306 15354 15271 15333 15348 15276 15228 15208
15504 15485 15461 15451 15464 15415 15395 15351 15342 15329 15293 15275 15295 15331 15339 15351 15360 15303 15255 15219 15152
15512 15482 15460 15445 15397 15379 15347 15338 15329 15342 15340 15311 15338 15369 15368 15372 15327 15285 15204 15104 15079
15505 15472 15467 15412 15387 15357 15347 15337 15341 15354 15344 15335 15351 15337 15322 15272 15249 15211 15161 15136 15113
15473 15479 15492 15475 15450 15444 15427 15361 15382 15387 15351 15315 15276 15248 15195 15154 15141 15134 15138 15157 15150
15421 15436 15490 15473 15462 15448 15372 15389 15407 15391 15366 15302 15258 15199 15115 15047 15017 15038 15099 15099 15074
15431 15485 15465 15444 15445 15439 15448 15457 15456 15439 15323 15313 15292 15257 15192 15106 15071 15100 15124 15136 15098
15482 15469 15442 15432 15436 15465 15468 15462 15440 15345 15331 15331 15308 15251 15157 15132 15120 15102 15110 15101 15091
