inst/extdata/modis/lst/modgrid/Lat43.00075Lon-78.78820Start2001-01-01End2013-12-31___MOD11A2/GRID_Lat43.00075Lon-78.78820Start2001-01-01End2013-12-31___MOD11A2_LST_Day_1km_A2001145.asc
ncols		 21
nrows		 21
xllcorner	 -6416881.12
yllcorner	 4772121.02
cellsize	 926.625433055834
NODATA_value	 0
14927 14923 14945 14933 14913 14917 14879 14862 14837 14788 14754 14763 14741 14729 14796 14750 14734 14745 14741 14688 14698
14710 14757 14740 14760 14781 14782 14765 14719 14714 14718 14748 14741 14759 14771 14831 14783 14762 14728 14703 14694 14706
14451 14525 14516 14613 14483 14510 14548 14606 14643 14599 14711 14711 14768 14885 14837 14783 14719 14708 14704 14697 14703
14435 14442 14453 14514 14542 14477 14486 14519 14555 14730 14742 14800 14903 14855 14782 14725 14696 14656 14614 14652 14677
14673 14602 14721 14564 14530 14533 14478 14514 14797 14935 14951 14840 14824 14771 14735 14736 14671 14642 14561 14582 14651
14754 14763 14622 14611 14597 14514 14474 14611 14907 14955 14902 14753 14709 14784 14787 14737 14666 14513 14508 14627 14669
14603 14661 14640 14633 14564 14518 14580 14717 14946 14824 14778 14744 14784 14853 14861 14773 14672 14680 14699 14712 14715
14654 14625 14624 14604 14579 14603 14687 14757 14755 14825 14780 14791 14873 14873 14834 14795 14783 14763 14771 14752 14706
14596 14591 14596 14608 14675 14724 14798 14792 14874 14840 14937 14970 14871 14866 14897 14860 14805 14761 14769 14744 14772
14596 14596 14628 14749 14790 14891 14880 14953 14887 14991 15007 14953 14932 14909 14879 14825 14758 14704 14648 14712 14789
14616 14663 14753 14782 14889 14879 14981 14943 15019 15026 14980 14977 14912 14841 14801 14832 14825 14813 14710 14736 14807
14755 14808 14828 14845 14926 14938 14975 15048 15053 15026 14956 14925 14851 14810 14907 14876 14858 14756 14756 14871 14802
14848 14889 14895 14981 14967 14989 15006 15016 15004 14991 14955 14908 14867 14872 14900 14874 14835 14789 14901 14816 14756
14907 14944 14946 15006 14998 14986 14974 14952 14874 14917 14886 14892 14883 14847 14862 14850 14871 14884 14793 14758 14745
14954 14941 14939 14991 14995 14931 14944 14809 14915 14900 14899 14876 14860 14869 14867 14874 14925 14865 14778 14744 14679
14947 14937 14981 14977 14970 14858 14819 14881 14898 14923 14933 14851 14869 14969 14874 14898 14870 14784 14736 14662 14598
14916 14979 14980 14977 14949 14888 14889 14904 14925 14952 14945 14911 14923 14839 14876 14805 14747 14689 14631 14596 14611
14913 14953 14981 14973 14924 14903 14916 14956 14985 14978 14915 14858 14810 14853 14734 14683 14630 14613 14652 14688 14716
14945 14940 14955 14913 14930 14954 14981 15001 15012 15009 14948 14850 14853 14742 14692 14591 14579 14584 14624 14687 14697
14916 14935 14898 14895 14924 14986 14998 15009 15016 14961 14849 14889 14880 14825 14696 14639 14617 14624 14677 14707 14741
14994 14959 14896 14941 14992 15002 15014 14974 14935 14919 14912 14899 14860 14779 14724 14647 14584 14668 14710 14742 14751
