inst/extdata/modis/lst/modgrid/Lat43.00075Lon-78.78820Start2001-01-01End2013-12-31___MOD11A2/GRID_Lat43.00075Lon-78.78820Start2001-01-01End2013-12-31___MOD11A2_LST_Day_1km_A2010297.asc
ncols		 21
nrows		 21
xllcorner	 -6416881.12
yllcorner	 4772121.02
cellsize	 926.625433055834
NODATA_value	 0
14477 14494 14500 14503 14510 14521 14524 14525 14519 14514 14516 14521 14537 14537 14537 14500 14496 14496 14505 14511 14511
14468 14485 14485 14491 14506 14508 14507 14501 14501 14501 14508 14519 14520 14522 14513 14511 14509 14506 14507 14508 14516
14418 14424 14432 14447 14455 14462 14473 14478 14483 14505 14519 14518 14519 14516 14516 14513 14506 14505 14505 14511 14515
14407 14408 14413 14413 14416 14431 14433 14433 14484 14532 14532 14540 14548 14546 14540 14531 14528 14526 14521 14519 14518
14472 14485 14481 14477 14474 14467 14463 14494 14529 14530 14539 14550 14551 14547 14541 14542 14542 14531 14524 14524 14518
14503 14506 14507 14503 14496 14496 14511 14521 14521 14528 14550 14553 14555 14566 14567 14565 14568 14562 14558 14546 14541
14512 14512 14516 14514 14513 14520 14526 14525 14531 14551 14553 14555 14567 14571 14571 14582 14583 14583 14573 14570 14570
14513 14520 14521 14521 14527 14530 14530 14538 14553 14554 14556 14568 14572 14572 14572 14576 14577 14584 14588 14586 14584
14538 14538 14536 14542 14542 14541 14551 14565 14564 14563 14570 14574 14573 14574 14577 14576 14588 14597 14597 14594 14589
14533 14535 14547 14549 14549 14568 14583 14583 14582 14580 14580 14580 14588 14588 14588 14600 14603 14602 14600 14596 14595
14510 14533 14538 14538 14549 14559 14561 14570 14589 14588 14587 14578 14580 14582 14599 14604 14604 14604 14603 14603 14362
14531 14535 14536 14550 14554 14553 14564 14595 14595 14595 14562 14562 14562 14589 14598 14598 14606 14613 14382 14391 14367
14532 14533 14570 14582 14582 14592 14601 14601 14600 14585 14583 14582 14591 14595 14595 14366 14223 14232 14248 14238 14565
14537 14578 14589 14587 14596 14602 14602 14601 14593 14593 14593 14593 14592 14592 14266 14221 14269 14268 14266 14597 14578
14597 14612 14612 14615 14615 14615 14611 14600 14599 14599 14597 14595 14595 14599 14265 14266 14265 14266 14600 14580 14537
14619 14618 14620 14618 14617 14613 14601 14601 14602 14600 14598 14598 14589 14588 14588 14583 14576 14576 14561 14530 14531
14630 14631 14629 14629 14625 14605 14604 14602 14591 14590 14591 14580 14575 14577 14574 14571 14572 14559 14530 14530 14527
14619 14621 14622 14620 14606 14605 14603 14589 14588 14588 14574 14565 14565 14562 14561 14561 14553 14538 14538 14534 14520
14611 14611 14610 14607 14607 14604 14576 14570 14571 14576 14577 14576 14574 14573 14571 14561 14539 14539 14534 14519 14518
14620 14617 14612 14611 14607 14580 14573 14572 14578 14581 14581 14580 14581 14581 14571 14541 14541 14536 14518 14516 14518
14630 14625 14625 14620 14599 14599 14599 14631 14631 14626 14612 14606 14602 14577 14547 14546 14539 14520 14518 14519 14530
