inst/extdata/modis/lst/modgrid/Lat43.00075Lon-78.78820Start2001-01-01End2013-12-31___MOD11A2/GRID_Lat43.00075Lon-78.78820Start2001-01-01End2013-12-31___MOD11A2_LST_Day_1km_A2013137.asc
ncols		 21
nrows		 21
xllcorner	 -6416881.12
yllcorner	 4772121.02
cellsize	 926.625433055834
NODATA_value	 0
14974 14983 14982 14946 15037 14930 14924 14907 14902 14871 14825 14779 14854 14839 14809 14983 14979 15040 14924 14900 14968
14760 14798 14727 14756 14782 14814 14811 14779 14863 14840 14835 14839 14756 14714 14756 14868 14919 14874 14902 14917 14799
14535 14558 14552 14675 14615 14653 14627 14659 14758 14777 14784 14885 14777 14728 14850 14796 14896 14861 14843 14916 14793
14506 14534 14570 14570 14550 14533 14504 14645 14775 14806 14983 15031 14831 14927 14894 14828 14871 14844 14898 14919 14786
14741 14769 14745 14702 14652 14643 14609 14656 14835 14991 15102 15096 15047 14933 14910 14840 14931 14897 14895 14788 14937
14911 14916 14900 14873 14799 14683 14636 14676 14868 15128 15108 14974 14951 14953 14974 14909 14730 14725 14785 14877 14966
14937 14937 14916 14893 14829 14780 14758 14797 15133 15053 14995 14954 14966 15043 15011 14816 14783 14832 14857 14910 14887
14914 14907 14918 14885 14840 14818 14841 14967 15078 15019 14961 14979 15068 15056 15019 14991 15002 15016 15028 14996 14963
14879 14915 14937 14928 14903 14967 15059 15087 15045 14999 15015 15076 15063 15049 15046 15043 15078 15074 15030 15010 14952
14843 14846 14923 14970 15055 15109 15112 15106 15083 15085 15155 15126 15092 15086 15081 15123 15077 15013 14993 14992 14993
14867 14993 15048 15140 15130 15119 15148 15144 15052 15193 15162 15126 15106 15083 15147 15126 15096 15060 15060 15067 15045
15032 15080 15134 15184 15183 15190 15195 15243 15064 15190 15169 15131 15095 15155 15096 15147 15093 15110 15120 15125 15041
15108 15147 15208 15210 15213 15221 15263 15097 15215 15193 15089 15113 15111 15127 15214 15194 15115 15069 15148 15122 15031
15167 15212 15223 15223 15220 15245 15075 15036 15190 15083 15093 15078 15090 15115 15184 15170 15123 15114 15114 15037 15015
15232 15228 15213 15207 15216 15191 15159 15148 15140 15098 15074 15065 14990 15171 15178 15188 15201 15130 15069 15060 15018
15243 15218 15208 15202 15163 15129 15107 15143 15091 15066 15080 15113 15162 15168 15149 15198 15174 15105 15050 14953 14848
15216 15210 15199 15248 15216 15138 15097 15061 14910 14895 15078 15111 15010 15091 15083 15087 15078 15073 15031 15002 14911
15170 15169 15281 15241 15143 15082 14990 14571 14539 15052 15059 15080 15066 15053 15033 14994 14971 14966 14979 14907 14905
15138 15274 15532 15537 15506 14590 14990 15000 14912 15072 15103 15081 15069 15033 14982 14942 14910 14911 14883 14887 14887
15268 15548 15452 15388 15403 14991 15000 14674 14698 15105 15119 15082 15114 15024 14987 14944 14854 14867 14897 14897 14903
15660 15532 15392 15403 0 0 14683 14683 14702 14973 15123 15167 15133 15079 14965 14846 14827 14859 14879 14918 14919
