inst/extdata/modis/lst/modgrid/Lat43.00075Lon-78.78820Start2001-01-01End2013-12-31___MOD11A2/GRID_Lat43.00075Lon-78.78820Start2001-01-01End2013-12-31___MOD11A2_LST_Day_1km_A2002321.asc
ncols		 21
nrows		 21
xllcorner	 -6416881.12
yllcorner	 4772121.02
cellsize	 926.625433055834
NODATA_value	 0
14038 14048 14055 14071 13993 13982 14057 14049 14048 14153 14152 14167 14184 14179 14195 14194 14162 14162 14051 14049 14051
14002 14012 0 14043 14019 14018 14033 14037 14145 14153 14177 14194 14200 14198 14195 14175 14057 14053 14052 14045 14047
13983 14002 14011 14001 14005 14012 14015 14107 0 14166 14169 14177 14192 14037 14028 14051 14048 14047 14044 14046 14049
14000 14001 13971 13973 13979 13987 14064 14073 14126 14165 14181 14040 14036 14025 14038 14045 14038 14034 14046 14066 14065
13996 13971 13968 13965 14050 14073 14072 14133 14161 14075 14085 14076 14036 14052 14064 14065 14068 14060 14058 14057 14056
0 13888 13888 14135 14135 14135 14131 14132 14078 14083 14074 14067 14068 14068 14070 14075 14070 14067 14065 14058 14051
0 0 14135 14135 14136 14138 14137 14078 14084 14076 14071 14075 14077 14087 14102 14100 14096 14092 14081 14077 14080
14170 14175 14189 14174 14146 14066 14077 14076 14080 14088 14091 14091 14094 14099 14101 14109 14109 14098 14096 14100 14104
14175 14189 14188 14184 14084 14086 14086 14087 14084 14094 14100 14100 14097 14098 14108 14109 14112 14124 14120 14116 14105
14190 14189 14183 14090 14095 14092 14086 14084 14096 14109 14111 14106 14104 14109 14110 14114 14125 14121 14122 14093 14085
14187 14084 14086 14103 14103 14073 14066 14089 14113 14110 14103 14098 14102 14105 14114 14120 14114 14116 14089 14088 14080
14068 14075 14080 14088 14087 14081 14089 14115 14109 14101 14088 14165 14173 14091 14100 14108 14114 14200 14091 14084 14181
14067 14070 14077 14092 14094 14101 14120 14118 14117 14109 14196 14082 14085 14086 14087 14088 14198 14199 14192 14192 14163
14060 14070 14091 14093 14099 14120 14117 14115 14206 14200 14084 14083 14086 14089 14090 14193 14189 14179 14177 14160 14155
14064 14096 14095 14098 14231 14220 14215 14202 14197 14196 14195 14188 14185 14187 14184 14184 14179 14176 14155 14152 14142
14263 14259 14242 14237 14210 14206 14195 14191 14192 14193 14184 14177 14177 14173 14176 14179 14175 14143 14136 14125 14126
14259 14253 14245 14216 14210 14194 14188 14187 14188 14185 14181 14174 14164 14165 14162 14157 14129 14125 14120 14121 14120
14257 14255 14239 14238 14216 14216 14203 14200 14169 14163 14156 14153 14160 14161 14152 14125 14122 14124 14125 14120 14117
14232 14229 14229 14217 14217 14199 14199 14166 14155 14141 14134 14157 14176 14172 14166 14156 14140 14138 14135 14130 14119
14230 14228 14220 14219 14195 14195 14179 14176 14182 14181 14186 14191 14181 14171 14163 14148 14145 14141 14140 14123 14124
14233 14227 14227 14203 14202 14184 14181 14188 14190 14191 14194 14185 14176 14168 14155 14146 14123 14128 14147 14145 14158
