inst/extdata/modis/lst/modgrid/Lat43.00075Lon-78.78820Start2001-01-01End2013-12-31___MOD11A2/GRID_Lat43.00075Lon-78.78820Start2001-01-01End2013-12-31___MOD11A2_LST_Day_1km_A2001041.asc
ncols		 21
nrows		 21
xllcorner	 -6416881.12
yllcorner	 4772121.02
cellsize	 926.625433055834
NODATA_value	 0
13821 13775 13778 13766 13762 13732 13700 13688 13704 13693 13684 13704 13806 13695 13572 0 13589 13586 13579 0 0
13713 13673 13663 13653 13741 13741 13730 13729 13742 13693 13717 13829 13829 13845 13847 13589 13570 13688 13677 13776 13775
13638 13625 13627 13652 13725 13656 13665 13669 13684 13781 13824 13815 13816 13818 13804 13624 13644 13662 13649 13656 13658
13598 13610 13621 13623 13617 13647 13659 13669 13749 13818 13881 13796 13743 13735 13767 13627 13647 13638 13649 13670 13803
13667 13641 13610 13598 13707 13728 13734 13757 13774 13816 13813 13755 13743 13705 13704 13794 13758 13579 13604 13628 13638
13657 13624 13595 13677 13711 13704 13720 13759 13806 13775 13754 13716 13708 13728 13747 13789 13577 13590 13617 13636 13783
13841 13521 13696 13707 13708 13718 13768 13805 13779 13767 13724 13721 13732 13757 13754 13771 13644 13655 13809 13784 13802
0 0 13550 13550 0 13879 13880 13779 13775 13850 13727 13730 13745 13769 13805 13788 13824 13826 13821 13841 13792
0 0 0 0 13821 13855 13878 13700 13687 13722 13730 13747 13735 13820 13849 13852 13847 13849 13849 13833 13827
0 0 0 13869 13885 13898 13706 13706 13757 13757 13905 13888 13877 13712 13709 13705 13853 13815 13821 13654 13648
0 0 13891 13904 13905 13900 13717 13945 13949 13924 13905 13898 13713 13709 13710 13856 13827 13846 13661 13674 13706
13855 13890 13875 13881 13885 13915 13946 13949 13958 13912 13885 13872 13886 13902 13898 13877 13872 13849 13884 13707 13549
13892 13882 13890 13910 13925 13939 13947 13943 13925 13894 13879 13890 13902 13895 13886 13877 13855 13911 13926 13927 0
13903 13912 13910 13919 13927 13932 13934 13922 13901 13889 13886 13864 13877 13894 13887 13863 13886 13927 13927 0 0
13944 13933 13923 13937 13937 13921 13901 13947 13939 13944 13947 13864 13888 13905 13907 13886 0 0 0 0 0
13971 13958 13942 13986 13981 13962 13932 13922 13922 13932 13928 13916 13895 13907 13878 13878 0 0 0 0 0
13982 13970 13985 13989 13972 13947 13924 13924 13933 13930 13907 13844 13907 13878 13878 0 0 0 0 0 0
13945 13981 13990 13987 13971 13955 13949 13946 13938 0 0 0 0 0 13798 0 0 0 0 0 0
13943 13955 13977 13957 13940 13958 13957 13931 0 0 13920 13913 13927 13804 13798 0 0 0 0 0 0
13973 13979 13959 13937 13938 13937 13938 13947 13965 13959 13923 13932 13940 13920 0 0 0 0 0 0 0
13983 13968 13948 13954 13960 13974 13987 13989 13984 13966 13941 13955 13924 13902 0 0 0 0 0 0 0
