inst/extdata/modis/lst/modgrid/Lat43.00075Lon-78.78820Start2001-01-01End2013-12-31___MOD11A2/GRID_Lat43.00075Lon-78.78820Start2001-01-01End2013-12-31___MOD11A2_LST_Day_1km_A2008009.asc
ncols		 21
nrows		 21
xllcorner	 -6416881.12
yllcorner	 4772121.02
cellsize	 926.625433055834
NODATA_value	 0
0 13782 13782 13782 0 0 13244 13346 13377 13374 13373 13365 13329 13332 13335 13349 13389 13360 13315 13334 13374
13646 13649 13640 13446 13267 13290 13361 13377 13361 13332 13305 13298 13299 13303 13307 13307 13317 13314 13326 13347 13339
13657 13414 13445 13657 13542 13538 13520 13501 13487 13480 13306 13286 13260 0 0 13312 13315 13306 13278 13249 13218
13415 13445 13496 13535 13520 13510 13496 13497 13479 13287 13275 13255 13262 13262 13286 13261 13255 13251 13227 13180 13122
13452 13481 13500 13488 13494 13667 13538 13489 13267 13260 13259 13262 13239 13233 13195 13191 13202 13206 13179 13123 13059
13559 13560 13285 13309 13322 13322 0 0 0 0 0 13171 13191 13211 13137 13126 13159 13137 13119 13101 13093
13268 13270 13265 13272 13264 13197 0 0 0 0 13154 13190 13217 13169 13120 13139 13091 13075 13075 13082 13093
13239 13216 13216 13214 13192 13140 0 0 13133 13168 13208 13219 13158 13121 0 0 13055 13061 13066 0 13059
13198 13236 13247 13181 13137 13131 13155 13170 13184 13180 13180 0 0 0 0 13055 13061 13062 0 13092 13117
13268 13278 0 0 13118 13130 13171 13197 13149 13142 0 0 0 0 0 0 0 0 13038 13057 13086
13161 0 0 13095 13109 13139 13152 13139 13139 13232 13232 13258 0 0 0 0 0 0 13057 13065 0
13101 13102 13107 13090 0 0 0 0 13232 13235 13258 13258 0 0 0 0 0 0 0 0 0
13108 13114 0 0 0 0 0 0 0 0 13168 13168 13148 13146 0 0 0 0 0 0 0
13114 0 0 0 0 0 0 0 13174 13174 13172 13137 13465 0 0 0 0 0 0 0 0
0 0 0 0 0 13540 13214 13556 13547 13535 13115 13453 13454 13454 13486 13128 13140 13894 13894 13894 13688
0 0 0 13934 13547 13558 13547 13543 13528 13517 13508 13495 13481 13514 13517 13519 13518 13889 13894 13894 0
0 0 13932 13920 13549 13554 13556 13556 13566 13562 13547 13527 13546 13547 13525 13506 13876 13879 13878 0 0
13924 13924 13927 13552 13564 13572 13573 13578 13563 13552 13533 13916 13916 13525 13511 13882 13877 13872 0 0 0
13916 13924 13924 13931 13933 13936 13913 13903 13901 13900 13910 13915 13908 13898 13898 13895 13891 13890 0 0 0
13898 13911 13925 13930 13928 13918 13916 13912 13900 13901 13901 13900 13898 13898 13893 13889 13890 13890 0 0 0
13906 13912 13913 13923 13923 13918 13918 0 13901 13901 0 0 13868 13868 13871 13876 13877 0 0 0 0
