inst/extdata/modis/lst/modgrid/Lat43.00075Lon-78.78820Start2001-01-01End2013-12-31___MOD11A2/GRID_Lat43.00075Lon-78.78820Start2001-01-01End2013-12-31___MOD11A2_LST_Day_1km_A2001321.asc
ncols		 21
nrows		 21
xllcorner	 -6416881.12
yllcorner	 4772121.02
cellsize	 926.625433055834
NODATA_value	 0
14150 14175 14114 14149 14150 14237 14156 14143 14136 14076 14071 14096 14103 14095 14098 14050 14039 14052 14061 14076 14084
14035 14064 14086 14083 14077 14127 14121 14064 14074 14080 14102 14116 14120 14128 14105 14060 14064 14062 14075 14080 14089
14049 14067 14061 14097 14050 14056 14068 14076 14091 14093 14094 14114 14127 14126 14095 14067 14066 14095 14065 14075 14056
14054 14057 14067 14072 14047 14046 14065 14098 14116 14169 14123 14134 14149 14130 14058 14062 14063 14072 14067 14062 14058
14072 14075 14068 14054 14053 14065 14098 14115 14140 14126 14142 14155 14152 14127 14094 14099 14094 14076 14063 14055 14057
14093 14096 14084 14080 14083 14092 14116 14141 14119 14137 14145 14130 14084 14104 14120 14115 14091 14084 14081 14072 14100
14097 14081 14085 14094 14110 14129 14136 14118 14132 14130 14128 14139 14114 14121 14116 14108 14105 14103 14089 14065 14063
14076 14076 14087 14104 14121 14139 14128 14128 14122 14120 14131 14105 14113 14102 14093 14100 14103 14088 14070 14052 14083
14078 14086 14121 14126 14144 14146 14143 14106 14118 14137 14135 14158 14145 14136 14102 14103 14098 14126 14103 14072 14076
14180 14122 14125 14142 14149 14132 14176 14118 14144 14145 14156 14145 14188 14103 14107 14108 14130 14129 14062 14050 14047
14078 14076 14122 14143 14131 14125 14183 14150 14149 14150 14140 14128 14130 14134 14136 14087 14131 14126 14078 14054 14056
14071 14169 14171 14172 14111 14127 14133 14137 14139 14142 14125 14131 14089 14090 14087 14086 14081 14119 14194 14192 14081
14153 14157 14172 14118 14127 14127 14129 14213 14208 14148 14141 14092 14090 14088 14090 14090 14085 14075 14197 14085 14068
14161 14126 14133 14146 14202 14198 14120 14119 14192 14102 14100 14136 14081 14084 14089 14084 14071 14054 14044 14034 14069
14140 14150 14164 14223 14220 14137 14135 14123 14106 14100 14133 14119 14112 14108 14084 14080 14036 14033 14033 14074 14058
14232 14237 14236 14227 14225 14213 14121 14104 14097 14128 14113 14115 14070 14066 14077 14085 14083 14082 14049 14048 13998
14249 14248 14237 14234 14227 14217 14165 14097 14083 14074 14064 14067 14071 14070 14067 14161 14133 14105 14114 13915 13924
14229 14229 14170 14186 14182 14218 14123 14106 14092 14078 14069 14067 14132 14204 14135 14126 14113 14118 14001 14006 14012
14224 14169 14190 14181 14166 14185 14097 14061 14073 14072 14065 14125 14130 14091 14082 14122 14123 14009 13983 13995 14010
14162 14185 14177 14164 14126 14142 14122 14136 14074 14072 14153 14152 14114 14113 14147 13955 13956 13989 14000 14014 14034
14218 14147 14152 14093 14087 14110 14132 14153 14155 14258 14152 14161 14112 14149 13963 13965 13984 14047 14014 14024 14023
