inst/extdata/modis/lst/modgrid/Lat43.00075Lon-78.78820Start2001-01-01End2013-12-31___MOD11A2/GRID_Lat43.00075Lon-78.78820Start2001-01-01End2013-12-31___MOD11A2_LST_Day_1km_A2002353.asc
ncols		 21
nrows		 21
xllcorner	 -6416881.12
yllcorner	 4772121.02
cellsize	 926.625433055834
NODATA_value	 0
13829 13841 13848 13851 13863 13871 13858 13847 13843 13834 13838 13863 13869 13814 13812 13799 13783 13766 13766 13831 13838
13806 13826 13799 13795 13797 13827 13827 13831 13828 13832 13860 13870 13883 13816 13802 13785 13767 13768 13790 13793 13803
13771 13779 13787 13789 13810 13814 13823 13824 13823 13846 13859 13873 13875 13794 13791 13780 13790 13795 13793 13805 13873
13684 13691 13782 13778 13778 13790 13792 13829 13844 13868 13890 13887 13802 13797 13788 13807 13811 13819 13840 13843 13817
13710 13676 13843 13835 13835 13829 13833 13840 13872 13904 13905 13907 13899 13823 13827 13834 13845 13845 13844 13830 13825
13843 13851 13852 13860 13861 13833 13823 13823 0 13880 13883 13886 13828 13829 13833 13832 13852 13849 13834 13829 13835
13842 13848 13860 13861 13869 13866 13864 13867 13879 13885 13885 13889 13890 13850 13853 13856 13863 13850 13847 13828 13825
13854 13857 13857 13870 13873 13870 13868 13880 13892 13891 13889 13884 13837 13840 13843 13846 13845 13846 13826 13822 13825
13864 13858 13867 13870 13873 13874 13874 13875 13870 13863 13864 13857 13836 13836 13837 13810 13812 13812 13811 13815 13819
13901 13876 13875 13883 13884 13870 13864 13862 13856 13853 13851 13851 13824 13827 13805 13810 13811 13811 13814 13815 13803
13868 13871 13880 13881 13863 13857 13855 13859 13839 13815 13851 13813 13815 13790 13803 13811 13811 13812 13812 13800 13797
13854 13850 13850 13850 13859 13853 13855 13838 13815 13811 13788 13781 13778 13780 13783 13810 13811 13806 13797 13798 13801
13845 13848 13842 0 0 13823 13822 13819 13810 13797 13797 13795 13790 13790 13809 13809 13798 13793 13795 13801 0
0 0 0 0 13820 13821 13823 13820 13817 13809 13799 13796 13796 13796 13800 13795 13756 13795 13802 13793 13782
0 0 13843 13821 13818 13824 13838 13833 13819 13808 13807 13802 13799 13796 13752 13756 13756 13759 13793 13792 13791
0 13843 13843 13837 13834 13840 13841 13833 13830 13818 13805 13747 13741 13741 13749 13754 13757 13791 13779 13786 13784
13843 13845 13845 13845 13845 13842 13833 13834 13755 13746 13745 13734 13732 13777 13791 13792 13786 13775 13774 13774 13716
13896 13861 13864 13857 13842 13831 13832 13756 13745 13743 13729 13728 13768 13775 13783 13785 13781 13780 0 13656 13656
13864 13872 13871 13837 13810 13818 13750 13747 13691 13754 13762 13765 13768 13772 13787 13787 13780 13775 13646 13647 13648
13877 13875 13833 13804 13803 13797 13797 13788 13785 13782 13765 13766 13771 13781 13785 13712 13709 13708 13644 13643 13633
0 0 0 13790 13794 13795 13790 13790 13787 13776 13723 13723 13724 13722 13713 13709 13706 13644 13643 13633 13636
