inst/extdata/modis/lst/modgrid/Lat43.00075Lon-78.78820Start2001-01-01End2013-12-31___MOD11A2/GRID_Lat43.00075Lon-78.78820Start2001-01-01End2013-12-31___MOD11A2_LST_Day_1km_A2009001.asc
ncols		 21
nrows		 21
xllcorner	 -6416881.12
yllcorner	 4772121.02
cellsize	 926.625433055834
NODATA_value	 0
13393 13379 13382 13387 13346 13350 13350 13347 13368 13346 13345 13335 13322 13428 13318 13348 13323 13312 13399 13282 13288
13469 13446 13426 13422 13373 13364 13345 13366 13356 13362 13352 13336 13437 13436 13443 13436 13318 13404 13289 13296 13203
13598 13590 13590 13573 13450 13421 13441 13383 13361 13353 13351 13452 13446 13446 13442 13434 13312 13303 13303 13205 13189
13574 13529 13545 13544 13592 13598 13596 13488 13406 13469 13468 13465 13460 13454 13451 13336 13446 13435 13209 13201 13193
13392 13393 13391 13385 13430 13562 13558 13510 13516 13488 13485 13483 13473 13466 13346 13349 13458 13471 13326 13310 13300
13360 13359 13357 13364 13387 13472 13557 13507 13498 13375 13364 13225 13224 13220 13354 13365 13507 13347 13350 13339 13334
13352 13348 13353 13369 13377 13435 13503 13442 13391 13374 13227 13220 13369 13363 13370 13374 13360 13356 13342 13343 13454
13360 13355 13355 13342 13469 13489 13465 13415 13385 13466 13364 13377 13375 13360 13454 13356 13355 13348 13459 13293 13464
13359 13361 13367 13399 13492 13458 13423 13393 13376 13376 13382 13384 13379 13368 13365 13352 13346 13344 13344 13351 13294
13419 13440 13455 13428 13408 13402 13388 13376 13369 13378 13385 13382 13319 13377 13359 13344 13341 13349 13351 13337 13318
13408 13364 13365 13358 13375 13385 13365 13357 13371 13382 13377 13321 13377 13353 13344 13344 13347 13349 13347 13336 13316
13335 13352 13347 13359 13361 13363 13365 13380 13384 13373 13364 13360 13451 13347 13352 13357 13356 13354 13353 13335 13299
13355 13358 13359 13358 13354 13360 13377 13398 13381 13358 13345 13438 13338 13342 13349 13354 13357 13319 13327 13289 13268
13383 13379 13368 13356 13362 13376 13388 13356 13337 13324 13330 13357 13364 13326 13321 13346 13361 13364 13270 13273 13269
13396 13390 13378 13367 13369 13373 13359 13333 13330 13326 13314 13307 13329 13317 13314 13338 13346 13356 13285 13286 13291
13400 13382 13368 13370 13363 13349 13340 13329 13343 13343 13344 13341 13338 13410 13407 13353 13328 13334 13305 13299 13291
13401 13382 13384 13381 13363 13348 13348 13348 13340 13342 13334 13337 13349 13349 13357 13341 13363 13409 13367 13279 13267
13391 13389 13393 13382 13370 13358 13354 13353 13356 13350 13415 13414 13339 13342 13358 13373 13389 13364 13288 13274 13275
13396 13403 13396 13380 13353 13352 13353 13358 13362 13372 13357 13339 13335 13342 13342 13339 13332 13290 13274 13267 13267
13407 13405 13376 13343 13347 13355 13362 13366 13371 13351 13338 13338 13339 13333 13329 13325 13316 13308 13299 13299 13250
13403 13399 13374 13361 13363 13378 13374 13375 13357 13346 13353 13351 13346 13338 13329 13315 13308 13308 13305 13298 13341
