inst/extdata/modis/lst/modgrid/Lat43.00075Lon-78.78820Start2001-01-01End2013-12-31___MOD11A2/GRID_Lat43.00075Lon-78.78820Start2001-01-01End2013-12-31___MOD11A2_LST_Day_1km_A2008329.asc
ncols		 21
nrows		 21
xllcorner	 -6416881.12
yllcorner	 4772121.02
cellsize	 926.625433055834
NODATA_value	 0
13958 13958 13965 13972 13997 13987 13981 13970 13974 13969 13966 13983 13981 13979 13981 13959 13944 13938 13940 13949 13955
13935 13951 13957 13948 13953 13962 13971 13979 13950 13952 13978 13994 13991 13982 13966 13949 13933 13935 13942 13948 13946
13911 13919 13929 13926 13933 13939 13943 13950 13951 13958 13972 13978 13983 13983 13965 13953 13938 13940 13944 13948 13946
13934 13934 13926 13904 13912 13927 13950 13962 13977 14005 14001 13997 14003 13975 13957 13946 13951 13943 13942 13945 13942
13946 13955 13954 13936 13934 13941 13967 13974 13987 14006 14006 13998 13973 13964 13966 13978 13956 13947 13943 13946 13937
13964 13959 13946 13944 13936 13931 13962 13978 13992 13996 13985 13968 13976 13992 14011 13998 13969 13955 13956 13950 13948
13961 13962 13970 13955 13941 13957 13980 13986 14007 14001 13986 13989 13990 13997 14006 13978 13983 13999 13968 13960 13955
13960 13961 13955 13958 13958 13989 13986 14001 14007 13998 13995 14001 14000 13996 13977 13978 13984 13983 13977 13969 13970
13966 13966 13978 13989 14004 13997 14000 14009 14011 14010 14007 14001 13987 13983 13993 13994 13997 14002 14001 13996 13980
13984 13989 13997 14006 14013 14003 14001 13999 14011 14011 14010 14001 14001 14001 14000 14003 14004 13992 13992 13984 13978
13988 14010 14009 14013 14004 13991 13986 14014 14015 14010 13998 13979 13986 13999 14019 14014 14000 13994 13995 13997 13983
13997 13995 13986 13998 13998 14000 14020 14027 14016 13996 13980 13976 13976 14000 14008 14009 14006 14012 14011 14003 13977
13984 13995 14012 14011 14018 14030 14041 14027 14011 14000 14003 14006 14005 14016 14012 14005 14005 14005 14007 13981 13975
13992 14011 14020 14024 14025 14025 14026 14023 14018 14008 14008 14009 14022 14021 14014 13993 13995 13993 13981 13988 13973
14012 14023 14030 14026 14019 14023 14018 14012 13996 14001 14005 14008 14005 14006 14000 13997 13997 14001 13983 13959 13936
14035 14029 14028 14022 14021 14011 14007 14001 13983 13984 13975 14000 14000 14004 14012 14006 13992 13958 13935 13923 13903
14036 14029 14027 14018 14010 13995 13992 13949 13949 13956 13960 13975 13981 13973 13972 13965 13936 13889 13897 13913 13917
14017 14006 13998 13997 13960 13954 0 13949 13922 13922 13932 13928 13931 13933 13935 13933 13888 13898 13910 13915 13902
13972 13966 13957 13905 13898 0 0 0 0 13934 13924 13917 13907 13889 13883 13888 13897 13900 13908 13899 13905
13945 13919 13883 13866 13861 13866 13873 13854 13854 13877 13877 0 13873 13870 13863 0 13865 13867 13871 13893 13905
13927 13874 13866 13863 13868 13873 13881 13874 13877 13877 0 13872 13866 13863 0 13865 13864 13861 13878 13882 13874
