inst/extdata/modis/lst/modgrid/Lat43.00075Lon-78.78820Start2001-01-01End2013-12-31___MOD11A2/GRID_Lat43.00075Lon-78.78820Start2001-01-01End2013-12-31___MOD11A2_LST_Day_1km_A2007289.asc
ncols		 21
nrows		 21
xllcorner	 -6416881.12
yllcorner	 4772121.02
cellsize	 926.625433055834
NODATA_value	 0
14661 14646 14663 14571 14600 14666 14696 14698 14710 14704 14709 14731 14730 14715 14703 14667 14646 14656 14652 14619 14631
14601 14621 14531 14559 14638 14663 14669 14685 14692 14686 14712 14718 14718 14709 14699 14674 14654 14649 14647 14646 14646
14502 14445 14451 14479 14504 14552 14588 14631 14652 14667 14679 14693 14699 14702 14676 14646 14630 14628 14637 14635 14627
14474 14492 14518 14531 14563 14559 14595 14640 14679 14689 14697 14702 14704 14673 14639 14623 14616 14720 14725 14591 14586
14619 14594 14595 14626 14594 14594 14592 14606 14660 14689 14697 14693 14666 14643 14640 14727 14727 14722 14564 14565 14722
14657 14657 14642 14632 14638 14607 14620 14633 14660 14681 14679 14660 14643 14742 14759 14755 14732 14723 14721 14722 14724
14650 14650 14645 14637 14621 14614 14640 14673 14692 14679 14662 14658 14752 14782 14789 14760 14746 14751 14750 14736 14552
14637 14648 14657 14639 14628 14667 14661 14685 14665 14668 14662 14753 14775 14785 14772 14763 14765 14773 14766 14574 14565
14640 14647 14768 14665 14664 14672 14731 14704 14704 14707 14687 14772 14767 14774 14774 14774 14779 14783 14785 14783 14773
14658 14652 14627 14658 14708 14729 14703 14723 14728 14706 14720 14719 14785 14786 14796 14802 14791 14780 14780 14775 14756
14660 14679 14700 14711 14722 14702 14716 14734 14744 14733 14733 14729 14722 14784 14795 14802 14793 14785 14778 14758 14736
14691 14697 14699 14729 14731 14732 14751 14757 14740 14742 14733 14709 14780 14797 14815 14728 14723 14798 14789 14721 14692
14694 14700 14732 14737 14737 14734 14757 14756 14748 14727 14721 14712 14744 14762 14748 14730 14804 14738 14733 14717 14686
14708 14728 14731 14724 14737 14758 14766 14760 14754 14751 14731 14739 14747 14752 14743 14734 14735 14739 14728 14713 14699
14737 14745 14741 14750 14767 14764 14763 14751 14741 14748 14735 14734 14736 14728 14725 14731 14737 14725 14711 14701 14657
14773 14759 14767 14782 14741 14751 14746 14745 14749 14744 14741 14731 14722 14723 14720 14717 14703 14688 14657 14627 14622
14780 14764 14686 14692 14732 14742 14747 14745 14738 14731 14726 14718 14717 14705 14692 14666 14633 14606 14595 14597 14604
14736 14615 14653 14708 14737 14745 14739 14727 14722 14717 14713 14711 14701 14691 14668 14646 14595 14585 14587 14586 14580
14629 14646 14698 14730 14732 14731 14726 14728 14723 14718 14715 14707 14694 14661 14636 14679 14685 14690 14679 14562 14579
14625 14629 14689 14711 14728 14724 14723 14715 14724 14720 14708 14788 14751 14611 14588 14582 14676 14657 14630 14561 14590
14628 14658 14695 14709 14714 14715 14712 14724 14718 14703 14690 14659 14640 14605 14582 14663 14637 14637 14622 14636 14646
