inst/extdata/modis/lst/modgrid/Lat43.00075Lon-78.78820Start2001-01-01End2013-12-31___MOD11A2/GRID_Lat43.00075Lon-78.78820Start2001-01-01End2013-12-31___MOD11A2_LST_Day_1km_A2005089.asc
ncols		 21
nrows		 21
xllcorner	 -6416881.12
yllcorner	 4772121.02
cellsize	 926.625433055834
NODATA_value	 0
14120 14124 14124 14066 14073 14089 14140 14139 14155 14163 14166 14193 14217 14237 14229 14200 14186 14184 14181 14173 14158
13915 13919 13921 13987 14047 14068 14078 14101 14122 14122 14159 14195 14237 14247 14249 14231 14218 14207 14201 14196 14173
13817 13843 13818 13879 13933 13977 14015 14046 14057 14127 14180 14224 14253 14270 14253 14235 14219 14220 14217 14191 14177
13848 13886 13934 13913 13892 13867 13890 13987 14096 14173 14219 14281 14292 14279 14254 14228 14224 14220 14203 14201 14188
14025 14055 14037 14031 13970 13981 13895 13902 14170 14229 14287 14292 14291 14265 14247 14244 14220 14195 14197 14195 14180
14158 14166 14159 14123 13972 13930 13877 13908 14168 14286 14275 14267 14270 14272 14285 14246 14218 14219 14212 14143 14196
14176 14185 14190 14187 14151 14096 14067 14140 14197 14284 14275 14271 14286 14308 14293 14275 14251 14246 14193 14172 14222
14194 14191 14189 14168 14139 14132 14172 14172 14210 14273 14268 14282 14293 14297 14292 14270 14273 14278 14273 14189 14135
14184 14182 14185 14168 14173 14323 14536 14212 14279 14277 14288 14294 14227 14224 14293 14534 14531 14536 14606 14203 14239
14142 14139 14146 14218 14327 14518 14303 14332 14207 14221 14240 14243 14302 14239 14644 14573 14558 14549 14567 14597 14527
14151 14153 14252 14267 14266 14295 14319 14336 14342 14254 14254 14311 14298 14541 14565 14575 14578 14581 14642 14198 14546
14198 14266 14278 14279 14289 14292 14296 14318 14233 14246 14312 14300 14544 14552 14578 14605 14614 14676 14662 14628 14508
14282 14289 14540 14531 14296 14303 14177 14209 14221 14310 14525 14499 14306 14257 14682 14676 14681 14257 14677 14615 14558
14312 14557 14560 14321 14316 14168 14165 14169 14286 14500 14491 14291 14312 14578 14645 14256 14259 14670 14646 14138 14193
14525 14528 14338 14331 14327 14314 14162 14168 14169 14275 14284 14303 14571 14652 14624 14623 14681 14671 14188 14215 14184
14342 14363 14364 14358 14322 14274 14275 14274 14213 14212 14292 14297 14234 14620 14622 14689 14696 14198 14211 14187 14173
14293 14381 14376 14333 14309 14294 14284 14211 14225 14223 14197 14201 14224 14234 14635 14623 14186 14147 14128 14182 14139
14290 14289 14283 14336 14312 14289 14191 14198 14200 14185 14183 14177 14172 14508 14521 14171 14143 14458 14113 14091 14075
14294 14287 14273 14254 14211 14196 14167 14175 14181 14181 14178 14182 14473 14261 14167 14138 14255 14451 14095 14190 14147
14302 14288 14269 14230 14218 14184 14176 14188 14202 14200 14198 14197 14203 14193 14164 14260 14440 14107 14205 14185 14147
14285 14267 14233 14224 14219 14224 14221 14229 14219 14208 14216 14222 14201 14184 14155 14138 14115 14106 14075 14071 14169
