inst/extdata/modis/lst/modgrid/Lat43.00075Lon-78.78820Start2001-01-01End2013-12-31___MOD11A2/GRID_Lat43.00075Lon-78.78820Start2001-01-01End2013-12-31___MOD11A2_LST_Day_1km_A2003289.asc
ncols		 21
nrows		 21
xllcorner	 -6416881.12
yllcorner	 4772121.02
cellsize	 926.625433055834
NODATA_value	 0
14227 14239 14171 14387 14405 14413 14373 14367 14345 14337 14169 14359 14352 14346 14338 14210 14206 14343 14341 14328 14323
14200 14214 14332 14336 14380 14185 14160 14325 14328 14329 14324 14339 14351 14245 14245 14236 14339 14340 14333 14324 14316
14117 14272 14300 14361 14194 14184 14205 14330 14332 14330 14335 14352 14238 14250 14247 14327 14318 14337 14335 14311 14291
14245 14274 14190 14194 14326 14183 14211 14342 14358 14361 14357 14246 14278 14266 14328 14305 14321 14315 14288 14286 14299
14300 14189 14308 14294 14302 14365 14326 14362 14363 14367 14386 14292 14269 14347 14333 14350 14323 14289 14289 14304 14195
14280 14337 14350 14351 14316 14311 14334 14324 14377 14283 14279 14240 14234 14356 14376 14355 14319 14308 14320 14326 14215
14315 14343 14361 14356 14334 14352 14379 14418 14308 14283 14252 14256 14382 14399 14400 14365 14356 14376 14367 14360 14355
14343 14358 14371 14370 14360 14390 14426 14327 14308 14275 14255 14379 14405 14406 14386 14383 14394 14390 14384 14381 14384
14341 14376 14394 14397 14372 14398 14337 14317 14299 14379 14390 14394 14386 14395 14403 14410 14409 14408 14408 14402 14395
14377 14389 14401 14409 14422 14322 14325 14318 14432 14436 14441 14425 14411 14417 14429 14427 14403 14374 14387 14391 14379
14382 14399 14419 14438 14318 14314 14315 14441 14450 14455 14437 14425 14420 14422 14423 14411 14409 14405 14404 14418 14368
14395 14411 14304 14314 14319 14322 14461 14467 14486 14454 14435 14421 14422 14432 14443 14435 14428 14422 14434 14486 14449
14421 14314 14332 14329 14333 14475 14487 14502 14480 14452 14435 14429 14440 14435 14422 14415 14412 14427 14505 14465 14421
14459 14332 14333 14336 14473 14488 14498 14481 14448 14437 14419 14414 14403 14409 14399 14388 14416 14498 14452 14432 14408
14481 14474 14469 14464 14465 14469 14459 14431 14409 14408 14405 14385 14393 14390 14377 14390 14510 14454 14428 14423 14393
14499 14478 14471 14474 14471 14449 14424 14389 14392 14397 14395 14475 14474 14511 14505 14515 14486 14436 14402 14374 14374
14504 14491 14485 14484 14466 14455 14478 14477 14483 14491 14476 14473 14497 14486 14489 14472 14410 14382 14377 14386 14381
14493 14485 14487 14485 14479 14496 14501 14499 14501 14488 14472 14457 14455 14455 14442 14405 14388 14380 14387 14386 14369
14486 14496 14497 14484 14490 14502 14501 14505 14496 14484 14476 14474 14471 14454 14394 14384 14381 14380 14379 14353 14372
14498 14500 14484 14486 14496 14498 14499 14504 14512 14509 14501 14505 14497 14390 14370 14404 14388 14380 14381 14383 14396
14510 14500 14512 14498 14506 14517 14528 14530 14522 14507 14506 14505 14416 14386 14374 14361 14337 14324 14331 14340 14336
