inst/extdata/modis/lst/modgrid/Lat43.00075Lon-78.78820Start2001-01-01End2013-12-31___MOD11A2/GRID_Lat43.00075Lon-78.78820Start2001-01-01End2013-12-31___MOD11A2_LST_Day_1km_A2010313.asc
ncols		 21
nrows		 21
xllcorner	 -6416881.12
yllcorner	 4772121.02
cellsize	 926.625433055834
NODATA_value	 0
14217 14212 14251 14267 14225 14217 14211 14218 14221 14221 14228 14264 14256 14239 14229 14226 14228 14239 14241 14239 14244
14136 14154 14155 14154 14150 14205 14203 14207 14220 14208 14242 14249 14235 14222 14233 14233 14228 14228 14230 14227 14228
14131 14130 14120 14181 14125 14129 14141 14154 14160 14177 14238 14235 14241 14248 14244 14234 14228 14227 14220 14218 14229
14132 14133 14132 14135 14171 14136 14149 14161 14199 14200 14209 14220 14225 14209 14193 14190 14198 14190 14180 14225 14230
14168 14175 14169 14155 14155 14159 14178 14214 14226 14242 14246 14240 14237 14219 14216 14222 14204 14185 14181 14181 14177
14203 14201 14199 14194 14179 14164 14204 14227 14246 14246 14237 14219 14221 14235 14243 14226 14196 14179 14197 14191 14191
14209 14211 14206 14193 14189 14207 14227 14247 14264 14256 14236 14241 14262 14271 14270 14253 14230 14227 14214 14204 14198
14207 14204 14201 14204 14212 14234 14250 14267 14274 14252 14261 14261 14264 14265 14257 14235 14245 14194 14177 14253 14241
14212 14219 14240 14247 14246 14256 14263 14271 14265 14275 14273 14273 14272 14274 14273 14265 14223 14221 14224 14214 14266
14253 14258 14260 14261 14256 14270 14276 14281 14292 14303 14303 14297 14293 14291 14291 14240 14222 14212 14218 14271 14276
14255 14266 14261 14262 14280 14273 14280 14300 14315 14313 14281 14275 14283 14285 14300 14300 14237 14233 14288 14299 14270
14259 14240 14263 14283 14290 14295 14308 14320 14337 14295 14267 14276 14293 14303 14313 14309 14305 14300 14297 14313 14292
14249 14278 14288 14294 14301 14313 14319 14327 14311 14292 14289 14293 14287 14297 14314 14308 14300 14305 14328 14305 14281
14274 14296 14297 14305 14312 14314 14318 14308 14296 14282 14284 14293 14293 14313 14305 14301 14311 14317 14299 14298 14276
14316 14318 14304 14304 14305 14305 14294 14289 14275 14280 14296 14296 14309 14313 14315 14313 14317 14310 14314 14309 14275
14322 14306 14309 14306 14300 14281 14278 14265 14288 14293 14294 14296 14303 14324 14323 14327 14331 14294 14286 14280 14281
14305 14297 14292 14291 14267 14282 14288 14294 14292 14285 14285 14308 14313 14307 14318 14309 14281 14250 14264 14275 14278
14318 14288 14294 14299 14305 14304 14301 14297 14294 14298 14298 14286 14289 14306 14300 14282 14252 14266 14280 14284 14269
14314 14332 14322 14299 14291 14298 14300 14304 14314 14287 14283 14306 14310 14316 14304 14283 14286 14280 14287 14277 14275
14330 14335 14312 14331 14314 14324 14333 14334 14319 14327 14333 14318 14321 14321 14305 14305 14301 14297 14288 14287 14259
14356 14356 14347 14334 14338 14349 14353 14359 14360 14358 14349 14323 14326 14288 14281 14284 14274 14264 14277 14253 14255
