inst/extdata/modis/lst/modgrid/Lat43.00075Lon-78.78820Start2001-01-01End2013-12-31___MOD11A2/GRID_Lat43.00075Lon-78.78820Start2001-01-01End2013-12-31___MOD11A2_LST_Day_1km_A2008313.asc
ncols		 21
nrows		 21
xllcorner	 -6416881.12
yllcorner	 4772121.02
cellsize	 926.625433055834
NODATA_value	 0
14449 14457 14461 14452 14488 14473 14464 14455 14444 14434 14424 14430 14450 14452 14447 14426 14407 14397 14387 14387 14403
14363 14409 14403 14420 14409 14419 14432 14421 14396 14384 14408 14434 14437 14434 14423 14405 14395 14386 14379 14383 14383
14215 14258 14299 14296 14108 14268 14309 14328 14329 14353 14396 14397 14409 14419 14393 14357 14357 14361 14361 14368 14365
14284 14106 14085 14080 14274 14073 14119 14302 14367 14402 14403 14410 14424 14402 14357 14352 14354 14350 14345 14335 14308
14393 14404 14400 14348 14308 14281 14233 14252 14338 14391 14408 14402 14373 14339 14345 14363 14366 14361 14348 14326 14322
14388 14385 14367 14362 14358 14289 14269 14302 14363 14384 14369 14350 14352 14350 14378 14382 14365 14352 14340 14326 14330
14365 14355 14357 14357 14334 14341 14295 14345 14379 14375 14364 14361 14356 14380 14387 14379 14365 14354 14342 14336 14344
14356 14350 14335 14327 14323 14151 14319 14364 14370 14366 14361 14352 14345 14339 14347 14366 14370 14366 14367 14366 14356
14358 14350 14378 14343 14178 14309 14319 14334 14356 14359 14358 14361 14353 14353 14372 14377 14384 14390 14380 14370 14383
14384 14343 14351 14355 14377 14366 14335 14345 14359 14359 14358 14356 14363 14367 14379 14387 14382 14377 14377 14375 14366
14327 14354 14365 14371 14341 14319 14332 14360 14361 14355 14356 14351 14336 14353 14395 14397 14387 14397 14400 14387 14383
14348 14361 14353 14337 14324 14335 14353 14351 14354 14345 14335 14338 14367 14394 14418 14420 14410 14413 14401 14388 14387
14340 14347 14331 14345 14348 14354 14361 14359 14351 14344 14359 14380 14401 14430 14450 14444 14430 14423 14401 14400 14381
14334 14334 14357 14362 14361 14361 14366 14373 14382 14380 14380 14396 14428 14447 14433 14413 14417 14407 14419 14403 14410
14360 14361 14354 14355 14359 14372 14385 14387 14251 14394 14395 14422 14434 14415 14400 14394 14388 14395 14378 14370 14368
14387 14390 14385 14380 14386 14262 14266 14268 14380 14388 14416 14429 14401 14261 14330 14341 14361 14378 14359 14359 0
14396 14395 14394 14400 14271 14269 14269 14251 14374 14394 14253 14222 14238 14257 14223 0 0 0 0 14062 14104
14267 14369 14385 14295 14269 14249 14243 14255 14254 14271 14220 14204 0 14136 14139 14124 14060 14062 14062 14088 14104
14238 14238 14262 14251 14226 14208 14196 14172 14182 14187 14184 14167 14184 14156 0 0 14069 14073 0 14067 0
14159 14257 0 0 0 14157 14178 14193 14218 14201 14195 14207 14198 14179 14128 14108 14093 14097 14067 14067 0
0 14171 14171 14143 14157 14185 14217 14225 14206 14191 14197 14177 14155 14132 14115 14111 14094 14070 14092 14112 0
