inst/extdata/modis/lst/modgrid/Lat43.00075Lon-78.78820Start2001-01-01End2013-12-31___MOD11A2/GRID_Lat43.00075Lon-78.78820Start2001-01-01End2013-12-31___MOD11A2_LST_Day_1km_A2011073.asc
ncols		 21
nrows		 21
xllcorner	 -6416881.12
yllcorner	 4772121.02
cellsize	 926.625433055834
NODATA_value	 0
13854 13911 13982 13982 13998 14032 14167 14270 14136 14121 14245 14288 14291 14293 14274 14250 14258 14261 14258 14256 14245
13728 13793 13838 13875 13879 13880 13864 13904 14094 14196 14242 14266 14286 14287 14282 14252 14255 14253 14258 14262 14269
13669 13685 13640 13896 13811 13808 13831 13986 14180 14225 14252 14262 14273 14278 14271 14262 14260 14264 14263 14263 14268
13828 13896 13693 13662 13782 13654 13641 13703 14176 14267 14277 14287 14293 14297 14282 14276 14261 14258 14253 14263 14267
13960 13804 14191 14170 13735 13963 13629 13643 14175 14241 14293 14311 14320 14278 14284 14280 14254 14245 14259 14263 14256
14259 14266 14250 14217 14191 14111 13713 14085 14223 14292 14268 14275 14270 14303 14324 14316 14298 14279 14276 14273 14298
14286 14289 14287 14267 14205 14113 14034 14219 14269 14300 14285 14270 14329 14353 14361 14331 14301 14326 14340 14335 14331
14285 14284 14266 14239 14161 14115 14121 14232 14309 14309 14306 14340 14349 14370 14346 14317 14356 14361 14365 14353 14350
14282 14273 14255 14185 14156 14140 14265 14301 14324 14346 14379 14361 14351 14369 14367 14397 14389 14398 14394 14383 14369
14191 14165 14165 14193 14214 14312 14330 14343 14376 14402 14414 14402 14378 14377 14412 14423 14422 14392 14389 14381 14372
14141 14138 14276 14282 14308 14336 14351 14406 14423 14441 14416 14387 14364 14363 14408 14424 14407 14395 14408 14402 14389
14221 14257 14275 14289 14350 14372 14420 14435 14450 14422 14406 14401 14398 14418 14430 14440 14429 14421 14429 14415 14387
14241 14261 14280 14341 14377 14415 14438 14446 14433 14430 14420 14413 14423 14441 14440 14422 14424 14446 14447 14434 14400
14249 14288 14341 14384 14404 14421 14426 14431 14432 14442 14403 14398 14416 14424 14415 14409 14416 14428 14425 14405 14397
14315 14346 14391 14401 14423 14429 14432 14409 14401 14370 14377 14383 14379 14373 14388 14404 14423 14417 14418 14392 14359
14367 14403 14411 14424 14433 14436 14384 14374 14349 14352 14358 14357 14363 14383 14400 14431 14422 14417 14346 14343 14324
14406 14415 14423 14425 14420 14393 14369 14336 14307 14306 14318 14340 14371 14371 14372 14372 14378 14293 14316 14351 14332
14415 14421 14443 14423 14402 14386 14380 14345 14331 14315 14302 14302 14336 14351 14346 14331 14306 14329 14348 14343 14337
14410 14427 14418 14409 14365 14365 14358 14357 14356 14346 14336 14354 14349 14349 14324 14305 14326 14340 14352 14346 14334
14407 14404 14396 14351 14358 14363 14372 14374 14383 14373 14377 14393 14409 14357 14327 14315 14320 14330 14332 14330 14340
14389 14375 14348 14354 14358 14382 14384 14399 14412 14427 14446 14442 14388 14356 14303 14290 14291 14309 14323 14328 14331
