inst/extdata/modis/lst/modgrid/Lat43.00075Lon-78.78820Start2001-01-01End2013-12-31___MOD11A2/GRID_Lat43.00075Lon-78.78820Start2001-01-01End2013-12-31___MOD11A2_LST_Day_1km_A2004105.asc
ncols		 21
nrows		 21
xllcorner	 -6416881.12
yllcorner	 4772121.02
cellsize	 926.625433055834
NODATA_value	 0
14489 14735 14763 14767 14773 14766 14734 14696 14673 14646 14623 14658 14654 14647 14618 14578 14549 14588 14578 14561 14345
14399 14552 14600 14624 14627 14635 14620 14634 14613 14583 14606 14645 14656 14668 14654 14603 14597 14591 14580 14385 14372
14072 14193 14267 14308 14359 14372 14398 14478 14524 14576 14630 14646 14670 14667 14635 14611 14584 14350 14384 14365 14361
14148 14176 14160 14204 14272 14287 14091 14414 14568 14626 14648 14704 14718 14692 14660 14346 14365 14366 14349 14351 14558
14405 14480 14499 14433 14361 14217 14142 14285 14548 14655 14740 14745 14698 14661 14382 14413 14383 14356 14348 14556 14571
14587 14615 14594 14590 14515 14437 14334 14416 14645 14751 14724 14661 14642 14421 14447 14416 14572 14547 14554 14566 14573
14604 14609 14627 14593 14548 14442 14339 14622 14756 14726 14655 14635 14695 14499 14479 14657 14593 14596 14599 14600 14604
14601 14597 14605 14601 14523 14431 14547 14739 14730 14689 14670 14689 14739 14719 14692 14644 14645 14648 14660 14648 14634
14578 14571 14564 14531 14281 14585 14773 14754 14721 14702 14706 14743 14707 14701 14705 14713 14711 14705 14684 14677 14678
14523 14494 14509 14569 14724 14787 14784 14774 14792 14807 14804 14752 14756 14754 14750 14742 14726 14690 14688 14690 14683
14454 14630 14694 14769 14790 14791 14785 14805 14824 14814 14772 14751 14720 14727 14743 14744 14726 14733 14734 14733 14721
14685 14474 14530 14537 14538 14801 14811 14829 14820 14780 14751 14734 14734 14754 14776 14778 14759 14745 14750 14737 14706
14517 14550 14547 14556 14830 14838 14844 14841 14817 14783 14751 14748 14760 14767 14755 14737 14732 14760 14748 14698 14620
14590 14846 14851 14840 14841 14845 14861 14835 14797 14761 14749 14720 14728 14749 14728 14700 14739 14724 14688 14630 14592
14865 14860 14845 14826 14819 14813 14801 14776 14760 14750 14732 14729 14744 14738 14693 14725 14736 14699 14637 14617 14557
14897 14879 14842 14839 14810 14776 14761 14754 14761 14752 14747 14737 14738 14739 14722 14750 14718 14621 14570 14525 14525
14896 14850 14849 14817 14780 14757 14750 14750 14754 14760 14739 14737 14718 14701 14712 14684 14563 14513 14515 14527 14522
14848 14848 14864 14862 14815 14781 14767 14763 14767 14756 14728 14701 14693 14672 14644 14559 14515 14516 14543 14541 14521
14853 14868 14861 14811 14780 14772 14771 14769 14763 14743 14717 14711 14689 14671 14577 14541 14514 14519 14537 14523 14523
14863 14852 14791 14758 14757 14761 14771 14782 14779 14765 14729 14721 14697 14613 14582 14534 14509 14512 14527 14533 14526
14866 14831 14806 14781 14782 14804 14805 14796 14780 14757 14749 14738 14687 14661 14578 14534 14512 14516 14508 14494 14475
