inst/extdata/modis/lst/modgrid/Lat43.00075Lon-78.78820Start2001-01-01End2013-12-31___MOD11A2/GRID_Lat43.00075Lon-78.78820Start2001-01-01End2013-12-31___MOD11A2_LST_Day_1km_A2009305.asc
ncols		 21
nrows		 21
xllcorner	 -6416881.12
yllcorner	 4772121.02
cellsize	 926.625433055834
NODATA_value	 0
14289 14291 14341 14361 14371 14369 14363 14361 14358 14358 14360 14375 14375 14375 14374 14356 14342 14331 14326 14330 14333
14093 14157 14308 14318 14203 14211 14229 14340 14328 14183 14196 14209 14368 14369 14361 14349 14334 14251 14340 14339 14347
14113 14140 14133 14137 14151 14187 14211 14202 14202 14192 14203 14352 14365 14367 14358 14345 14256 14268 14188 14208 14192
14167 14172 14153 14138 14255 14172 14167 14193 14217 14241 14365 14381 14390 14377 14361 14353 14277 14188 14209 14206 14194
14313 14316 14188 14320 14184 14284 14168 14193 14227 14372 14388 14391 14382 14256 14251 14361 14355 14215 14214 14358 14360
14335 14347 14348 14335 14207 14176 14168 14328 14362 14390 14386 14263 14259 14263 14392 14398 14388 14382 14373 14375 14379
14342 14345 14342 14338 14199 14204 14326 14350 14233 14239 14263 14278 14299 14319 14322 14403 14392 14386 14385 14391 14387
14342 14339 14342 14350 14296 14333 14344 14234 14244 14266 14290 14310 14324 14271 14406 14403 14409 14409 14418 14418 14415
14344 14346 14309 14309 14300 14350 14393 14244 14256 14272 14271 14277 14273 14272 14278 14425 14431 14437 14430 14422 14428
14340 14346 14350 14370 14380 14403 14406 14242 14252 14274 14279 14255 14279 14287 14438 14442 14446 14262 14254 14418 14414
14314 14343 14366 14378 14397 14398 14406 14422 14280 14280 14361 14350 14412 14426 14437 14446 14269 14270 14295 14292 14290
14335 14351 14362 14386 14402 14415 14430 14440 14423 14410 14349 14407 14422 14436 14378 14275 14281 14298 14305 14255 14237
14312 14335 14344 14356 14408 14417 14431 14423 14418 14419 14422 14428 14440 14378 14379 14453 14451 14314 14275 14236 14237
14338 14348 14365 14384 14413 14422 14423 14433 14430 14438 14439 14433 14436 14443 14444 14441 14306 14305 14226 14221 14336
14383 14412 14420 14434 14409 14403 14410 14350 14374 14392 14402 14431 14435 14437 14432 14304 14320 14342 14338 14419 14386
14422 14431 14433 14410 14399 14406 14364 14384 14388 14401 14431 14425 14393 14399 14301 14313 14311 14307 14284 14267 14363
14390 14403 14389 14403 14409 14389 14402 14397 14400 14396 14389 14379 14390 14298 14283 14282 14280 14258 14256 14266 14209
14405 14405 14417 14422 14414 14411 14432 14406 14295 14300 14337 14344 14284 14277 14276 14269 14249 14248 14251 14362 14362
14416 14431 14434 14425 14419 14324 14327 14316 14305 14286 14374 14403 14376 14308 14244 14236 14240 14247 14247 14336 14336
14422 14446 14441 14428 14334 14338 14341 14331 14321 14402 14414 14455 14449 14292 14264 14243 14234 14327 14335 14332 14326
14487 14311 14305 14354 14352 14353 14450 14452 14315 14314 14308 14410 14418 14387 14246 14228 14326 14333 14322 14325 14319
