inst/extdata/modis/lst/modgrid/Lat43.00075Lon-78.78820Start2001-01-01End2013-12-31___MOD11A2/GRID_Lat43.00075Lon-78.78820Start2001-01-01End2013-12-31___MOD11A2_LST_Day_1km_A2006153.asc
ncols		 21
nrows		 21
xllcorner	 -6416881.12
yllcorner	 4772121.02
cellsize	 926.625433055834
NODATA_value	 0
15286 15315 15356 15343 15334 15283 15237 15230 15065 15104 15143 15163 15140 15162 15144 15109 15136 15164 15143 14995 14970
14979 14956 15103 15122 15131 15158 15146 14948 15014 15113 15144 15116 15115 15164 15169 15200 15191 15162 15135 15122 15106
14684 14908 14734 14834 14776 14811 14819 14823 15100 15000 15134 15137 15083 15104 15254 15210 15178 15148 15112 15098 15103
14640 14612 14661 14687 14707 14557 14636 14802 14957 15068 15208 15136 15280 15283 15215 15178 15112 15068 15051 15074 15131
14907 14774 14848 14863 14728 14769 14739 14830 15187 15279 15330 15316 15297 15229 15207 15154 15080 15024 15014 15043 15133
14868 14994 14964 14950 14824 14857 14757 14885 15233 15347 15295 15232 15080 15097 15221 15127 15057 15000 15044 15137 15163
15001 14907 14980 14990 14945 14869 14891 15180 15372 15332 15245 15086 15120 15328 15248 15087 15024 15072 15163 15183 15133
15002 14937 14956 15068 14931 14924 15098 15328 15337 15269 15186 15218 15264 15274 15208 15136 15106 15136 15189 15132 15100
15045 15072 15086 14977 14973 15132 15309 15322 15235 15221 15254 15265 15273 15253 15115 15085 15200 15228 15147 15131 15110
15018 14919 14967 15056 15229 15372 15350 15260 15286 15313 15335 15332 15319 15301 15281 15276 15231 15159 15146 15094 15113
14960 15004 15151 15356 15400 15380 15300 15389 15408 15396 15370 15358 15299 15278 15321 15300 15258 15258 15237 15147 15145
15053 15320 15383 15407 15419 15424 15371 15403 15450 15418 15388 15351 15317 15342 15349 15348 15337 15334 15282 15257 15198
15341 15409 15429 15423 15421 15369 15413 15454 15426 15403 15343 15315 15321 15340 15347 15314 15320 15330 15284 15087 15014
15440 15450 15414 15214 15237 15381 15453 15424 15340 15299 15286 15270 15300 15326 15316 15308 15344 15346 15286 15044 15029
15408 15410 15200 15193 15342 15330 15336 15281 15269 15262 15243 15249 15306 15320 15299 15339 15384 15295 15166 15143 15109
15406 15175 15166 15358 15335 15318 15214 15204 15239 15257 15283 15285 15299 15321 15337 15369 15327 15209 15151 14982 14945
15367 15340 15370 15366 15358 15334 15226 15277 15282 15293 15257 15261 15283 15289 15302 15236 15171 15113 14957 14963 14990
15339 15392 15421 15411 15356 15318 15308 15300 15304 15296 15269 15234 15193 15179 15128 15102 15056 15026 14969 14976 14954
15412 15420 15403 15375 15312 15294 15317 15334 15353 15337 15313 15249 15191 15127 15071 14980 14959 14987 14949 14930 14905
15422 15405 15377 15343 15343 15347 15365 15373 15374 15350 15314 15314 15296 15159 15067 14973 14871 14876 14960 15006 14991
15434 15408 15367 15365 15376 15408 15411 15396 15364 15326 15332 15328 15270 15142 15016 14869 14890 14892 14967 15004 14995
