inst/extdata/modis/lst/modgrid/Lat43.00075Lon-78.78820Start2001-01-01End2013-12-31___MOD11A2/GRID_Lat43.00075Lon-78.78820Start2001-01-01End2013-12-31___MOD11A2_LST_Day_1km_A2004009.asc
ncols		 21
nrows		 21
xllcorner	 -6416881.12
yllcorner	 4772121.02
cellsize	 926.625433055834
NODATA_value	 0
12889 12888 0 0 0 12890 12889 12875 12873 12855 12855 12855 0 0 0 0 12626 12626 12628 12643 12659
0 13349 13378 13017 13004 13024 13026 12989 13061 0 0 0 0 0 0 12626 12626 12624 12643 12658 12666
13349 13363 13313 0 13130 13090 13109 13123 0 12889 12889 0 0 12635 12621 12621 12625 12649 12659 12665 12733
13355 13351 13338 13229 0 13127 13202 13271 13073 12889 12922 12951 12635 12636 12636 12626 12654 12662 12787 12787 12783
0 0 0 13147 13178 13288 13269 13247 13103 12938 12949 12656 12652 12639 12865 12865 0 0 12787 12780 12773
12881 0 0 0 13306 13197 13213 13136 13001 12954 12657 12657 12872 12864 12859 12844 12832 0 0 0 0
0 0 12856 12856 13023 13052 13052 13049 12950 12898 12898 12869 12864 12884 12874 12850 0 0 0 0 12927
0 12856 12856 12856 0 0 12882 12882 12898 12898 12885 12878 12907 12911 12905 0 0 12812 12819 12927 12927
0 0 0 13081 13081 12875 12880 12921 12907 12890 12890 0 0 0 0 12807 12811 12815 12873 12927 12808
0 0 13025 13071 12823 12823 12811 12913 0 0 0 0 12872 12872 0 12807 12814 0 0 12689 12689
12817 12789 12798 12812 12819 12715 0 0 0 0 0 12872 12872 12872 0 0 0 0 12859 12859 12853
12790 12799 12812 12822 12718 0 12964 12964 12964 0 12873 12873 12872 0 0 12884 12884 12868 12859 12849 12846
12704 0 0 0 0 12964 12964 12964 0 12874 12874 0 0 0 12884 12884 12884 0 12846 12846 0
13027 13027 13027 0 0 0 12889 12883 0 0 0 0 0 12732 12732 0 0 0 0 0 0
12989 12999 0 0 0 12883 12883 0 0 0 0 0 12732 12732 0 0 0 0 12671 12674 12688
12912 12897 12886 0 0 0 0 0 0 0 0 0 0 0 0 0 12885 12778 12676 12688 0
12922 0 0 0 0 0 0 0 0 0 0 0 0 12920 12920 12885 12885 12950 12950 12950 0
12712 12712 0 0 0 0 0 0 0 0 0 0 12920 12920 0 0 12950 12950 12950 0 0
12712 12958 12704 12704 0 0 12672 12672 0 0 0 0 0 0 0 12950 12950 12950 0 12699 12700
12834 12831 12819 12934 0 12686 12675 0 0 12953 0 0 0 0 0 12660 12660 0 12699 12696 12699
12831 12934 12934 0 12692 12692 0 12963 12956 12951 12959 12963 0 0 12660 12660 0 0 12666 12775 12874
