inst/extdata/modis/lst/modgrid/Lat43.00075Lon-78.78820Start2001-01-01End2013-12-31___MOD11A2/GRID_Lat43.00075Lon-78.78820Start2001-01-01End2013-12-31___MOD11A2_LST_Day_1km_A2013289.asc
ncols		 21
nrows		 21
xllcorner	 -6416881.12
yllcorner	 4772121.02
cellsize	 926.625433055834
NODATA_value	 0
14356 14349 14357 14363 14362 14362 14351 14336 14364 14318 14354 14388 14390 14367 14353 14314 14316 14335 14329 14313 14305
14322 14371 14363 14365 14354 14347 14333 14289 14304 14354 14381 14369 14380 14374 14351 14338 14338 14326 14316 14300 14285
14339 14375 14382 14375 14367 14341 14323 14324 14328 14315 14333 14361 14374 14378 14366 14327 14307 14310 14304 14284 14290
14342 14338 14356 14366 14326 14384 14406 14396 14354 14341 14346 14364 14385 14368 14328 14314 14323 14321 14306 14303 14295
14293 14322 14330 14267 14313 14353 14401 14408 14386 14361 14374 14389 14335 14336 14333 14344 14330 14287 14282 14309 14332
14359 14359 14344 14298 14279 14332 14382 14420 14426 14402 14359 14323 14284 14344 14398 14357 14297 14291 14335 14356 14358
14337 14334 14352 14316 14308 14358 14428 14434 14420 14377 14327 14319 14382 14410 14396 14320 14324 14369 14376 14367 14363
14318 14318 14308 14304 14349 14424 14459 14451 14416 14349 14341 14396 14413 14420 14328 14357 14390 14390 14383 14398 14373
14296 14321 14372 14404 14433 14419 14445 14422 14420 14391 14424 14437 14401 14399 14399 14408 14402 14403 14410 14388 14391
14356 14409 14419 14419 14408 14413 14411 14409 14412 14440 14455 14433 14410 14423 14425 14410 14377 14359 14370 14367 14368
14399 14381 14388 14392 14412 14401 14402 14425 14441 14440 14414 14400 14398 14380 14381 14381 14370 14367 14365 14392 14367
14352 14389 14308 14361 14394 14434 14404 14428 14453 14418 14388 14378 14388 14393 14399 14393 14390 14394 14427 14381 14349
14404 14330 14373 14396 14459 14483 14498 14463 14465 14429 14410 14406 14393 14403 14437 14418 14397 14416 14409 14369 14327
14433 14466 14465 14466 14479 14487 14495 14463 14447 14442 14425 14410 14415 14437 14402 14385 14396 14402 14356 14339 14326
14476 14471 14457 14465 14474 14475 14453 14430 14420 14413 14408 14407 14427 14414 14405 14407 14415 14361 14333 14315 14307
14481 14473 14478 14484 14474 14447 14422 14429 14419 14414 14413 14401 14399 14431 14437 14442 14362 14348 14313 14290 14230
14496 14489 14480 14475 14452 14435 14431 14425 14415 14404 14388 14391 14409 14412 14395 14370 14341 14305 14291 14285 14289
14484 14457 14482 14479 14462 14433 14414 14426 14425 14401 14381 14378 14365 14355 14338 14314 14285 14307 14304 14284 14268
14468 14483 14479 14453 14435 14424 14434 14445 14447 14427 14397 14364 14354 14327 14279 14263 14264 14258 14253 14237 14224
14488 14495 14472 14437 14439 14431 14431 14437 14421 14400 14368 14370 14374 14441 14280 14268 14240 14221 14207 14327 14244
14499 14493 14446 14446 14448 14439 14428 14415 14394 14375 14387 14382 14356 14311 14290 14275 14211 14295 14309 14244 14260
