inst/extdata/modis/lst/modgrid/Lat43.00075Lon-78.78820Start2001-01-01End2013-12-31___MOD11A2/GRID_Lat43.00075Lon-78.78820Start2001-01-01End2013-12-31___MOD11A2_LST_Day_1km_A2007241.asc
ncols		 21
nrows		 21
xllcorner	 -6416881.12
yllcorner	 4772121.02
cellsize	 926.625433055834
NODATA_value	 0
15331 15362 15369 15343 15313 15294 15257 15251 15243 15219 15208 15242 15250 15232 15217 15068 15084 15103 15121 15105 15064
15158 15213 15208 15202 15126 15120 15110 15102 15169 15167 15131 15149 15153 15139 15099 15084 15093 15120 15102 15069 15036
14910 14932 14916 14961 14944 14964 14989 15003 15003 15040 15072 15105 15147 15157 15148 15105 15111 15147 15035 15014 15012
14861 14867 14866 14875 14923 14894 14919 14974 15052 15094 15098 15138 15162 15163 15132 15103 15061 15013 15022 15004 15010
14966 14984 14985 14944 14954 14924 14881 14950 15089 15152 15172 15162 15139 15117 15113 15088 15008 14967 14951 14995 15007
15098 15105 15084 15077 14936 14893 14919 15021 15153 15203 15142 15096 15156 15130 15140 15117 15002 14937 14991 15027 15066
15138 15224 15222 15068 14962 14952 14979 15231 15273 15228 15103 15155 15208 15244 15222 15099 14983 15027 15054 15068 15070
15067 15071 15061 15031 15013 15017 15188 15262 15256 15186 15165 15186 15225 15238 15161 15111 15141 15140 15161 15089 15067
15042 15066 15081 15060 15063 15192 15260 15260 15223 15212 15245 15254 15239 15218 15211 15226 15205 15195 15191 15171 15171
15008 15092 15148 15208 15248 15288 15286 15264 15269 15304 15318 15302 15283 15272 15278 15259 15199 15137 15158 15179 15193
15116 15180 15296 15331 15347 15358 15353 15374 15342 15351 15328 15324 15293 15265 15274 15263 15220 15211 15223 15257 15244
15211 15297 15336 15362 15366 15396 15413 15382 15391 15364 15360 15363 15349 15324 15317 15301 15287 15271 15321 15323 15186
15339 15359 15368 15366 15392 15405 15430 15455 15425 15397 15383 15374 15331 15333 15318 15283 15275 15333 15340 15178 15130
15400 15401 15396 15394 15399 15396 15411 15378 15355 15341 15325 15291 15286 15315 15282 15266 15321 15325 15235 15206 15190
15402 15379 15377 15401 15377 15377 15338 15314 15309 15298 15281 15286 15315 15316 15314 15323 15323 15272 15233 15221 15109
15395 15383 15384 15351 15341 15300 15286 15291 15287 15289 15263 15258 15285 15354 15337 15358 15333 15269 15220 15080 15058
15388 15376 15340 15344 15318 15293 15295 15294 15297 15287 15268 15270 15345 15307 15301 15283 15262 15207 15111 15112 15113
15367 15366 15380 15368 15347 15341 15308 15303 15306 15305 15283 15293 15261 15201 15161 15151 15113 15087 15118 15128 15171
15370 15386 15370 15363 15358 15349 15342 15361 15367 15362 15336 15294 15226 15183 15123 15064 15033 15068 15092 15083 15118
15375 15369 15361 15354 15348 15346 15361 15370 15338 15320 15292 15287 15284 15250 15172 15090 15072 15103 15113 15087 15069
15375 15363 15353 15352 15352 15380 15392 15354 15325 15303 15304 15313 15282 15216 15131 15135 15108 15073 15062 15074 15027
