inst/extdata/modis/lst/modgrid/Lat43.00075Lon-78.78820Start2001-01-01End2013-12-31___MOD11A2/GRID_Lat43.00075Lon-78.78820Start2001-01-01End2013-12-31___MOD11A2_LST_Day_1km_A2013145.asc
ncols		 21
nrows		 21
xllcorner	 -6416881.12
yllcorner	 4772121.02
cellsize	 926.625433055834
NODATA_value	 0
15054 15058 15087 15122 15129 15100 15072 15064 15050 15015 14993 15000 14978 14941 14904 14862 14862 14914 14883 14860 14854
14833 14934 14947 14988 14955 14950 14931 14913 14919 14915 14949 14971 14971 14966 14926 14926 14917 14866 14831 14840 14840
14361 14458 14486 14652 14603 14615 14638 14668 14824 14870 14902 14945 14974 14985 15064 14928 14890 14836 14818 14817 14827
14392 14414 14415 14474 14499 14489 14502 14702 14823 14926 14969 14988 15009 15121 15068 14907 14850 14822 14780 14805 14833
14637 14659 14681 14628 14565 14561 14542 14610 14816 14892 14910 15046 15008 15068 15031 14986 14928 14842 14850 14910 14866
14844 14881 14852 14819 14664 14593 14553 14713 14864 14910 15009 14958 14952 14960 15063 15008 14876 14747 14806 14866 14882
14889 14889 14905 14757 14689 14655 14669 14829 14887 14994 14939 14925 15013 15063 15115 14872 14823 14848 14886 14907 14903
14859 14850 14839 14841 14825 14815 14938 15052 15037 14967 14935 14991 15052 15049 14982 14912 15003 15014 15029 14940 14972
14713 14734 14760 14769 14775 14847 14949 15086 15048 14993 15002 15037 15024 15005 14990 15013 15008 14990 14972 14950 14952
14691 14710 14756 14839 14942 14988 15105 15071 15065 15087 15086 15148 15151 15173 15169 15147 15006 14951 14945 14959 14962
14693 14785 14902 14964 15010 15136 15121 15139 15180 15167 15092 15079 15073 15135 15153 15035 15011 15010 15015 15013 15089
14938 15004 14940 14982 15135 15165 15190 15217 15219 15180 15096 15087 15038 15156 15087 15115 15095 15070 15090 15168 15082
15026 15092 15125 15146 15188 15210 15242 15257 15200 15150 15097 15040 15062 15082 15104 15096 15069 15114 15210 15114 14934
15129 15158 15176 15194 15199 15231 15253 15207 15168 15102 15054 15040 15085 15099 15176 15147 15120 15095 15113 15048 14931
15177 15179 15178 15185 15205 15205 15164 15134 15095 15064 15037 15027 15079 15050 15047 15113 15131 15051 14979 15050 14979
15249 15188 15190 15197 15190 15144 15109 15103 15092 15070 15064 15082 15088 15111 15123 15142 15081 15122 15030 14854 14821
15313 15292 15203 15196 15161 15120 15119 15116 15099 15093 15073 15053 15040 15050 15085 15020 15072 15030 14978 14940 14840
15170 15177 15225 15193 15160 15143 15150 15137 15129 15119 15061 15016 14986 14973 14944 15022 14996 14912 14906 14898 14853
15173 15199 15193 15166 15127 15132 15132 15149 15160 15136 15098 15046 14999 14957 15041 14972 14864 14918 14868 14861 14757
15205 15207 15171 15100 15101 15129 15157 15188 15188 15165 15103 15079 15060 15024 14943 14827 14817 14855 14879 14817 14785
15219 15204 15164 15145 15152 15210 15229 15204 15179 15139 15133 15123 15144 15063 14990 14841 14854 14852 14770 14758 14733
