inst/extdata/modis/lst/modgrid/Lat43.00075Lon-78.78820Start2001-01-01End2013-12-31___MOD11A2/GRID_Lat43.00075Lon-78.78820Start2001-01-01End2013-12-31___MOD11A2_LST_Day_1km_A2004297.asc
ncols		 21
nrows		 21
xllcorner	 -6416881.12
yllcorner	 4772121.02
cellsize	 926.625433055834
NODATA_value	 0
14238 14273 14275 14275 14281 14286 14368 14373 14376 14368 14371 14383 14383 14381 14373 14366 14359 14362 14358 14355 14357
14273 14275 14275 14281 14286 14282 14282 14361 14359 14368 14383 14383 14377 14367 14364 14355 14355 14329 14330 14355 14346
14276 14276 14282 14286 14283 14282 14300 14340 14350 14373 14378 14370 14363 14360 14349 14317 14323 14328 14333 14345 14275
14282 14290 14298 14298 14297 14296 14296 14301 14325 14367 14367 14366 14361 14320 14315 14312 14324 14332 14339 14346 14267
14305 14306 14313 14308 14297 14297 14301 14336 14367 14369 14370 14365 14324 14319 14325 14333 14332 14329 14337 14260 14262
14314 14350 14360 14387 14384 14379 14373 14370 14366 14366 14366 14344 14351 14369 14374 14361 14333 14335 14225 14250 14265
14361 14374 14383 14381 14378 14377 14382 14378 14378 14378 14375 14380 14388 14387 14385 14360 14352 14344 14227 14238 14238
14386 14384 14383 14381 14389 14397 14380 14381 14382 14385 14395 14398 14394 14391 14383 14375 14366 14363 14359 14251 14248
14397 14396 14395 14398 14400 14380 14377 14375 14379 14385 14391 14391 14388 14371 14376 14383 14381 14377 14263 14255 14267
14408 14416 14398 14393 14392 14386 14413 14400 14403 14402 14401 14396 14374 14371 14373 14371 14370 14362 14253 14253 14250
14414 14399 14398 14409 14423 14417 14405 14407 14406 14406 14403 14384 14379 14377 14375 14374 14367 14257 14262 14266 14261
14421 14456 14457 14456 14461 14453 14397 14396 14401 14401 14390 14384 14380 14379 14377 14370 14261 14268 14273 14273 14264
14459 14460 14449 14447 14430 14414 14402 14403 14402 14392 14385 14381 14379 14378 14373 14372 14372 14369 14280 14273 14260
14441 14433 14433 14429 14421 14414 14407 14401 14394 14390 14388 14373 14371 14366 14370 14371 14272 14276 14273 14262 14256
14439 14435 14426 14417 14409 14407 14402 14395 14391 14387 14372 14369 14362 14365 14367 14275 14272 14266 14255 14255 14253
14435 14425 14432 14429 14423 14423 14418 14413 14408 14394 14392 14385 14380 14377 14280 14280 14260 14268 14252 14248 14242
14428 14436 14436 14431 14431 14426 14419 14413 14402 14399 14393 14388 14385 14373 14281 14254 14248 14240 14235 14244 14237
14428 14451 14453 14432 14430 14421 14409 14405 14401 14386 14387 14388 14374 14261 14248 14235 14237 14238 14243 14239 14238
14436 14437 14424 14424 14416 14404 14402 14400 14385 14385 14386 14374 14258 14256 14236 14231 14235 14237 14247 14246 14249
14434 14428 14424 14417 14405 14395 14389 14387 14387 14386 14379 14276 14271 14251 14241 14242 14241 14245 14249 14252 14271
14438 14430 14422 14416 14403 14392 14391 14390 14387 14380 14277 14281 14273 14253 14244 14244 14245 14253 14257 14264 14267
