inst/extdata/modis/lst/modgrid/Lat43.00075Lon-78.78820Start2001-01-01End2013-12-31___MOD11A2/GRID_Lat43.00075Lon-78.78820Start2001-01-01End2013-12-31___MOD11A2_LST_Day_1km_A2003257.asc
ncols		 21
nrows		 21
xllcorner	 -6416881.12
yllcorner	 4772121.02
cellsize	 926.625433055834
NODATA_value	 0
14990 15032 15046 15030 15071 14918 14888 14890 14910 14896 14887 14959 14979 14963 14930 14899 14851 14811 14799 14944 14792
14767 14797 14796 14803 14819 14838 14854 14836 14846 14892 14903 14919 14960 14962 14946 14855 14821 14817 14877 14778 14779
14701 14701 14701 14721 14790 14867 14868 14852 14805 14856 14847 14895 14925 14921 14923 14884 14839 14850 14847 14852 14857
14640 14608 14635 14737 14744 14726 14763 14771 14871 14903 14894 14922 14914 14910 14894 14826 14846 14816 14809 14834 14833
14667 14727 14818 14788 14772 14742 14757 14821 14905 14965 14980 14967 14916 14902 14917 14859 14751 14739 14735 14883 14940
14843 14857 14843 14826 14726 14700 14747 14885 14937 14911 14873 14861 14898 14969 14917 14801 14745 14725 14854 14884 14910
14819 14846 14838 14792 14736 14759 14802 14826 14910 14875 14846 14893 14990 14946 14868 14795 14771 14911 14942 14915 14910
14816 14836 14823 14802 14802 14822 14851 15014 14980 14860 14801 14821 14879 14867 14832 14817 14940 14961 14973 14994 14947
14788 14819 14854 14837 14830 14861 14984 14984 14871 14793 14824 14850 14930 14921 14986 14970 14977 14993 15001 14983 14969
14769 14882 14916 14924 14965 14988 15042 15013 14821 14832 14936 14934 14951 14922 14911 14911 14915 14883 14872 14934 14940
14868 14928 14956 14995 15006 15038 15049 15049 14927 14949 14926 14981 14876 14880 14925 14933 14903 14887 14873 14894 14866
14947 14978 15017 15022 15009 15007 15105 15164 15154 15023 14961 14950 14944 14922 14934 14910 14906 14903 14919 14896 14857
15033 15053 15046 15023 15021 15025 15112 15038 15013 14949 14956 14932 14941 14950 14933 14945 14900 14923 14922 14881 14793
15082 15084 15065 14999 15011 15082 15013 14996 14977 14946 14931 14923 14941 14953 14953 14931 14913 14916 14870 14815 14777
15113 15079 15057 15059 15062 15058 15024 14942 14970 14972 14973 14964 14929 15018 15007 15020 15028 14976 14903 14920 14877
15109 15080 15066 15070 15046 15004 14982 14974 14972 15009 15008 14992 15016 15046 15033 15005 14967 14899 14891 14832 14796
15008 14991 15067 15059 15036 15002 14999 15004 15017 15018 14925 14925 14924 14911 14914 14897 14863 14798 14762 14851 14843
14994 15077 15088 15079 15048 15057 15049 15040 15039 14962 14945 14896 14863 14864 14816 14781 14768 14764 14755 14753 14750
15084 15098 15106 15114 15077 15064 15047 15054 15080 15074 15034 15003 14993 14851 14786 14732 14708 14690 14749 14758 14743
15096 15130 15081 15066 15057 15051 15073 15083 15101 15070 15048 15038 15020 14977 14887 14855 14855 14861 14876 14849 14846
15138 15098 15078 15066 15065 15105 15125 15141 15058 15034 15072 15070 15046 14866 14808 14801 14814 14805 14807 14817 14816
