inst/extdata/modis/lst/modgrid/Lat43.00075Lon-78.78820Start2001-01-01End2013-12-31___MOD11A2/GRID_Lat43.00075Lon-78.78820Start2001-01-01End2013-12-31___MOD11A2_LST_Day_1km_A2004225.asc
ncols		 21
nrows		 21
xllcorner	 -6416881.12
yllcorner	 4772121.02
cellsize	 926.625433055834
NODATA_value	 0
15128 15090 15089 15073 15051 15027 15008 15005 14971 14948 14938 14949 14937 14925 14905 14876 14850 14872 14861 14901 14873
14869 14948 14940 14960 14934 14939 14941 14900 14890 14879 14898 14903 14981 14983 14908 14879 14871 14847 14847 14836 14827
14777 14783 14803 14776 14773 14781 14779 14805 14870 14866 14874 14971 14985 14924 14904 14879 14842 14840 14832 14826 14829
14695 14723 14699 14695 14797 14653 14758 14884 14900 14964 14980 15007 15027 15011 14887 14853 14788 14826 14815 14819 14823
14749 14733 14710 14756 14690 14810 14818 14851 14978 15039 15050 14974 14947 14918 14896 14825 14793 14808 14812 14819 14826
14831 14827 14813 14886 14856 14828 14825 14979 15056 14988 14963 14929 14924 14944 14950 14836 14851 14847 14845 14777 14794
14950 14953 14946 14901 14879 14884 14953 15045 14998 14983 14948 14935 14957 14976 14959 14915 14889 14888 14896 14807 14860
14914 14920 14909 14901 14924 14944 15026 14995 14989 14958 14942 14958 14992 14992 14951 14930 14928 14939 14853 14869 14961
14903 14909 14920 14953 14967 15050 15005 14994 14970 14957 15040 15005 14987 14981 14983 14976 15021 14871 14866 14934 14938
14908 14923 14947 15012 15089 15109 15100 15083 15080 15098 15111 15006 14995 15005 15009 15052 14954 14941 14945 14946 14998
14930 14974 15051 15110 15123 15118 15121 15126 15162 15165 15114 15081 15070 15051 15060 14984 14969 14962 14970 15070 14962
14983 15058 15110 15126 15131 15169 15181 15210 15209 15159 15117 15111 15070 15095 15099 15100 15052 15059 15075 15040 14969
15103 15136 15145 15153 15173 15187 15224 15233 15199 15158 15133 15093 15097 15047 15051 15053 15064 15086 15090 15047 14969
15179 15190 15193 15187 15192 15203 15213 15181 15158 15135 15102 15031 15033 15050 15042 15046 15067 15063 15038 14994 14980
15215 15204 15184 15182 15191 15183 15136 15113 15100 15094 15080 15020 15038 15038 15051 15066 15060 15062 14992 14951 14927
15241 15208 15188 15192 15172 15125 15103 15093 15093 15094 15102 15087 15100 15111 15115 15111 15094 15004 14947 14906 14901
15236 15166 15164 15139 15098 15078 15089 15089 15094 15114 15097 15087 15082 15078 15073 15063 14989 14961 14942 14936 14921
15160 15168 15172 15166 15138 15121 15113 15115 15154 15152 15124 15081 15048 15034 15004 14925 14911 14912 14925 14951 14889
15165 15193 15191 15162 15136 15139 15135 15176 15188 15188 15149 15090 15065 15011 14902 14876 14862 14905 14890 14839 14841
15191 15194 15175 15142 15139 15134 15191 15209 15214 15179 15133 15121 15076 14995 14923 14877 14899 14901 14880 14905 14883
15202 15185 15163 15155 15152 15221 15191 15190 15156 15136 15128 15080 15027 14983 14923 14921 14926 14886 14876 14871 14852
