inst/extdata/modis/lst/modgrid/Lat43.00075Lon-78.78820Start2001-01-01End2013-12-31___MOD11A2/GRID_Lat43.00075Lon-78.78820Start2001-01-01End2013-12-31___MOD11A2_LST_Day_1km_A2009185.asc
ncols		 21
nrows		 21
xllcorner	 -6416881.12
yllcorner	 4772121.02
cellsize	 926.625433055834
NODATA_value	 0
14799 14727 14733 14747 14748 14788 14846 14821 14825 14704 14838 14849 14850 14694 14742 14723 14671 14706 14675 14650 14581
14595 14695 14724 14752 14762 14773 14764 14826 14796 14791 14789 14787 14770 14723 14727 14727 14688 14606 14659 14661 14796
14578 14584 14603 14652 14666 14637 14662 14706 14750 14756 14759 14770 14792 14753 14744 14703 14699 14723 14726 14795 14708
14591 14587 14587 14630 14620 14620 14658 14691 14773 14781 14844 14961 14903 14905 14859 14826 14726 14695 14644 14686 14642
14686 14713 14726 14721 14628 14616 14600 14751 14821 14895 14942 14940 14945 14924 14881 14680 14670 14546 14643 14634 14697
14763 14781 14793 14776 14684 14611 14646 14724 14890 15008 14928 14783 14733 14852 14879 14744 14672 14658 14654 14723 14799
14808 14811 14820 14793 14722 14646 14723 14892 15009 14939 14854 14786 14859 14879 14822 14762 14725 14670 14778 14835 14825
14774 14750 14747 14718 14742 14758 14868 14932 14989 14956 14847 14855 14882 14866 14779 14745 14784 14796 14861 14845 14769
14684 14703 14762 14704 14711 14812 14910 14971 14960 14889 14971 14981 14844 14816 14852 14853 14829 14832 14870 14896 14940
14753 14957 14688 14783 14813 14917 14600 14600 14839 14998 15013 14896 14983 14877 14893 14816 14814 14799 15001 15038 15045
14765 14727 14809 14920 15267 15256 14903 14834 14994 15001 15003 15006 15015 15000 14913 14872 14901 15104 15109 15110 14905
14910 14821 14920 15212 15199 14928 14921 14871 15004 15069 15079 15109 14980 14978 14975 15044 15052 15129 15174 14978 14934
14938 15238 15290 15247 14955 15110 15452 15455 15370 15057 14956 14895 15003 15006 15059 15056 15152 15199 15004 14960 14908
15247 15324 15337 15081 15082 15379 15456 15095 15033 15004 14995 14925 14927 15154 15181 15165 15202 14998 14963 14927 14823
15314 15315 15325 15292 15290 15194 15168 14975 14937 14939 14920 14927 15132 15153 15159 15195 15206 15185 14892 14881 14837
15266 15296 15288 15256 15199 15153 15121 15043 14941 14951 15048 15079 15129 15153 15175 15227 15205 15088 15043 14959 14929
15301 15288 15283 15265 15232 15194 15158 15137 15172 15177 15221 15196 15151 15131 15177 15158 15107 15083 15032 14974 14944
15313 15316 15327 15306 15242 15237 15231 15187 15207 15244 15119 15044 15001 14977 15048 15014 15003 14992 14987 14852 14807
15326 15350 15357 15308 15289 15273 15289 15321 15323 15179 15124 15067 14974 15046 14970 14928 14908 14951 14830 14793 14794
15374 15375 15291 15088 15092 15287 15297 15330 15210 15160 15129 15232 15200 15175 15077 15015 14850 14858 14886 14895 14839
15382 15329 15108 15036 15090 15103 15118 15311 15275 15258 15266 15266 15202 15056 15012 14977 14879 14875 14860 14804 14784
