inst/extdata/modis/lst/modgrid/Lat43.00075Lon-78.78820Start2001-01-01End2013-12-31___MOD11A2/GRID_Lat43.00075Lon-78.78820Start2001-01-01End2013-12-31___MOD11A2_LST_Day_1km_A2012145.asc
ncols		 21
nrows		 21
xllcorner	 -6416881.12
yllcorner	 4772121.02
cellsize	 926.625433055834
NODATA_value	 0
15384 15405 15424 15419 15411 15372 15306 15069 15039 15230 15079 14959 14962 14999 15084 15003 14931 14891 14880 14848 14846
15023 15213 15269 15249 15006 14991 14966 14964 14942 15114 15201 15230 15137 15128 14942 14889 14948 14878 14911 14980 14986
14692 14729 14765 14926 14819 14840 14861 14884 15058 15055 15113 15069 15084 14930 14913 14970 14929 14933 14975 14984 14894
14709 14728 14719 14684 14813 14708 14690 14812 14866 14978 15161 15107 15106 15233 15197 14999 14978 14948 14946 14893 14867
14861 14868 15008 14787 14739 14791 14640 14729 14818 15035 15259 15287 15255 15035 14964 14989 14924 14903 14938 14983 14931
15107 15060 15059 14957 14777 14829 14740 14798 15007 15296 15259 15194 15067 15075 15212 14947 14913 14902 14942 15036 14992
15248 15157 15046 14974 14878 14867 14833 15115 15086 15096 15205 14985 15020 15040 14979 15005 14953 14968 15047 15047 15021
15020 15171 15026 15001 14955 14939 15106 15051 15076 15215 14953 14976 14946 15028 15058 15023 15021 15155 15186 15078 14979
14930 15083 15129 15039 14993 15028 15136 15159 14880 14922 14953 15080 15111 15096 15097 15191 15151 15154 15150 15139 15046
14977 14920 14977 15073 15271 15197 15112 14912 14980 15038 15241 15108 15112 15125 15290 15210 15106 15038 15096 15145 15157
15035 15106 15313 15308 15150 15077 15044 15003 15129 15181 15166 15134 15156 15172 15201 15141 15102 15074 15186 15133 15111
15220 15271 15319 15146 15146 15122 15002 0 15149 15086 15075 15195 15206 15211 15237 15213 15146 15304 15266 15237 15165
15265 15295 15235 15235 15067 15067 15067 0 0 0 15352 15357 15219 15224 15105 14999 15151 15269 15260 15041 15004
15209 0 0 15065 15065 15066 0 0 0 15344 15330 15293 15232 0 14970 15094 15178 15186 15112 15067 15055
15297 15297 15065 15065 0 0 0 0 0 15264 15255 15239 15175 15128 15122 15089 15148 15133 15101 15043 14937
15297 15070 15070 0 0 0 0 15355 15310 15193 15189 15166 15164 15141 15174 15282 15242 15209 15135 15053 14981
15070 15070 0 0 0 0 15355 15357 15199 15220 15197 15184 15131 15191 15077 15141 15082 15135 14972 14929 14955
15371 15386 15496 15434 15427 0 15381 15223 15253 15363 15312 15242 15244 15108 15063 15007 14863 14902 14927 14984 15032
15416 15498 15433 15435 15370 15372 15407 15444 15416 15355 15280 15262 15096 15044 15003 14912 14900 14929 14972 14976 15072
15543 15501 15468 15366 15336 15423 15454 15475 15402 15356 15318 15318 15228 15166 15089 14930 14920 14991 14965 14930 14894
15499 15490 15407 15342 15332 15483 15498 15480 15390 15267 15274 15296 15232 15117 15034 15017 15051 15074 14944 14955 15065
