inst/extdata/modis/lst/modgrid/Lat43.00075Lon-78.78820Start2001-01-01End2013-12-31___MOD11A2/GRID_Lat43.00075Lon-78.78820Start2001-01-01End2013-12-31___MOD11A2_LST_Day_1km_A2005313.asc
ncols		 21
nrows		 21
xllcorner	 -6416881.12
yllcorner	 4772121.02
cellsize	 926.625433055834
NODATA_value	 0
14076 0 13979 14099 14104 14142 14145 14136 14128 14138 14142 14171 14259 14271 14285 14260 14206 14158 14013 14139 14158
14026 14001 13978 13979 14128 14131 14120 14120 14131 14142 14178 14196 14199 14201 14192 14160 14152 14136 14138 14156 14074
14078 14099 14105 14114 14114 14117 14049 14053 14001 14024 14193 14199 14200 14199 14120 0 0 0 14081 14081 14233
14095 14106 14126 14124 14148 14071 14069 14016 14034 14201 14218 14215 14215 14120 0 0 0 0 0 0 0
14119 14148 14056 14073 14073 14158 14163 14197 14206 14224 14174 14169 14262 14262 0 0 0 0 0 0 0
14161 14075 14095 14103 14060 14061 14206 14212 14240 14255 14245 14229 14216 14170 14178 14206 14208 14207 14203 0 0
14174 14117 14096 14068 14072 14212 14219 14256 14270 14280 14268 14247 14170 14179 14207 14089 14089 14086 14142 14050 14042
14189 14062 14056 14065 14208 14218 14249 14185 14285 14272 14255 14169 14179 14190 14081 14082 14117 14126 14134 14151 14154
14101 14180 14200 14214 14221 14245 14249 14271 14277 14280 14216 14176 14178 14074 14074 14145 14126 14134 14150 14159 14167
14185 14214 14233 14242 14258 14088 14094 14098 14279 14212 14212 14207 14204 14202 14191 14183 14147 14168 14171 14169 14200
14190 14208 14230 14255 14088 14092 14093 14212 14212 14213 14212 14211 14211 14202 14115 14129 14138 14259 14289 14291 14294
14181 14209 14233 14287 0 0 0 0 0 14323 14268 14210 14205 14206 14225 14140 14146 14296 14312 14338 14327
14164 14242 14249 14206 14186 14171 14171 14179 14108 14163 14277 14215 14215 14235 14239 14162 14308 14339 14356 14336 14305
14242 14264 14300 14290 14171 14171 14179 14109 14109 14292 14271 14271 14229 14231 14251 14258 14281 14296 14290 14264 14245
14300 14300 14290 14171 14171 14179 14262 14262 14281 14271 14161 14090 14224 14243 14249 14252 14219 14219 14265 14236 14234
14145 14395 14396 14396 0 0 0 14316 14307 14147 14032 14226 14221 14222 14255 14273 14273 14172 14230 14230 14228
14391 14394 14396 14297 14296 14296 14283 14290 14290 14243 14228 14227 14225 14254 14268 14270 14170 14145 14145 14218 14292
14346 14363 14186 14188 14094 14090 14262 14262 14243 14218 14237 14238 14250 14280 14246 14167 14250 14252 14223 14223 14226
14342 14195 14194 14099 14087 14073 14065 14242 14218 14217 14239 14259 14263 14263 14287 14277 14258 14219 14221 14222 14208
14196 14195 14089 14074 14075 14064 14059 14237 0 14246 14246 14246 14242 14218 14209 14204 14252 14249 14219 14215 14215
14291 14291 14069 14064 14065 14059 14238 14238 14239 14245 14246 14243 14222 14212 14207 14253 14253 14225 14291 14309 14339
