inst/extdata/modis/lst/modgrid/Lat43.00075Lon-78.78820Start2001-01-01End2013-12-31___MOD11A2/GRID_Lat43.00075Lon-78.78820Start2001-01-01End2013-12-31___MOD11A2_LST_Day_1km_A2012185.asc
ncols		 21
nrows		 21
xllcorner	 -6416881.12
yllcorner	 4772121.02
cellsize	 926.625433055834
NODATA_value	 0
15520 15511 15476 15494 15493 15511 15450 15425 15402 15417 15420 15472 15447 15208 15163 15101 15152 15255 15273 15204 15086
15226 15322 15384 15389 15423 15416 15089 15162 15214 15203 15226 15208 15225 15231 15167 15233 15244 15249 15215 15171 15043
14901 14918 14923 15082 14947 14951 14976 15024 15109 15127 15158 15174 15256 15278 15322 15312 15259 15196 15127 15060 15065
14861 14958 14913 14895 14896 14853 14894 14994 15064 15111 15172 15271 15295 15347 15218 15176 15127 15073 15037 15130 15103
15060 15041 15097 15023 14920 14991 14922 14991 15090 15395 15373 15336 15338 15257 15250 15184 15124 15047 15067 15132 15172
15203 15225 15191 15117 15005 14949 14961 15060 15475 15413 15338 15252 15208 15236 15262 15164 15063 14977 15115 15184 15142
15254 15274 15252 15110 15033 15031 15136 15288 15422 15352 15238 15184 15206 15295 15238 15089 15006 15130 15118 15140 15197
15212 15226 15119 15104 15104 15177 15240 15417 15480 15357 15282 15304 15331 15323 15224 15134 15147 15144 15226 15142 15104
15144 15124 15212 15209 15215 15256 15487 15486 15372 15331 15313 15321 15308 15361 15323 15323 15323 15207 15190 15177 15173
15085 15103 15219 15285 15327 15539 15515 15495 15437 15450 15460 15448 15440 15441 15446 15407 15213 15153 15181 15198 15217
15159 15262 15366 15603 15566 15516 15510 15487 15506 15547 15522 15503 15433 15388 15370 15334 15210 15274 15304 15333 15364
15300 15320 15451 15520 15519 15518 15536 15544 15575 15552 15538 15510 15429 15391 15387 15403 15388 15382 15425 15442 15350
15483 15502 15517 15495 15507 15507 15597 15855 15705 15547 15523 15485 15423 15440 15424 15374 15379 15452 15447 15368 15278
15500 15517 15499 15484 15485 15574 15629 15613 15532 15458 15427 15390 15382 15427 15407 15412 15465 15447 15418 15332 15265
15626 15559 15471 15470 15463 15559 15554 15481 15346 15339 15370 15393 15441 15444 15454 15463 15468 15428 15372 15296 15242
15618 15512 15518 15515 15541 15464 15455 15348 15351 15364 15356 15370 15464 15490 15469 15520 15446 15408 15289 15213 15160
15618 15598 15584 15582 15478 15448 15446 15355 15387 15374 15387 15449 15464 15454 15437 15334 15314 15298 15284 15187 15174
15590 15635 15674 15516 15475 15353 15374 15509 15535 15504 15436 15410 15393 15368 15221 15163 15123 15109 15145 15196 15093
15614 15651 15655 15589 15448 15437 15534 15581 15611 15496 15441 15393 15375 15194 15136 15107 15086 15095 15169 15089 15084
15630 15669 15627 15529 15500 15554 15594 15627 15570 15428 15395 15435 15410 15275 15198 15155 15153 15181 15207 15155 15159
15640 15669 15586 15542 15573 15603 15614 15624 15499 15428 15461 15442 15415 15323 15268 15240 15185 15156 15160 15192 15189
