inst/extdata/modis/lst/modgrid/Lat43.00075Lon-78.78820Start2001-01-01End2013-12-31___MOD11A2/GRID_Lat43.00075Lon-78.78820Start2001-01-01End2013-12-31___MOD11A2_LST_Day_1km_A2006329.asc
ncols		 21
nrows		 21
xllcorner	 -6416881.12
yllcorner	 4772121.02
cellsize	 926.625433055834
NODATA_value	 0
14213 14228 14230 14225 14243 14238 14226 14219 14219 14209 14204 14212 14216 14229 14215 14179 14157 14164 14169 14164 14311
14170 14186 14185 14186 14192 14209 14216 14214 14189 14190 14219 14236 14218 14211 14197 14182 14161 14178 14311 14313 14334
14104 14131 14136 14134 14147 14139 14169 14171 14163 14182 14185 14192 14208 14209 14190 14166 14158 14311 14312 14313 14317
14120 14126 14121 14121 14122 14143 14156 14171 14226 14234 14220 14221 14225 14333 14314 14308 14184 14174 14325 14329 14338
14157 14182 14180 14150 14146 14142 14155 14189 14227 14238 14239 14225 14318 14320 14322 14349 14339 14335 14337 14341 14345
14193 14200 14186 14173 14169 14141 14160 14199 14243 14251 14214 14312 14322 14348 14386 14386 14350 14341 14342 14346 14345
14195 14196 14194 14193 14196 14199 14195 14239 14366 14362 14336 14342 14366 14393 14399 14374 14364 14364 14358 14350 14351
14193 14193 14199 14203 14208 14210 14219 14368 14369 14370 14368 14372 14379 14376 14370 14381 14389 14385 14382 14377 14377
14199 14210 14225 14266 14276 14324 14334 14345 14365 14380 14385 14386 14378 14376 14391 14396 14400 14406 14401 14400 14405
14238 14221 14271 14294 14346 14355 14352 14360 14390 14399 14405 14407 14405 14402 14413 14416 14419 14413 14412 14405 14370
14216 14245 14313 14350 14350 14355 14363 14397 14409 14412 14411 14402 14394 14405 14422 14435 14428 14433 14434 14429 14417
14248 14266 14256 14332 14356 14379 14413 14423 14431 14417 14403 14400 14413 14431 14445 14445 14448 14450 14461 14448 14427
14248 14251 14319 14353 14389 14420 14424 14431 14429 14418 14429 14427 14437 14450 14445 14449 14447 14464 14461 14437 14404
14253 14271 14381 14387 14415 14423 14427 14435 14434 14439 14445 14437 14326 14335 14454 14447 14459 14461 14337 14339 14334
14278 14288 14289 14298 14427 14428 14432 14440 14445 14444 14443 14329 14342 14337 14339 14345 14473 14343 14343 14338 14320
14305 14312 14314 14163 14288 14427 14434 14445 14451 14325 14331 14333 14333 14344 14348 14363 14358 14322 14299 14306 14314
14341 14434 14286 14288 14433 14436 14450 14315 14324 14321 14321 14328 14335 14333 14354 14345 14302 14258 14285 14318 14315
14293 14430 14446 14456 14456 14452 14317 14319 14318 14318 14320 14327 14322 14329 14335 14315 14282 14298 14328 14329 14304
14310 14324 14337 14334 14318 14326 14339 14347 14331 14324 14332 14333 14342 14342 14317 14307 14305 14320 14326 14300 14314
14344 14356 14347 14320 14327 14344 14344 14353 14354 14363 14368 14372 14370 14333 14317 14313 14320 14316 14301 14318 14406
14370 14372 14355 14356 14366 14363 14371 14376 14380 14373 14367 14367 14363 14331 14322 14307 14297 14296 14300 14311 14415
