inst/extdata/modis/lst/modgrid/Lat43.00075Lon-78.78820Start2001-01-01End2013-12-31___MOD11A2/GRID_Lat43.00075Lon-78.78820Start2001-01-01End2013-12-31___MOD11A2_LST_Day_1km_A2008353.asc
ncols		 21
nrows		 21
xllcorner	 -6416881.12
yllcorner	 4772121.02
cellsize	 926.625433055834
NODATA_value	 0
13623 13616 13611 13614 13625 13622 13619 13619 13616 13617 13616 13612 13590 13591 13589 13592 13594 13597 13588 13585 13590
13658 13643 13611 13619 13622 13615 13613 13605 13608 13619 13613 13596 13600 13606 13597 13600 13596 13589 13582 13592 13593
13705 13703 13694 13676 13653 13637 13618 13598 13599 13599 13592 13601 13605 13589 13599 13594 13590 13580 13585 13584 13582
13675 13644 13655 13663 13678 13709 13698 13628 13597 13597 13594 13596 13598 13599 13596 13591 13589 13626 13602 13580 13577
13610 13610 13608 13602 13611 13645 13657 13641 13627 13615 13622 13603 13599 13597 13595 13595 13590 13595 13580 13581 13586
13595 13597 13597 13622 13625 13635 13665 13652 13616 13620 13600 13591 13592 13598 13605 13594 13581 13577 13582 0 13579
13606 13599 13606 13608 13597 13622 13649 13632 13624 13610 13590 13591 13591 13602 13634 13609 13585 13601 13609 13600 13610
13594 13603 13598 13600 13649 13661 13620 13617 13617 13604 13591 13603 13599 13635 13639 13600 13602 13609 13612 13609 13600
13591 13588 13602 13618 13634 13631 13617 13611 13605 13611 13621 13617 13611 13607 13606 13608 13612 13617 13615 13608 13606
13600 13619 13621 13619 13622 13615 13605 13609 13626 13629 13627 13615 13623 13613 13609 13608 13611 13611 13606 13598 13591
13623 13599 13606 13606 13607 13601 13600 13610 13621 13625 13609 13616 13620 13610 13608 13610 13605 13593 13596 13608 13601
13592 13598 13603 13608 13615 13626 13629 13628 13625 13597 13599 13602 13607 13611 13623 13619 13618 13619 13626 13627 13611
13604 13616 13613 13622 13637 13642 13643 13639 13629 13616 13621 13611 13610 13619 13620 13616 13619 13629 13633 13620 13600
13614 13637 13638 13633 13637 13644 13645 13637 13628 13623 13612 13604 13613 13626 13605 13606 13616 13607 13589 13588 13588
13632 13629 13628 13632 13630 13631 13620 13616 13614 13606 13599 13604 13605 13602 13602 13608 13620 13604 13588 13586 13583
13646 13638 13636 13632 13628 13599 13594 13601 13603 13607 13603 13597 13599 13606 13604 13618 13601 13598 13597 13592 13593
13646 13634 13627 13619 13604 13599 13606 13599 13592 13595 13592 13587 13599 13592 13605 13588 13608 13611 13596 13581 13582
13632 13627 13636 13631 13614 13612 13610 13591 13596 13581 13575 13584 13590 13579 13582 13599 13626 13604 13589 13587 13587
13604 13597 13596 13586 13576 13567 13560 13568 13563 13563 13570 13555 13569 13582 13588 13639 13622 13600 13588 13583 13581
13590 13555 13533 13520 13530 13538 13555 13565 13564 13596 13597 13600 13605 13604 13602 13598 13590 13587 13582 13584 13591
13563 13557 13562 13576 13586 13600 13619 13651 13647 13631 13621 13631 13628 13615 13602 13590 13587 13590 13584 13578 13589
