inst/extdata/modis/lst/modgrid/Lat43.00075Lon-78.78820Start2001-01-01End2013-12-31___MOD11A2/GRID_Lat43.00075Lon-78.78820Start2001-01-01End2013-12-31___MOD11A2_LST_Day_1km_A2003121.asc
ncols		 21
nrows		 21
xllcorner	 -6416881.12
yllcorner	 4772121.02
cellsize	 926.625433055834
NODATA_value	 0
14722 14733 14732 14712 14718 14719 14716 14704 14695 14664 14662 14672 14678 14678 14659 14572 14559 14573 14578 14578 14632
14514 14569 14608 14637 14666 14683 14669 14664 14641 14643 14664 14693 14705 14707 14612 14587 14582 14586 14586 14630 14629
14156 14202 14212 14302 14194 14230 14408 14377 14468 14488 14508 14628 14666 14621 14610 14595 14586 14584 14615 14610 14621
14154 14203 14218 14237 14363 14219 14295 14424 14487 14523 14526 14684 14719 14705 14672 14629 14612 14592 14597 14614 14642
14430 14444 14436 14538 14324 14348 14321 14373 14466 14550 14713 14743 14728 14701 14660 14660 14620 14605 14607 14635 14643
14481 14486 14618 14603 14482 14450 14409 14428 14530 14727 14738 14703 14685 14702 14721 14669 14635 14614 14625 14640 14660
14665 14665 14664 14565 14536 14487 14457 14534 14742 14760 14721 14704 14718 14756 14720 14670 14639 14658 14669 14673 14668
14655 14663 14588 14587 14559 14495 14666 14738 14773 14741 14718 14739 14778 14791 14750 14725 14730 14732 14737 14723 14709
14652 14585 14601 14591 14535 14692 14752 14785 14763 14734 14759 14763 14769 14764 14762 14758 14752 14757 14761 14754 14746
14555 14541 14547 14593 14762 14785 14821 14809 14806 14852 14835 14822 14813 14811 14819 14811 14778 14749 14764 14773 14765
14567 14604 14638 14786 14795 14831 14831 14833 14858 14851 14838 14824 14800 14797 14807 14801 14789 14785 14787 14791 14755
14643 14665 14794 14804 14841 14860 14877 14880 14890 14865 14846 14835 14813 14841 14836 14829 14819 14808 14823 14796 14770
14782 14793 14812 14856 14871 14881 14887 14912 14883 14865 14855 14824 14836 14841 14843 14835 14824 14861 14824 14786 14738
14836 14880 14896 14893 14895 14901 14921 14887 14867 14853 14838 14810 14815 14831 14833 14814 14841 14819 14788 14753 14740
14906 14916 14901 14896 14895 14884 14861 14852 14845 14841 14810 14795 14820 14834 14802 14833 14839 14807 14769 14760 14683
14961 14936 14927 14927 14914 14855 14849 14848 14848 14834 14820 14822 14833 14838 14831 14845 14816 14776 14743 14673 14654
14958 14949 14946 14931 14877 14863 14861 14862 14840 14828 14819 14820 14824 14804 14816 14786 14728 14676 14670 14667 14661
14937 14939 14943 14924 14893 14885 14879 14853 14841 14828 14821 14813 14782 14774 14751 14719 14693 14667 14674 14668 14651
14935 14949 14948 14919 14889 14889 14872 14843 14840 14843 14835 14811 14787 14764 14729 14706 14673 14666 14675 14657 14650
14952 14949 14927 14887 14892 14879 14855 14857 14873 14861 14830 14818 14818 14776 14735 14691 14657 14666 14674 14675 14677
14965 14941 14906 14898 14901 14894 14903 14911 14902 14870 14855 14861 14840 14799 14742 14697 14674 14668 14673 14674 14665
