inst/extdata/modis/lst/modgrid/Lat43.00075Lon-78.78820Start2001-01-01End2013-12-31___MOD11A2/GRID_Lat43.00075Lon-78.78820Start2001-01-01End2013-12-31___MOD11A2_LST_Day_1km_A2002265.asc
ncols		 21
nrows		 21
xllcorner	 -6416881.12
yllcorner	 4772121.02
cellsize	 926.625433055834
NODATA_value	 0
14786 14847 14886 14926 14928 14926 14880 14880 14858 14851 14852 14851 14857 14851 14840 14816 14843 14862 14859 14852 14776
14761 14786 14836 14844 14806 14812 14807 14813 14822 14824 14825 14840 14844 14833 14813 14815 14860 14833 14842 14763 14753
14676 14714 14702 14723 14721 14714 14750 14766 14774 14778 14777 14757 14815 14812 14809 14812 14820 14758 14768 14752 14750
14675 14620 14629 14658 14721 14719 14735 14753 14774 14784 14748 14810 14834 14818 14774 14763 14741 14754 14738 14737 14742
14703 14695 14715 14735 14714 14717 14700 14712 14768 14796 14840 14841 14796 14770 14789 14767 14736 14701 14705 14732 14762
14755 14776 14775 14733 14727 14718 14689 14733 14851 14893 14862 14790 14820 14830 14778 14750 14697 14680 14717 14754 14745
14816 14827 14783 14754 14755 14795 14811 14841 14880 14874 14843 14851 14854 14877 14854 14784 14735 14712 14777 14718 14724
14811 14760 14744 14747 14796 14831 14874 14875 14835 14819 14821 14821 14851 14857 14846 14802 14757 14770 14804 14762 14759
14754 14798 14810 14813 14829 14849 14864 14841 14836 14822 14825 14847 14852 14841 14836 14842 14719 14802 14771 14775 14747
14812 14783 14802 14842 14881 14894 14885 14862 14869 14905 14908 14892 14868 14834 14820 14721 14706 14705 14716 14723 14746
14790 14809 14876 14906 14909 14899 14918 14941 14931 14933 14920 14892 14839 14834 14826 14825 14857 14765 14769 14740 14732
14828 14867 14862 14863 14877 14899 14920 14955 14981 14955 14900 14892 14859 14859 14877 14910 14894 14871 14878 14830 14801
14851 14875 14868 14874 14893 14902 14949 14987 14963 14907 14893 14862 14897 14903 14887 14879 14856 14869 14859 14807 14724
14962 14955 14903 14895 14891 14903 14915 14942 14869 14893 14813 14867 14879 14885 14871 14846 14848 14836 14775 14806 14794
14926 14906 14891 14888 14877 14870 14844 14825 14820 14819 14818 14825 14875 14938 14915 14848 14948 14741 14781 14768 14777
14918 14907 14899 14868 14851 14821 14793 14782 14782 14830 14828 14824 14876 14893 14936 14918 14864 14784 14789 14766 14750
14913 14909 14885 14844 14841 14798 14773 14763 14852 14850 14846 14857 14886 14876 14856 14815 14761 14737 14765 14800 14792
14896 14913 14969 14977 14953 14939 14918 14937 14859 14853 14845 14844 14835 14835 14782 14744 14706 14712 14786 14849 14833
14957 14957 14971 14958 14958 14935 14934 14935 14922 14910 14847 14836 14797 14795 14742 14698 14706 14718 14769 14809 14799
14961 14972 14945 14929 14915 14921 14918 14932 14927 14841 14825 14799 14817 14807 14803 14740 14706 14729 14750 14781 14776
14971 14956 14938 14905 14917 14921 14940 14893 14892 14886 14807 14833 14838 14834 14762 14700 14679 14721 14728 14734 14735
