inst/extdata/modis/lst/modgrid/Lat43.00075Lon-78.78820Start2001-01-01End2013-12-31___MOD11A2/GRID_Lat43.00075Lon-78.78820Start2001-01-01End2013-12-31___MOD11A2_LST_Day_1km_A2002297.asc
ncols		 21
nrows		 21
xllcorner	 -6416881.12
yllcorner	 4772121.02
cellsize	 926.625433055834
NODATA_value	 0
14102 14057 14024 14033 14044 14050 14049 14048 0 0 0 0 13970 13970 13971 0 0 0 0 0 0
14032 14022 14022 14022 14057 14057 14057 14074 14085 14085 14085 0 13980 13980 13980 13945 13945 0 0 0 0
14077 14103 14103 14087 14070 14067 14082 13966 13964 14085 0 13948 13959 13967 13945 13945 0 0 0 0 0
14103 14103 14101 14097 14097 14128 13994 13995 14000 0 13942 13942 13963 13989 13976 0 0 0 0 0 0
14080 14078 14073 14076 14084 14097 13998 13995 13999 14073 0 13977 13991 13991 0 0 0 0 0 0 0
14076 14072 14067 14046 14040 13980 13997 13997 13994 14064 14064 14026 14032 14032 14132 14132 14094 14030 14030 14030 0
14057 14053 14033 14029 14020 14000 14000 14081 14080 14074 14021 14024 14049 14077 14077 14082 14038 14034 14030 0 0
14006 13961 13964 14005 14071 14074 14104 14112 14104 14066 14011 14040 14060 14061 14057 14030 14023 14007 0 0 0
13920 13910 13953 14053 14056 14099 14118 14116 14062 14045 14028 14037 14043 14027 14002 13997 13985 0 0 0 0
13891 13901 14056 14054 14046 14049 14058 0 14004 14033 14036 14042 14017 14010 13985 0 0 0 0 0 0
0 0 14035 14033 14033 14032 14031 14010 14009 14024 14045 14033 14010 0 0 0 0 0 0 0 0
0 0 14031 14031 14031 14031 14009 14010 14054 14087 14071 14060 14059 0 0 0 0 0 0 0 0
0 0 0 0 0 14007 14007 14053 14072 14067 14060 14058 14056 14056 0 0 0 0 0 0 0
0 0 0 0 14007 14007 14059 14050 14050 14049 14046 14054 14056 0 0 0 0 0 0 0 0
0 0 0 0 0 0 14038 14038 14037 14043 14052 14052 0 0 0 0 0 0 0 0 0
0 0 0 0 0 0 0 14030 14030 14031 0 0 0 0 0 0 0 0 0 0 0
0 0 0 0 0 0 0 14030 14030 0 0 0 0 0 0 0 0 0 0 0 0
0 0 0 0 0 0 0 0 13995 13995 13995 0 0 0 0 0 0 0 0 0 0
0 0 13991 13991 0 0 0 13995 14007 14006 14017 0 0 0 0 0 0 0 0 0 0
14047 14001 13973 13974 13976 13982 13993 14013 14012 14022 0 0 0 0 0 0 0 0 0 0 0
14019 13973 13968 13985 13999 14005 14005 14006 14009 0 0 0 0 0 0 0 0 0 0 0 0
