inst/extdata/modis/lst/modgrid/Lat43.00075Lon-78.78820Start2001-01-01End2013-12-31___MOD11A2/GRID_Lat43.00075Lon-78.78820Start2001-01-01End2013-12-31___MOD11A2_LST_Day_1km_A2005041.asc
ncols		 21
nrows		 21
xllcorner	 -6416881.12
yllcorner	 4772121.02
cellsize	 926.625433055834
NODATA_value	 0
0 13521 13517 13514 13529 13527 13496 13487 13456 13431 13426 13414 13412 13409 13404 13399 13395 13373 13367 13372 13375
13496 13478 13480 13594 13544 13498 13487 13441 13413 13412 13407 13413 13426 13424 13419 13419 13380 13533 13537 13539 13544
13510 13498 13599 13578 13542 13523 13466 13422 13403 13396 13405 13439 13439 13438 13437 13398 13542 13542 13542 13542 13549
13505 13603 13589 13581 13582 13587 13584 13530 13504 13497 13491 13481 13463 13456 13416 13406 13403 13392 13552 13547 13539
13473 13482 13490 13501 13513 13527 13518 13518 13514 13507 13498 13482 13473 13446 13444 13469 13483 13593 13574 13564 13396
13463 13462 13462 13457 13460 13519 13537 13545 13538 13510 13469 13459 13435 13438 13459 13465 13465 13436 13420 13564 13421
13448 13447 13453 13454 13477 13490 13532 13549 13523 13484 13468 13435 13440 13465 13467 13458 0 13445 13443 13296 13293
13451 13447 13451 13471 13475 13533 13553 13545 13515 13502 13473 13471 13469 13468 13458 13457 13450 13447 13447 13446 13439
13434 13440 13483 13483 13557 13562 13533 13521 13499 13483 13481 13478 13472 13458 13457 13451 13447 13450 13452 13444 13431
13467 13495 13494 13524 13533 13522 13518 13502 13491 13495 13501 13494 13472 13470 13444 13445 13451 13452 13446 13439 13422
13488 13493 13492 13493 13506 13509 13495 13486 13494 13503 13493 13468 13464 13430 13434 13450 13449 13443 13442 13417 13403
13452 13473 13474 13494 13498 13501 13499 13508 13516 13498 13466 13457 13408 13408 13457 13459 13448 13445 13438 13430 13402
13493 13489 13492 13494 13508 13512 13529 13546 13522 13475 13469 13436 13432 13456 13456 13445 13443 13445 13445 13418 13397
13510 13510 0 13522 13522 13524 13546 13496 13472 13467 13444 13443 13454 13454 13441 13439 13442 13443 13414 13393 13388
0 13593 13562 13552 13540 13532 13486 13471 13466 13453 13453 13452 13452 13430 13429 13436 13438 13415 13399 13393 13384
13593 13581 13574 13550 13541 13496 13477 13480 13480 13473 13462 13458 13432 13428 13431 13434 13415 13406 13406 0 0
13593 13582 13558 13554 13519 13498 13491 13485 13476 13467 13460 13440 13436 13430 13425 13406 13398 13385 13373 13351 13334
13555 13569 13563 13543 13528 13504 13494 13477 13465 13455 13428 13423 13413 13413 13408 13403 13390 13383 13349 13334 13334
13580 13575 13548 13536 13497 13484 13478 13473 13461 13436 13422 13404 13402 13407 13421 13399 13399 0 0 0 0
13577 13548 13538 13489 13479 13479 13479 13473 13457 13445 13425 13421 13420 13421 13421 0 0 0 0 0 0
0 13495 13495 13495 13496 13495 13483 13479 13454 13437 13431 13426 13423 13421 0 0 0 0 0 0 0
