inst/extdata/modis/lst/modgrid/Lat43.00075Lon-78.78820Start2001-01-01End2013-12-31___MOD11A2/GRID_Lat43.00075Lon-78.78820Start2001-01-01End2013-12-31___MOD11A2_LST_Day_1km_A2005161.asc
ncols		 21
nrows		 21
xllcorner	 -6416881.12
yllcorner	 4772121.02
cellsize	 926.625433055834
NODATA_value	 0
14975 14975 14996 0 0 0 0 15102 15188 15135 15070 15087 15098 15075 15040 15061 15034 15042 15010 14941 14962
14797 14770 14882 14957 14906 14896 14927 15102 15085 15035 15062 15092 15110 15042 15068 15040 15035 15012 15010 14976 14969
14747 14819 14834 14809 14786 14849 14888 14933 14965 14986 14989 15082 14955 14956 15085 15063 15006 15008 15007 14976 14971
14749 14785 14772 14750 14749 14756 14722 14851 14950 15047 15043 14972 14965 15061 15057 15030 15004 14937 14929 14929 14974
14932 14909 14889 14837 14796 14774 14733 14796 14989 15062 14995 15106 15100 15100 15045 15011 14939 14902 14909 14967 15009
15023 15023 14999 14914 14896 14787 14778 14929 15149 15109 15074 14997 14974 14980 14994 14946 14892 14907 14964 15023 15047
14926 14993 14978 14897 14895 14814 14896 15165 15108 15033 14995 14994 15015 14978 14995 14946 14946 15009 15046 15070 14966
14962 14877 14865 14867 14916 14961 15028 15081 15047 15047 15072 15070 15073 15075 15073 15091 15093 15101 15065 14946 14960
14880 14886 14956 14945 14968 15019 15073 15072 15042 15090 15118 15120 14976 14974 15127 15124 15124 15101 15066 15095 15139
14828 14844 14952 14958 15078 15078 15084 15131 15134 15153 15152 14993 14991 15148 15135 15127 15118 15067 15061 15070 14990
14863 14911 14958 0 0 15156 15156 15156 15156 0 15194 15172 15169 15150 15139 15133 15091 15079 15084 15016 15009
15002 15058 15184 15184 15184 0 0 0 0 15194 15194 15194 15175 15178 15173 15153 15144 15147 15037 15037 14981
15115 15184 15184 15241 15273 0 0 0 0 0 0 15175 15180 15180 15168 15164 15167 15173 15172 15034 15028
0 0 15273 15273 15273 0 0 0 0 0 15079 15082 15156 15158 15161 15170 15176 15176 15039 15032 15021
0 15273 15273 15273 0 0 15149 15149 0 15069 15068 15065 15075 15131 15142 15151 15153 15077 15010 14988 14926
0 15132 15132 0 0 15149 15122 15149 15078 15074 15070 15074 15129 15134 15140 15143 15076 14979 14982 14931 14924
0 15132 0 0 15149 15122 15130 15103 15087 15137 15127 15127 15123 15120 15120 15011 14944 14959 14923 15004 15005
15236 15262 15272 15250 15196 15188 15144 15121 15189 15187 15181 15124 15097 15100 14979 14955 14871 14859 14925 14939 14932
15264 15275 15279 15217 15185 15175 15171 15194 15189 15189 15155 15132 15096 14997 14914 14866 14841 14898 14913 14916 14912
15272 15251 15220 15186 15177 15191 15210 15179 15180 15222 15250 15108 15098 14955 14919 14898 14962 14924 14931 14930 14910
15280 15246 15205 15199 15209 15207 15179 15170 15239 15219 15138 15120 15124 15014 14998 14961 14935 14906 14817 14937 14952
