inst/extdata/modis/lst/modgrid/Lat43.00075Lon-78.78820Start2001-01-01End2013-12-31___MOD11A2/GRID_Lat43.00075Lon-78.78820Start2001-01-01End2013-12-31___MOD11A2_LST_Day_1km_A2006233.asc
ncols		 21
nrows		 21
xllcorner	 -6416881.12
yllcorner	 4772121.02
cellsize	 926.625433055834
NODATA_value	 0
15190 15176 15196 15198 15185 15160 15034 15020 15103 15036 15037 15048 15034 15006 14960 14927 14933 14917 14918 14908 14870
15048 15105 14966 14959 14953 14972 14958 14928 14895 14886 14916 15028 15056 15043 15000 14963 14960 14961 14880 14872 14847
14902 14848 14862 14957 14886 14893 14896 14886 14876 14899 14916 14939 15028 15025 14999 14975 14873 14865 14847 14839 14856
14845 14803 14804 14811 14815 14823 14830 14842 14897 14935 14935 15041 15049 15022 14988 14955 14925 14825 14807 14843 14839
14913 14826 14830 14803 14804 14873 14828 14893 14950 14978 15063 15053 15147 15119 15076 15029 14784 14736 14758 14793 14831
14996 14874 14850 14828 14812 14797 14825 14910 14976 15062 15013 14982 15035 15106 15093 14998 14746 14723 14821 14844 14852
15024 14922 14898 14857 14826 14830 14849 15052 15065 15006 15023 15050 15121 15146 15083 14947 14918 14978 14858 14869 14844
14888 14887 14874 14858 14869 14895 15187 15261 15175 15065 15042 15104 15169 15186 15024 14959 15003 14986 14981 15006 14944
14985 14881 14906 14915 14933 15185 15271 15188 15010 15009 15048 15191 15121 15056 15084 15111 15039 15033 15037 14894 14886
14876 14890 14929 15188 15250 15272 15237 15066 15066 15100 15111 15273 15234 15193 15187 14991 14952 14908 14899 14916 14924
15019 15110 15219 15302 15336 15332 15096 15104 15119 15108 15247 15247 15217 15068 15000 14998 14984 14997 15010 15019 15016
15163 15223 15262 15281 15304 15118 15115 15113 15320 15184 15164 15123 14991 15018 15055 15029 15029 15063 15124 15121 15027
15290 15322 15317 15306 15306 15285 15077 15218 15166 15118 15015 14955 14963 14986 15004 15056 15039 15123 15112 14974 14904
15290 15285 15247 15203 15181 15167 15214 0 0 0 15025 15003 15010 14979 15019 15056 15194 15012 14944 14905 14888
15342 15256 15121 15041 0 14986 14986 14986 14986 15007 15017 15018 15019 15033 15057 15126 15022 14935 14899 14881 14837
15344 15321 0 15047 15023 15013 15012 15010 15013 14974 14983 15003 15029 15054 15055 15053 15002 14878 14864 14820 14808
15352 15338 15137 15141 15058 15056 15003 14995 15004 14992 15015 15020 14996 14965 15041 15001 14982 14982 14972 14836 14922
15359 15311 15196 15209 15127 15113 15078 15049 15071 15036 15031 15007 14961 14969 14948 14841 14841 14850 14898 14921 14930
15243 15241 15214 15184 15176 15145 15104 15092 15108 15074 15045 15067 14994 14946 14915 14877 14890 14912 14920 14898 14889
15248 15368 15345 15187 15195 15189 15186 15179 15122 15122 15078 15102 15047 14975 14922 14966 14944 14935 14847 14839 14919
15270 15262 15223 15205 15209 15212 15204 15187 15139 15079 15093 15116 15024 15034 14942 14964 14950 14845 14824 14833 14932
