inst/extdata/modis/lst/modgrid/Lat43.00075Lon-78.78820Start2001-01-01End2013-12-31___MOD11A2/GRID_Lat43.00075Lon-78.78820Start2001-01-01End2013-12-31___MOD11A2_LST_Day_1km_A2002233.asc
ncols		 21
nrows		 21
xllcorner	 -6416881.12
yllcorner	 4772121.02
cellsize	 926.625433055834
NODATA_value	 0
15191 15201 15193 15184 15148 15152 15141 15143 15144 15144 15126 15147 15138 15118 15091 15069 15064 15110 15096 15079 14967
15020 15053 15058 15040 15048 15065 15030 15037 15014 15073 15098 15121 15154 15122 15088 15084 15093 14979 14964 14964 14935
14871 14895 14889 14988 14908 14913 14936 14976 14994 15063 15081 15115 15129 15084 15111 15044 14910 14904 14887 14865 14893
14770 14788 14816 14859 14882 14846 14882 14959 15080 15095 15093 15114 15114 15135 15027 14893 14896 14862 14818 14808 14797
14919 14940 14962 14874 14852 14883 14884 14970 15094 15129 15123 15125 15084 14964 14898 14925 14843 14755 14717 14758 14784
14992 15019 14998 14948 14897 14855 14875 15018 15103 15135 15086 14993 14960 14975 15032 14907 14771 14728 14758 14778 14798
15009 15066 15074 14971 14912 14919 14957 15044 15158 15113 15000 14977 15022 15080 15029 14899 14844 14880 14881 14895 14903
14995 14995 14971 14950 14959 14967 15125 15191 15165 15018 15002 15041 15100 15086 15030 14945 14946 14957 14980 14991 14961
14966 14970 14963 14956 14998 15145 15192 15181 15053 15060 15116 15129 15073 15054 15032 15033 15030 15046 15054 15042 15055
15015 15030 15029 15072 15130 15157 15158 15146 15167 15204 15201 15122 15106 15089 15073 15073 15047 14998 15020 15055 15063
14937 15052 15127 15165 15161 15200 15202 15216 15251 15246 15147 15139 15109 15078 15082 15064 15093 15094 15081 15107 15061
14999 15121 15162 15165 15195 15213 15241 15282 15319 15272 15178 15155 15144 15145 15138 15130 15160 15095 15126 15207 15051
15247 15269 15239 15228 15234 15251 15266 15312 15278 15171 15149 15156 15152 15146 15129 15126 15093 15135 15244 15071 15039
15261 15275 15245 15235 15254 15269 15299 15248 15178 15122 15095 15085 15095 15147 15091 15082 15124 15145 15170 15067 15050
15302 15303 15250 15294 15291 15302 15191 15148 15122 15113 15106 15102 15232 15120 15101 15112 15109 15119 15076 15038 14948
15346 15293 15309 15302 15299 15174 15141 15198 15204 15123 15116 15196 15136 15159 15126 15173 15130 15055 15061 14912 14904
15327 15322 15318 15338 15311 15238 15204 15205 15235 15177 15157 15153 15160 15189 15112 15084 15072 15050 15024 14967 14970
15333 15333 15356 15346 15219 15235 15215 15214 15217 15198 15163 15117 15111 15081 15045 15024 14966 14971 15010 15049 15006
15317 15354 15267 15237 15251 15236 15216 15227 15233 15232 15175 15126 15094 15094 15028 14891 14892 14954 15008 14982 14960
15330 15319 15305 15237 15260 15264 15272 15235 15288 15211 15159 15202 15172 15118 14996 14936 14930 14927 14965 15002 14988
15323 15259 15277 15268 15271 15302 15258 15255 15220 15188 15202 15194 15151 15050 14975 14969 14972 14960 14957 14982 14978
