inst/extdata/modis/lst/modgrid/Lat43.00075Lon-78.78820Start2001-01-01End2013-12-31___MOD11A2/GRID_Lat43.00075Lon-78.78820Start2001-01-01End2013-12-31___MOD11A2_LST_Day_1km_A2009113.asc
ncols		 21
nrows		 21
xllcorner	 -6416881.12
yllcorner	 4772121.02
cellsize	 926.625433055834
NODATA_value	 0
14770 14786 14673 14683 14702 14703 14696 14684 14666 14645 14634 14656 14653 14656 14645 14595 14578 14583 14607 14633 14636
14458 14533 14544 14565 14569 14584 14615 14618 14602 14598 14623 14638 14647 14647 14614 14593 14578 14579 14611 14632 14632
14129 14222 14305 14341 14278 14308 14366 14433 14503 14589 14617 14644 14645 14628 14622 14580 14568 14591 14599 14676 14595
14202 14329 14239 14258 14332 14293 14323 14432 14595 14658 14691 14684 14676 14665 14620 14573 14631 14643 14653 14657 14562
14476 14426 14456 14516 14453 14411 14299 14384 14582 14702 14724 14714 14702 14654 14642 14632 14655 14668 14680 14701 14594
14525 14564 14571 14530 14498 14430 14405 14470 14676 14722 14702 14667 14671 14681 14695 14697 14638 14631 14669 14673 14674
14560 14567 14567 14549 14517 14487 14459 14624 14705 14722 14714 14699 14710 14744 14740 14674 14669 14708 14712 14711 14714
14549 14537 14533 14586 14583 14504 14541 14735 14742 14736 14727 14733 14733 14720 14690 14717 14739 14753 14756 14752 14745
14699 14709 14636 14623 14597 14631 14732 14806 14793 14806 14807 14826 14718 14700 14740 14765 14786 14794 14789 14782 14778
14700 14545 14571 14648 14742 14788 14853 14770 14773 14844 14846 14855 14780 14752 14824 14830 14815 14771 14777 14776 14762
14604 14661 14678 14706 14765 14797 14782 14784 14889 14927 14904 14791 14771 14797 14825 14845 14815 14798 14792 14781 14775
14720 14752 14735 14753 14769 14786 14872 14917 14951 14920 14777 14758 14752 14791 14849 14851 14899 14893 15008 14900 14857
14787 14849 14775 14763 14791 14827 14885 14891 14856 14898 14888 14758 14772 14822 14827 14870 14873 14914 14913 14869 14813
14862 14886 14889 14811 14833 14875 14868 14846 14898 14897 14885 14875 14888 14899 14848 14870 14906 14906 14972 14825 14809
14927 14915 15012 15003 14914 14920 14910 14895 14893 14910 14891 14880 14906 14959 14971 14997 15018 14981 14953 15069 15039
14942 15016 15005 14906 14909 15011 15021 15023 15025 15018 15002 15001 14976 14975 14987 15000 14968 14945 15033 15026 15006
14938 14924 14916 14907 14988 14994 15002 15010 15007 15011 15007 14992 14986 14982 14975 14909 14880 14966 15004 15008 14994
14912 14928 14934 15003 14990 14889 14890 14892 14994 14877 14863 14966 14840 14818 14787 14759 14705 14731 15016 15019 14839
14912 15016 14917 14888 14871 14874 14883 14893 14889 14885 14892 14859 14841 14823 14893 14743 14737 14860 14754 14730 14729
14889 14898 14893 14857 14871 14878 14891 14904 14911 14906 14890 14883 14874 14824 14788 14765 14750 14740 14729 14744 14743
14901 14900 14861 14859 14880 14908 14924 14932 14919 14897 14890 14892 14990 14936 14793 14873 14739 14722 15010 15011 14705
