inst/extdata/modis/lst/modgrid/Lat43.00075Lon-78.78820Start2001-01-01End2013-12-31___MOD11A2/GRID_Lat43.00075Lon-78.78820Start2001-01-01End2013-12-31___MOD11A2_LST_Day_1km_A2004217.asc
ncols		 21
nrows		 21
xllcorner	 -6416881.12
yllcorner	 4772121.02
cellsize	 926.625433055834
NODATA_value	 0
15018 15046 15083 15073 15057 15045 15038 15020 15011 14948 14918 14914 14934 14904 14857 14820 14840 14857 14806 14812 14817
14873 14947 14938 14944 14942 14935 14906 14896 14882 14877 14896 14906 14926 14898 14862 14878 14869 14817 14821 14814 14811
14733 14764 14804 14821 14820 14813 14835 14842 14845 14854 14859 14896 14906 14908 14953 14923 14870 14856 14758 14770 14795
14710 14726 14732 14743 14781 14770 14798 14828 14881 14914 14926 14928 14925 14977 14930 14876 14856 14819 14745 14774 14775
14745 14765 14790 14765 14733 14789 14757 14808 14891 14952 14960 14997 14984 14940 14901 14888 14930 14714 14741 14759 14822
14789 14883 14867 14858 14763 14749 14774 14858 14950 15020 15047 15001 14896 14907 14916 14900 14829 14722 14769 14825 14843
14897 14899 14899 14882 14862 14861 14838 15006 15026 14954 14914 14914 14931 14947 14947 14881 14796 14897 14920 14991 14954
14796 14803 14826 14858 14886 14887 14996 15027 14973 15053 14930 14936 14946 15002 14880 14854 14876 14871 14909 14913 14906
14797 14832 14881 14897 14905 14978 14997 14914 14895 14969 14977 14981 14952 14912 14932 14926 14898 14926 14935 14922 14913
14791 14859 14846 14871 15017 15041 15036 14941 14952 14990 15006 14923 14926 14951 14958 14975 15017 14962 14910 14907 14931
14818 14842 14906 15048 15078 15057 15021 15088 15106 15114 14996 14959 14969 14958 14962 15024 15017 15001 14991 14997 14960
14861 14901 15026 15121 15121 14971 15035 15010 15010 15022 14988 14948 14910 14973 14969 15040 15040 15023 15051 15146 15088
14989 15085 15089 15187 15080 15093 15040 15068 15125 14996 14978 14997 14925 14960 15033 15034 15019 15047 15150 15088 15019
15086 15101 15208 15199 15206 15216 15229 15119 15032 14964 14997 14995 14993 15109 15108 15094 15037 15038 14998 14950 14920
15247 15236 15107 15098 15083 15085 15065 14991 14975 14930 14982 14988 15110 15105 15088 15045 15057 15012 14952 14932 14889
15181 15144 15122 15090 15075 15047 15006 15010 15020 15024 14977 14972 14992 15003 15039 15049 15014 14960 14908 14847 14853
15174 15175 15165 15194 15061 15038 15030 15053 15056 15000 14982 14995 14996 15009 15004 14957 14910 14884 14866 14856 14934
15170 15170 15166 15146 15081 15080 15082 15087 15159 15162 15103 15077 14991 14978 14918 14875 14862 14938 14929 14933 14867
15162 15164 15156 15132 15095 15049 15051 15170 15169 15158 15135 15090 15067 15014 14940 14847 14927 14906 14912 14844 14886
15158 15149 15123 15080 15050 15049 15155 15161 15175 15161 15129 15124 15121 15044 14880 14869 14849 14898 14928 14947 14930
15161 15217 15164 15151 15160 15152 15154 15165 15136 15116 15115 15115 15065 14909 14880 14871 14961 14943 14930 14936 14951
