inst/extdata/modis/lst/modgrid/Lat43.00075Lon-78.78820Start2001-01-01End2013-12-31___MOD11A2/GRID_Lat43.00075Lon-78.78820Start2001-01-01End2013-12-31___MOD11A2_LST_Day_1km_A2002129.asc
ncols		 21
nrows		 21
xllcorner	 -6416881.12
yllcorner	 4772121.02
cellsize	 926.625433055834
NODATA_value	 0
14655 14705 14651 14647 14570 14602 14669 14666 14609 14488 14501 14589 14568 14558 14548 14528 14520 14557 14509 14559 14539
14395 14489 14533 14501 14503 14515 14508 14532 14492 14497 14573 14579 14610 14557 14544 14568 14561 14553 14552 14545 14505
14298 14321 14410 14420 14390 14363 14384 14427 14417 14439 14586 14619 14645 14593 14605 14561 14525 14534 14546 14473 14480
14321 14344 14295 14352 14383 14359 14350 14383 14412 14609 14624 14708 14712 14684 14588 14536 14532 14528 14488 14479 14503
14446 14460 14470 14473 14426 14393 14383 14400 14520 14661 14738 14738 14703 14651 14572 14583 14551 14500 14519 14546 14560
14524 14592 14554 14521 14513 14422 14373 14443 14563 14708 14684 14626 14626 14639 14674 14640 14517 14502 14543 14576 14582
14587 14580 14568 14570 14516 14464 14463 14544 14725 14693 14637 14630 14663 14719 14710 14606 14566 14606 14610 14614 14616
14566 14554 14539 14498 14525 14499 14609 14753 14747 14684 14652 14670 14728 14748 14665 14608 14646 14640 14661 14650 14629
14570 14566 14560 14531 14532 14656 14746 14725 14688 14675 14703 14727 14680 14669 14676 14694 14681 14697 14696 14681 14675
14550 14517 14556 14621 14747 14788 14763 14728 14737 14770 14787 14731 14697 14704 14728 14719 14670 14601 14669 14699 14693
14518 14607 14700 14771 14787 14742 14734 14768 14800 14785 14723 14699 14683 14667 14713 14725 14685 14694 14707 14720 14654
14618 14672 14697 14724 14734 14755 14798 14829 14822 14745 14707 14684 14658 14706 14763 14751 14725 14708 14716 14726 14667
14713 14739 14770 14775 14794 14827 14844 14850 14808 14754 14719 14694 14721 14752 14754 14729 14730 14777 14769 14694 14636
14771 14826 14817 14817 14820 14836 14839 14817 14767 14742 14721 14700 14717 14761 14713 14711 14751 14756 14676 14649 14622
14852 14834 14811 14797 14811 14810 14792 14754 14738 14726 14707 14693 14740 14700 14685 14719 14758 14685 14648 14628 14564
14868 14830 14812 14822 14797 14764 14740 14744 14746 14736 14724 14716 14697 14718 14715 14751 14709 14658 14602 14534 14518
14848 14830 14816 14804 14761 14736 14742 14743 14733 14738 14705 14690 14701 14678 14698 14656 14598 14532 14528 14537 14541
14828 14811 14824 14815 14774 14774 14757 14740 14738 14704 14644 14614 14598 14625 14611 14563 14513 14530 14564 14563 14520
14808 14822 14834 14775 14739 14744 14742 14742 14715 14685 14664 14641 14639 14634 14538 14498 14497 14542 14562 14537 14537
14818 14823 14776 14711 14727 14737 14740 14730 14736 14719 14694 14705 14706 14652 14571 14545 14536 14536 14552 14561 14565
14833 14806 14746 14731 14742 14765 14787 14782 14758 14731 14752 14751 14723 14636 14589 14567 14546 14547 14548 14558 14560
