inst/extdata/modis/lst/modgrid/Lat43.00075Lon-78.78820Start2001-01-01End2013-12-31___MOD11A2/GRID_Lat43.00075Lon-78.78820Start2001-01-01End2013-12-31___MOD11A2_LST_Day_1km_A2009281.asc
ncols		 21
nrows		 21
xllcorner	 -6416881.12
yllcorner	 4772121.02
cellsize	 926.625433055834
NODATA_value	 0
14469 14504 14524 14507 14496 14501 14476 14427 0 14385 14401 14405 14406 14389 14386 14333 14345 14357 14378 14378 14379
14126 14147 14196 14196 14196 14196 14200 14427 14389 14391 14397 14395 14382 14383 14381 14368 14347 14334 14332 14342 14353
14142 14196 14198 14198 14198 14202 14215 14387 14387 14387 14380 14380 14382 14439 14458 14436 14376 14321 14323 14297 14297
14197 14200 14200 14200 14146 14164 14195 14212 14385 14382 14382 14268 14290 14303 14457 14380 14345 14335 14284 14273 14281
14208 14208 14208 14153 14175 14195 14210 14202 14198 14238 14192 14192 14192 14233 14382 14368 14350 14313 14252 14258 14241
14207 14207 14214 14177 14193 14208 14202 14199 14239 14233 14233 14233 14233 14383 14383 14353 14327 14327 0 14126 14134
14184 14185 14211 14260 14259 14259 14257 14240 14233 14233 14233 14233 14383 14383 14320 14327 14327 14298 14287 14196 14207
14184 14186 14363 14397 14409 14402 14456 14455 14449 14436 0 0 14125 14125 14177 14248 14288 14287 14287 14287 14287
14186 14319 14394 14407 14411 14447 14455 14456 14386 14351 14351 14199 14125 14125 14125 0 14287 14287 0 0 0
14270 14316 14354 14389 14423 14425 14421 14352 14350 14352 14364 14364 14334 14125 0 0 0 0 0 0 0
14275 14280 14311 14423 14423 14386 14330 14332 14339 14255 14290 14322 0 0 0 0 0 0 0 0 0
14255 14288 0 0 14329 14314 14321 14307 14147 14159 14193 14303 14303 14303 0 0 0 0 0 0 0
0 0 0 0 0 0 0 0 14147 14208 14303 14303 14337 14408 14429 14437 0 0 0 0 0
0 0 0 0 0 0 0 0 0 0 14306 14350 14384 14387 14427 14435 14435 0 0 0 0
14462 14492 0 0 0 0 0 0 0 0 14335 14335 14367 14427 14432 14435 14435 0 0 0 0
14492 14492 14495 14496 14496 0 0 0 0 0 0 14279 14338 14366 14392 14390 0 0 0 0 0
14452 14496 14496 14495 14460 14458 14458 0 0 0 14272 14308 14322 14357 14379 14379 14379 0 0 0 14194
14301 14379 14448 14458 14458 14458 0 0 0 0 0 14272 14356 14379 14379 14379 0 0 0 0 0
14266 14273 14304 14365 14420 0 0 0 0 0 0 0 0 14379 14288 14292 14299 0 0 0 14033
14276 14279 14279 14279 0 0 0 0 0 0 0 0 14261 14276 14280 14283 14321 14342 0 0 14033
0 14279 14279 0 0 0 0 0 0 0 0 14261 14261 14270 14288 14335 14342 14342 0 0 0
