inst/extdata/modis/lst/modgrid/Lat43.00075Lon-78.78820Start2001-01-01End2013-12-31___MOD11A2/GRID_Lat43.00075Lon-78.78820Start2001-01-01End2013-12-31___MOD11A2_LST_Day_1km_A2012033.asc
ncols		 21
nrows		 21
xllcorner	 -6416881.12
yllcorner	 4772121.02
cellsize	 926.625433055834
NODATA_value	 0
13951 13930 13920 13921 13931 13942 13927 13915 13905 13891 13900 13904 13904 13909 13886 13862 13851 13864 13861 13854 13859
13847 13875 13890 13892 13889 13899 13897 13893 13877 13865 13888 13902 13905 13917 13902 13878 13868 13863 13859 13874 13874
13825 13837 13830 13824 13838 13843 13844 13849 13854 13888 13878 13868 13891 13906 13896 13873 13856 13854 13862 13860 13860
13815 13798 13801 13827 13809 13819 13833 13850 13897 13908 13913 13917 13923 13903 13878 13861 13863 13860 13858 13857 13857
13819 13833 13849 13831 13826 13822 13832 13878 13908 13898 13897 13924 13902 13884 13883 13895 13874 13845 13846 13853 13846
13839 13855 13849 13840 13825 13802 13837 13871 13892 13898 13910 13884 13889 13907 13922 13903 13867 13854 13868 13870 13866
13846 13855 13854 13851 13832 13839 13851 13878 13938 13933 13892 13904 13919 13932 13927 13898 13880 13899 13899 13876 13880
13865 13856 13863 13874 13849 13851 13899 13924 13934 13904 13920 13932 13930 13923 13912 13898 13902 13910 13873 13906 13902
13850 13870 13884 13890 13895 13907 13923 13926 13911 13926 13936 13938 13877 13873 13927 13888 13890 13889 13896 13895 13920
13878 13886 13890 13918 13925 13932 13923 13926 13933 13946 13944 13929 13876 13926 13892 13895 13934 13884 13885 13870 13884
13881 13897 13911 13917 13928 13916 13921 13933 13947 13940 13931 13919 13915 13923 13932 13929 13922 13918 13878 13895 13904
13883 13902 13908 13919 13932 13941 13944 13950 13949 13932 13919 13931 13924 13932 13929 13929 13909 13904 13922 13922 13902
13921 13935 13948 13937 13947 13959 13952 13954 13950 13949 13939 13933 13918 13909 13909 13909 13897 13911 13919 13894 13855
13925 13929 13939 13951 13954 13963 13966 13947 13945 13933 13913 13913 13908 13900 13901 13896 13898 13857 13863 13879 13826
13931 13930 13951 13949 13965 13958 13934 13916 13912 13921 13914 13910 13867 13871 13899 13884 13848 13844 13871 13830 13767
13939 13946 13934 13931 13929 13911 13878 13863 13852 13854 13849 13865 13864 13887 13887 13851 13882 13864 13836 13793 13793
13933 13931 13921 13898 13864 13838 13842 13853 13851 13850 13878 13874 13878 13885 13852 13859 13802 13828 13825 13821 13818
13905 13902 13893 13876 13879 13881 13868 13855 13843 13871 13867 13873 13809 13807 13845 13816 13811 13814 13783 13770 13740
13885 13888 13881 13878 13874 13856 13850 13845 13856 13848 13840 13815 13832 13828 13824 13798 13781 13765 13743 13742 13801
13879 13873 13861 13845 13828 13838 13846 13863 13888 13899 13857 13858 13845 13814 13758 13825 13827 13801 13766 13779 13800
13860 13846 13839 13855 13826 13907 13878 13892 13895 13896 13877 13832 13798 13783 13827 13822 13867 13818 13783 13825 13815
