inst/extdata/modis/lst/modgrid/Lat43.00075Lon-78.78820Start2001-01-01End2013-12-31___MOD11A2/GRID_Lat43.00075Lon-78.78820Start2001-01-01End2013-12-31___MOD11A2_LST_Day_1km_A2008361.asc
ncols		 21
nrows		 21
xllcorner	 -6416881.12
yllcorner	 4772121.02
cellsize	 926.625433055834
NODATA_value	 0
13770 13774 13777 13778 13785 13794 13788 13782 13781 13779 13782 13785 13797 13800 13809 13787 13769 13772 13773 13761 13764
13761 13766 13772 13777 13787 13778 13772 13781 13783 13776 13779 13789 13887 13891 13904 13904 13775 13772 13751 13760 13775
13756 13777 13778 13778 13771 13767 13782 13784 13777 13779 13784 13888 13888 13905 13918 13936 13771 13767 13769 13776 13777
13746 13756 13764 13760 13759 13775 13781 13782 13794 13897 13891 13888 13899 13940 13936 13773 13783 13779 13777 13779 13779
13756 13759 13753 13748 13751 13756 13781 13898 13891 13883 13866 13844 13847 13938 13780 13800 13788 13776 13783 13784 13775
13768 13777 13778 13770 13766 13764 13881 13887 13882 13807 13789 13787 13803 13811 13826 13807 13792 13791 13790 13776 13778
13769 13774 13779 13772 13756 13869 13879 13818 13824 13813 13810 13810 13810 13814 13804 13797 13797 13796 13791 13790 13789
13769 13781 13779 13764 13796 13808 13811 13819 13831 13832 13829 13822 13812 13798 13791 13799 13799 13798 13798 13797 13804
13780 13799 13806 13814 13814 13812 13820 13831 13837 13839 13836 13830 13813 13816 13818 13803 13795 13804 13803 13813 13816
13799 13809 13818 13821 0 13820 13824 13831 13840 13849 13828 13814 13817 13819 13802 13794 13806 13807 13817 13814 13802
0 0 0 0 13806 13807 13824 13830 13851 13818 13818 13807 13800 12979 12979 12990 13793 13803 13810 13813 13804
0 13781 13781 13806 13813 13826 13826 0 13818 13818 13806 13800 13800 12967 12985 13793 13800 13809 13819 13820 0
13789 13787 13805 13816 13830 13830 0 0 0 13823 13820 13813 12952 12962 12967 12957 12922 12921 12916 13793 13793
13793 13793 13825 13825 13825 0 13832 13832 13829 13828 13831 13831 13828 12933 12930 12915 12914 13772 13778 13791 13790
0 0 13825 13825 0 13835 13834 13831 13831 13831 13830 13828 13828 12926 12924 12921 13772 13725 13789 13780 13775
13648 0 13848 13848 13838 13838 13825 13822 13814 13817 13828 13828 12940 13883 13883 12940 13673 13673 13753 13755 13741
13697 13650 13648 13836 13831 13821 13822 13830 13825 13821 13794 13777 13872 13878 12940 13673 13673 13753 13753 13738 13733
13621 13622 13840 13840 13825 13825 13836 13829 13821 13791 13767 13801 13834 0 0 0 0 0 13725 0 0
13600 13843 13845 13829 13827 13822 13807 13792 13790 13767 13739 13737 0 0 0 0 13725 13725 13725 0 13733
13499 13496 13496 0 13822 13805 13792 13792 0 13551 13533 13523 0 0 13736 13736 13725 13725 0 0 0
13441 13463 0 0 0 0 0 0 13511 13489 13503 13495 0 13736 13736 0 0 0 13737 13747 13747
