inst/extdata/modis/lst/modgrid/Lat43.00075Lon-78.78820Start2001-01-01End2013-12-31___MOD11A2/GRID_Lat43.00075Lon-78.78820Start2001-01-01End2013-12-31___MOD11A2_LST_Day_1km_A2008297.asc
ncols		 21
nrows		 21
xllcorner	 -6416881.12
yllcorner	 4772121.02
cellsize	 926.625433055834
NODATA_value	 0
14156 14157 14154 14132 14118 14118 14119 14115 14100 14099 14099 14101 14100 14091 14165 14163 14157 14154 14147 14144 14142
14153 14044 14030 14113 13999 14112 14108 14096 14095 14095 14095 14103 14099 14183 14181 14169 14164 14028 14024 14144 14148
14051 14039 14032 14121 14004 14116 14110 13998 14004 14104 14105 14190 14187 14186 14179 14171 14032 14028 14146 14147 14147
14045 14035 14060 14124 14126 14143 14022 14039 14052 14141 14212 14206 14203 14194 14181 14160 14157 14149 14144 14144 14145
13941 13946 14108 14113 14133 14137 14082 14101 14119 14091 14222 14216 14195 14184 14165 14165 14155 14146 14144 14143 14141
13924 14080 14081 14160 14163 14068 14078 14098 14086 14222 14217 14199 14192 14181 14180 14174 14168 14163 14152 14146 14142
14079 14154 14159 14161 14163 14092 14108 14216 14229 14223 14207 14200 14190 14187 14203 14203 14197 14179 14166 14158 14172
14143 14155 14157 14160 14172 14197 14228 14241 14236 14223 14216 14207 14203 14211 14212 14210 14195 14184 14182 14197 14195
14157 14163 14173 14183 14128 14155 14242 14240 14234 14231 14229 14240 14220 14218 14221 14223 14124 14222 14223 14225 14212
14189 14188 14196 14141 14149 14231 14233 14232 14234 14240 14249 14234 14232 14235 14231 14134 14217 14220 14223 14216 14211
14121 14127 14135 14231 14231 14229 14235 14238 14251 14256 14244 14242 14239 14237 14147 14238 14234 14233 14228 14224 14220
14209 14216 14233 14233 14237 14245 14251 14259 14258 14246 14243 14237 14240 14245 14249 14250 14248 14245 14250 14243 14225
14223 14240 14242 14248 14256 14261 14267 14266 14255 14252 14244 14245 14245 14251 14254 14249 14247 14253 14251 14239 14197
14253 14256 14261 14261 14263 14266 14267 14260 14259 14252 14247 14243 14247 14249 14246 14244 14248 14248 14240 14198 14182
14278 14286 14282 14274 14267 14263 14254 14250 14241 14233 14230 14233 14236 14234 14238 14241 14242 14236 14202 14181 14165
14296 14292 14287 14284 14277 14257 14254 14246 14234 14228 14227 14227 14220 14222 14226 14229 14226 14185 14164 14158 14155
14251 14301 14297 14293 14280 14275 14265 14249 14237 14232 14230 14218 14210 14211 14213 14210 14169 14147 14149 14147 14145
14298 14298 14298 14294 14288 14277 14258 14241 14234 14231 14216 14206 14205 14206 14201 14167 14149 14155 14154 14151 14144
14289 14293 14296 14291 14283 14266 14251 14247 14244 14229 14218 14218 14219 14215 14177 14158 14160 14157 14154 14150 14147
14296 14302 14295 14287 14267 14258 14256 14255 14253 14251 14251 14251 14240 14208 14183 14177 14165 14154 14155 14154 14156
14311 14305 14296 14264 14258 14260 14265 14271 14267 14266 14266 14252 14223 14203 14196 14175 14164 14158 14158 14161 14157
