inst/extdata/modis/lst/modgrid/Lat43.00075Lon-78.78820Start2001-01-01End2013-12-31___MOD11A2/GRID_Lat43.00075Lon-78.78820Start2001-01-01End2013-12-31___MOD11A2_LST_Day_1km_A2013161.asc
ncols		 21
nrows		 21
xllcorner	 -6416881.12
yllcorner	 4772121.02
cellsize	 926.625433055834
NODATA_value	 0
15023 14997 14997 14946 14997 15026 15020 15009 14981 14923 14903 14895 14856 14801 14770 14736 14757 14790 14787 14776 14766
14802 14831 15010 15198 15172 14815 14748 14756 14790 14804 14820 14844 14884 14886 14859 14843 14837 14792 14772 14781 14776
14645 14596 14600 14899 14716 14690 14706 14737 14774 14783 14792 14843 14891 14908 14902 14868 14804 14709 14747 14759 14806
14487 14531 14517 14548 14718 14627 14663 14714 14795 15076 14938 14984 14920 14898 14873 14829 14747 14709 14717 14824 14852
14947 14654 14771 14647 14623 14686 14602 14637 14982 15178 15217 15213 15162 14945 14926 14841 14813 14749 14799 14858 14886
14781 14831 14862 14731 14679 14619 14605 14723 14854 15221 14998 14942 14960 14984 14983 14939 14829 14812 14893 14937 14946
14880 14873 14753 14738 14706 14678 14711 14949 15059 15026 14971 14972 15050 15097 15071 14979 14918 14974 14991 14994 14992
14743 14776 14769 14762 14754 14804 14963 15073 15067 15020 14988 15038 15101 15085 15037 14984 15009 15012 15043 15034 14998
14765 14864 14884 14883 14911 14984 15113 15097 15063 15041 15073 15106 15094 15079 15065 15074 15077 15071 15062 15052 15146
14763 14863 14908 14961 15070 15126 15124 15100 15106 15156 15156 15123 15116 15130 15135 15112 15073 15039 15029 15131 15163
14857 14963 15048 15140 15170 15163 15154 15185 15232 15229 15186 15181 15158 15132 15125 15120 15085 15084 15187 15214 15163
14994 15051 15155 15170 15180 15196 15226 15261 15263 15187 15197 15178 15140 15127 15171 15181 15154 15246 15264 15255 15165
15094 15209 15215 15218 15226 15266 15298 15318 15287 15199 15168 15132 15136 15158 15166 15144 15135 15160 15176 15098 14978
15208 15222 15220 15231 15248 15269 15289 15249 15200 15178 15148 15133 15126 15153 15127 15121 15153 15161 15088 15011 14962
15239 15221 15225 15238 15238 15251 15209 15153 15143 15132 15131 15104 15158 15145 15106 15144 15169 15093 15031 14964 14929
15263 15247 15242 15231 15237 15178 15143 15139 15117 15111 15124 15125 15140 15139 15156 15129 15104 15053 14931 14876 14877
15296 15287 15263 15251 15219 15197 15198 15138 15130 15144 15132 15127 15110 15127 15058 15045 15010 14912 14875 14861 14877
15278 15264 15276 15274 15158 15142 15120 15117 15194 15195 15149 15069 15033 14940 14936 14901 14863 14878 14881 14898 14855
15268 15281 15275 15164 15141 15128 15123 15203 15221 15211 15158 15107 14974 14955 14886 14794 14748 14802 14885 14859 14832
15280 15277 15165 15136 15134 15209 15224 15242 15258 15235 15171 15167 15142 15053 14911 14815 14821 14901 14873 14900 14776
15233 15269 15160 15141 15217 15262 15268 15262 15239 15187 15194 15184 15103 15040 14961 14929 14919 14880 14819 14826 14842
