inst/extdata/modis/lst/modgrid/Lat43.00075Lon-78.78820Start2001-01-01End2013-12-31___MOD11A2/GRID_Lat43.00075Lon-78.78820Start2001-01-01End2013-12-31___MOD11A2_LST_Day_1km_A2008041.asc
ncols		 21
nrows		 21
xllcorner	 -6416881.12
yllcorner	 4772121.02
cellsize	 926.625433055834
NODATA_value	 0
13487 0 0 0 0 0 13433 13433 0 13187 13181 13255 13251 13392 13283 13293 13306 13299 13269 13266 13280
0 0 0 0 0 0 13454 0 13415 13417 13417 13416 13428 13059 13257 13261 13257 13260 13249 13264 13298
0 13506 13520 13572 13576 13454 13465 13468 13418 13429 13429 13428 13424 13422 13429 13312 13296 13237 13277 13299 13276
13476 13487 13533 13561 13516 13532 13525 13499 13441 13445 13440 13423 13420 0 13385 13307 13311 13287 13294 13315 13329
13440 13436 13445 13484 13482 13509 13502 13484 13474 13471 13453 13456 13438 13438 13313 13290 13287 13453 13315 13329 13338
13439 13442 13440 13442 13448 13484 13542 13508 13478 13457 13453 13306 13310 13319 13343 13342 13501 13313 13301 13266 13314
13438 13436 13435 13437 13450 13472 13502 13503 13461 13443 13315 13308 13329 13363 13369 13408 13369 13247 13260 13317 13313
13434 13427 13411 13383 13425 13476 0 13451 13451 13423 13430 13453 13348 13348 13345 13309 13271 13288 13311 13323 13311
13429 13282 13396 13395 0 0 0 0 0 13467 13463 13339 13339 13343 13323 13291 13309 13317 13324 13319 13311
13285 13279 13268 13106 13116 0 0 13479 13480 13484 13351 13357 13346 13330 13306 13330 13340 13336 13323 13306 13305
13181 13158 13142 13135 0 0 13479 13470 13342 13369 13360 13320 13313 13316 13337 13338 13340 13327 13316 13322 13322
13207 13208 13207 0 13223 13364 13361 13201 13525 13504 13491 13329 13329 13346 13344 13338 13339 13343 13345 13328 13312
13237 13241 0 13223 13363 13367 13213 0 13509 13494 13341 13337 13335 13340 13334 13333 13340 13346 13320 13310 13304
13241 0 0 13245 13247 13248 0 13493 13485 13347 13335 13322 13325 13338 13334 13316 13327 13324 13310 13300 13295
13303 13303 13251 13246 13366 13367 13472 13328 13331 13324 13323 13324 13339 13333 13318 13330 13335 13309 13300 13296 13291
13293 13381 13372 13370 13365 13348 13329 13205 13321 13325 13340 13345 13344 13337 13338 13339 13316 13307 13294 13286 13285
13382 13377 13370 13364 13347 13337 13336 13333 13326 13273 13267 13348 13345 13339 13328 13319 13353 13334 13298 13276 13171
13375 13255 13261 13246 13360 13346 13341 13271 13279 13279 13279 13274 13333 13321 13310 13319 13320 13294 13269 13287 13283
13253 13257 13249 13369 13350 13352 13289 13192 13288 13280 13274 13330 13328 13311 13306 13309 13270 13264 13276 13273 13268
13263 13260 13376 13353 13357 13362 13194 13299 13295 13282 13330 13331 13322 13302 13290 13277 13270 13273 13279 13273 13394
13247 13392 13372 13371 13371 13386 13386 13372 13354 13327 13328 13320 13312 13294 13291 13289 13276 13269 13402 13397 13251
