inst/extdata/modis/lst/modgrid/Lat43.00075Lon-78.78820Start2001-01-01End2013-12-31___MOD11A2/GRID_Lat43.00075Lon-78.78820Start2001-01-01End2013-12-31___MOD11A2_LST_Day_1km_A2001345.asc
ncols		 21
nrows		 21
xllcorner	 -6416881.12
yllcorner	 4772121.02
cellsize	 926.625433055834
NODATA_value	 0
14086 14095 14094 14080 14072 14068 14064 14044 14040 14039 14043 14065 14070 14068 14050 14019 13995 14003 14012 14016 14023
14068 14104 14079 14061 14047 14050 14046 14041 14031 14027 14058 14056 14062 14062 14032 14014 14002 14015 14022 14031 14016
14090 14075 14078 14075 14073 14060 14051 14032 14025 14046 14061 14052 14047 14049 14023 14003 14017 14020 14021 14022 14022
14041 14037 14042 14054 14056 14089 14102 14062 14068 14080 14068 14072 14074 14045 14014 14000 14018 14023 14025 14020 14028
14036 14038 14034 13994 14011 14041 14063 14106 14108 14094 14086 14077 14055 14033 14039 14057 14040 14028 13999 14009 14020
14045 14045 14040 14028 14030 14043 14112 14109 14097 14081 14065 14054 14049 14067 14074 14055 14035 14029 14031 14026 14019
14047 14046 14043 14037 14039 14080 14110 14110 14088 14059 14058 14063 14081 14088 14088 14059 14059 14053 14038 14027 14030
14047 14051 14054 14059 14068 14130 14123 14115 14088 14077 14071 14080 14090 14085 14057 14075 14078 14072 14057 14049 14046
14049 14053 14080 14095 14136 14123 14108 14086 14082 14082 14084 14093 14088 14073 14082 14073 14069 14073 14067 14063 14078
14095 14094 14107 14122 14112 14099 14084 14085 14097 14107 14112 14099 14091 14097 14085 14078 14078 14074 14053 14015 14038
14089 14096 14102 14113 14105 14094 14087 14100 14109 14117 14102 14099 14097 14090 14088 14086 14080 14075 14062 14065 14056
14099 14108 14112 14114 14112 14109 14114 14120 14123 14096 14077 14072 14091 14098 14100 14100 14082 14081 14092 14088 14077
14115 14117 14119 14120 14120 14119 14128 14129 14108 14100 14088 14090 14103 14104 14099 14085 14090 14109 14123 14093 14063
14123 14125 14123 14124 14125 14129 14120 14105 14099 14095 14089 14079 14093 14100 14090 14084 14081 14086 14070 14064 14063
14119 14123 14124 14129 14126 14121 14109 14087 14091 14092 14092 14087 14093 14095 14094 14092 14088 14057 14055 14063 14017
14126 14124 14122 14125 14120 14108 14083 14090 14090 14090 14082 14080 14085 14120 14102 14093 14074 14049 14039 14020 14017
14146 14132 14127 14119 14110 14103 14105 14096 14094 14096 14102 14100 14104 14085 14087 14083 14041 14033 14031 14028 14026
14127 14129 14127 14128 14126 14119 14106 14104 14108 14108 14091 14085 14047 14044 14059 14032 14033 14040 14046 14033 14025
14135 14140 14148 14139 14131 14126 14127 14116 14107 14094 14088 14079 14079 14075 14055 14032 14022 14029 14029 14027 14021
14151 14158 14148 14130 14117 14102 14115 14118 14115 14101 14099 14100 14098 14084 14058 14049 14041 14026 14033 14041 14037
14160 14151 14134 14133 14129 14130 14134 14145 14129 14113 14106 14118 14095 14067 14047 14041 14022 14026 14031 14039 14040
