inst/extdata/modis/lst/modgrid/Lat43.00075Lon-78.78820Start2001-01-01End2013-12-31___MOD11A2/GRID_Lat43.00075Lon-78.78820Start2001-01-01End2013-12-31___MOD11A2_LST_Day_1km_A2013305.asc
ncols		 21
nrows		 21
xllcorner	 -6416881.12
yllcorner	 4772121.02
cellsize	 926.625433055834
NODATA_value	 0
13926 14018 14025 14025 14028 14028 14105 14104 14033 14034 14110 14111 13914 13905 13896 13896 13831 13809 13827 13825 13804
13994 14002 14000 14000 13999 13991 13867 13867 13873 13895 13898 13900 13896 13892 13892 13829 13812 13828 13834 13827 13825
13995 13994 13995 14133 13993 13881 13878 13882 13908 13902 13897 13889 13888 13888 13866 13847 13847 13856 13809 13802 13781
13845 13848 13848 13876 0 13903 13914 13971 13971 13971 13952 13944 13940 13926 13910 13904 13900 13904 13817 13816 13913
13739 13744 13775 13795 13802 0 13943 13946 13957 13968 13963 13957 13942 13935 13935 13931 13920 13920 13920 13913 13913
13724 13749 13762 13762 13831 13925 13883 13890 13990 13995 13994 13969 13964 13963 13897 13894 13963 13959 13954 13951 13945
13756 13768 13767 13814 13891 13868 13877 13974 13982 13985 13966 13965 13965 13899 13898 13973 13971 13972 13972 13969 13945
13770 13769 13809 13853 13853 13891 13955 13962 13962 13957 13960 13920 13925 13928 13975 13976 13973 13972 13970 13857 13942
13785 13826 13863 13862 13901 13944 13949 13951 13954 13958 13961 13951 13979 13978 13977 13973 13973 13970 13858 13881 13902
13830 13895 13895 13905 13937 13940 14023 14027 13948 13957 13979 13994 13994 13993 13981 13980 13973 13875 13878 13892 13945
14005 14020 13884 13904 13909 14008 14022 13882 13931 13953 13974 13977 13982 13980 13980 13973 13876 13872 13913 13941 13957
14021 13884 13898 13901 13901 13933 13942 13921 13939 13942 13942 13949 13976 13978 13972 13918 13906 13906 13955 13980 13978
13894 13895 13896 13897 13935 13923 13923 13953 13956 13954 13954 13971 13973 13968 13914 13903 13904 13958 13989 13989 13976
13907 13904 13902 13936 13936 13936 13963 13975 13975 13967 13955 13933 13944 13875 13875 13875 13932 13947 13952 13955 13949
13932 13932 13932 13932 13932 13942 13948 13951 13943 13931 13922 13918 13851 13855 13859 13930 13940 13940 13944 13946 13946
13966 13959 13955 13948 13944 13944 13943 13933 13916 13937 13928 13817 13817 13817 13921 13939 13939 13922 13914 13916 13914
13986 13985 13981 13960 13953 13951 13916 13888 13894 13859 13811 0 13780 13888 13907 13917 13919 13912 13911 13906 13816
13965 13965 13952 13904 13912 13912 13883 13879 13841 13800 0 0 13865 13878 13889 13914 13916 13915 13906 13907 13907
13941 13891 13902 13906 13896 13868 13872 13854 0 13792 13818 13889 13896 13899 13913 13915 13915 13905 13905 13906 13892
13892 13891 13929 13904 13881 13878 13846 0 0 13839 13902 13909 13909 13911 13912 13912 13901 13891 13891 13881 13873
13918 13918 13918 13917 13917 13919 13929 13929 13930 13946 13944 13939 13868 13864 13915 13901 13896 13895 13885 13872 14097
