inst/extdata/modis/lst/modgrid/Lat43.00075Lon-78.78820Start2001-01-01End2013-12-31___MOD11A2/GRID_Lat43.00075Lon-78.78820Start2001-01-01End2013-12-31___MOD11A2_LST_Day_1km_A2011137.asc
ncols		 21
nrows		 21
xllcorner	 -6416881.12
yllcorner	 4772121.02
cellsize	 926.625433055834
NODATA_value	 0
15088 15078 15051 15030 15013 15026 15008 14974 14953 14891 14858 14871 14849 14819 14734 14653 14658 14657 14643 14637 14598
14684 14766 14840 14877 14909 14928 14863 14873 14841 14802 14807 14853 14824 14797 14767 14715 14701 14679 14669 14630 14594
14492 14587 14580 14510 14527 14542 14579 14680 14719 14717 14740 14836 14852 14832 14784 14768 14720 14714 14689 14678 14682
14496 14549 14589 14580 14523 14473 14512 14592 14672 14739 14831 14917 14915 14897 14897 14795 14778 14718 14695 14690 14685
14718 14724 14635 14580 14533 14429 14362 14414 14672 14873 14972 14948 14893 14891 14849 14830 14737 14710 14698 14688 14693
14813 14804 14746 14699 14578 14541 14309 14622 14859 14966 14941 14891 14888 14888 14872 14796 14765 14724 14726 14762 14770
14757 14733 14706 14614 14591 14578 14590 14828 14936 14920 14865 14866 14915 14916 14880 14840 14762 14750 14785 14792 14781
14710 14692 14631 14610 14570 14569 14717 14818 14875 14872 14882 14895 14918 14911 14881 14803 14833 14842 14817 14824 14854
14629 14602 14594 14611 14614 14720 14767 14853 14866 14885 14903 14946 14872 14914 14975 14900 14900 14926 14913 14879 14912
14576 14574 14608 14685 0 0 14881 14880 14953 15033 15015 14997 14932 14975 15007 15000 14940 14886 14894 14919 14914
14665 14787 14839 15025 0 14881 14881 15087 15044 15037 15019 14988 14952 14940 14998 14990 14959 14953 14967 14958 14915
14787 14861 0 0 15071 15159 15206 15227 15124 15075 15012 14989 14949 14996 15019 15002 14987 14986 14989 14945 14888
14890 0 0 15071 15172 15208 15246 15132 15097 15028 14988 14965 14987 15004 14986 14948 14950 14964 14951 14881 14769
0 0 0 0 15121 15189 15067 15042 15025 14999 14965 14936 14938 14964 14892 14912 14945 14949 14901 14797 14755
0 0 15033 15049 15118 15023 14999 14979 14957 14931 14901 14893 14910 14885 14879 14876 14884 14883 14798 14786 14723
0 15033 15037 15087 14953 14923 14931 14924 14883 14868 14858 14845 14878 14894 14894 14903 14902 14770 14763 14708 14694
0 0 0 14824 14828 14854 14866 14850 14831 14876 14863 14839 14811 14816 14819 14840 14734 14736 14696 14685 14698
0 0 0 14800 14835 14836 14851 14877 14878 14873 14832 14794 14782 14760 14742 14682 14677 14686 14695 14725 14728
0 0 14763 14784 14798 14846 14859 14877 14882 14851 14814 14798 14774 14760 14715 14703 14687 14693 14726 14728 14711
0 14705 14726 14733 14784 14800 14833 14872 14837 14820 14801 14793 14783 14757 14744 14711 14708 14720 14726 14736 14734
14583 14705 14719 14777 14784 14811 0 0 0 14812 14814 14826 14831 14802 14736 14729 14713 14715 14724 14726 14718
