inst/extdata/modis/lst/modgrid/Lat43.00075Lon-78.78820Start2001-01-01End2013-12-31___MOD11A2/GRID_Lat43.00075Lon-78.78820Start2001-01-01End2013-12-31___MOD11A2_LST_Day_1km_A2003193.asc
ncols		 21
nrows		 21
xllcorner	 -6416881.12
yllcorner	 4772121.02
cellsize	 926.625433055834
NODATA_value	 0
15259 15278 15290 15284 15270 15254 15221 15189 15164 15127 15097 15097 15078 15050 15023 14973 15030 15052 15050 15019 14978
15108 15162 15166 15155 15140 15133 15102 15078 15059 15036 15061 15071 15072 15078 15041 15084 15077 15076 15050 15016 14990
14873 14915 14945 14968 14963 14931 14950 14971 14983 15010 15019 15041 15066 15071 15068 15098 15077 14950 14911 14896 14901
14827 14829 14816 14832 14857 14839 14864 14940 15025 15066 15076 15093 15104 15092 15111 15072 15021 14979 14873 14902 14913
14965 14966 14916 14868 14842 14873 14895 14928 15061 15135 15174 15146 15113 15077 15049 15054 14999 14935 14860 14879 14911
15031 15040 15019 14890 14940 14911 14856 14954 15110 15193 15120 15072 15063 15062 15055 15004 14959 14839 14870 14931 14948
15003 15004 14973 14930 14894 14893 14940 15112 15205 15163 15087 15081 15113 15123 15092 15000 14939 14961 14990 14986 14972
14984 14947 14934 14943 14961 14969 15163 15251 15186 15127 15094 15137 15177 15172 15090 15028 15041 15078 15072 15001 14986
14949 14944 14993 15038 15061 15165 15228 15201 15147 15128 15178 15201 15189 15150 15141 15142 15156 15124 15084 15073 15047
14950 14992 15037 15148 15205 15242 15245 15223 15226 15248 15242 15231 15221 15213 15200 15198 15149 15099 15096 15130 15137
15006 15053 15183 15236 15266 15271 15263 15281 15283 15281 15266 15249 15232 15192 15194 15189 15153 15140 15212 15226 15196
15109 15179 15210 15254 15262 15285 15318 15323 15343 15316 15287 15257 15211 15214 15228 15215 15177 15146 15194 15267 15138
15234 15253 15284 15284 15306 15336 15365 15406 15376 15323 15271 15231 15233 15239 15221 15172 15153 15207 15260 15169 15014
15323 15350 15332 15336 15342 15354 15425 15374 15302 15258 15217 15196 15212 15240 15188 15168 15209 15247 15086 15035 15026
15378 15371 15354 15349 15340 15336 15316 15253 15236 15207 15177 15172 15215 15206 15194 15214 15290 15125 15060 15035 15003
15420 15385 15372 15359 15336 15297 15232 15226 15210 15209 15200 15188 15184 15206 15254 15269 15187 15118 15075 15002 15001
15432 15414 15395 15367 15322 15262 15254 15243 15233 15218 15184 15165 15181 15193 15174 15128 15104 15086 15010 14973 14953
15410 15392 15404 15379 15344 15304 15279 15275 15285 15289 15252 15237 15202 15118 15078 15051 14981 14967 15006 14964 15069
15403 15424 15401 15370 15319 15297 15302 15308 15320 15301 15272 15235 15148 15104 15054 14966 14916 14918 14976 14990 14972
15408 15407 15375 15321 15311 15321 15330 15345 15359 15341 15219 15199 15176 15127 15057 15005 14980 14995 15011 15022 15001
15416 15404 15359 15337 15349 15369 15370 15379 15348 15309 15239 15238 15193 15118 15059 15040 15028 15016 14992 14973 14960
