inst/extdata/modis/lst/modgrid/Lat43.00075Lon-78.78820Start2001-01-01End2013-12-31___MOD11A2/GRID_Lat43.00075Lon-78.78820Start2001-01-01End2013-12-31___MOD11A2_LST_Day_1km_A2009361.asc
ncols		 21
nrows		 21
xllcorner	 -6416881.12
yllcorner	 4772121.02
cellsize	 926.625433055834
NODATA_value	 0
0 0 0 0 0 0 0 0 0 0 13061 13061 0 0 0 0 0 0 0 0 13191
0 0 0 0 0 0 0 0 0 13061 13040 13058 13071 0 0 0 0 0 0 0 13228
0 0 0 0 0 13172 13172 0 0 13033 13052 13073 13095 0 0 0 0 0 0 13224 13224
0 0 0 0 0 13172 0 0 0 13039 13082 13095 0 0 13189 13189 0 0 0 0 0
0 0 0 0 0 0 0 13106 13061 13074 13076 0 0 13189 13189 0 0 0 0 0 0
13076 13081 13083 0 0 0 13106 13103 13073 13073 0 0 0 13282 0 0 0 0 0 0 13278
13088 13083 0 0 0 0 0 13049 13040 0 0 0 13282 13282 0 0 0 0 13252 13260 13327
13163 13167 0 0 0 0 13040 13040 0 0 0 13282 13282 0 0 0 0 13252 13259 13314 13323
13216 13215 0 0 0 13019 13019 0 0 0 0 0 0 0 0 0 0 0 13305 13310 13340
13215 0 0 0 13019 13019 0 0 0 0 0 0 0 0 0 0 13251 13276 13298 13310 13352
0 0 0 0 0 0 0 0 0 0 0 0 0 13205 13205 13251 13264 13288 13312 13350 13384
0 0 0 0 0 0 0 0 0 0 0 0 13236 13226 0 0 13295 13307 13347 13387 13384
0 0 0 0 0 0 0 0 0 13222 13223 13244 13292 13301 13300 13295 13305 13343 13391 13386 13391
0 0 0 0 0 0 0 0 13232 13238 13277 13322 13304 13300 0 13288 13335 13378 13384 13387 13392
0 0 0 0 0 0 0 13233 13260 13315 13358 13330 13310 13309 13304 13334 13363 13367 13374 13386 13385
0 0 0 0 0 0 0 13267 13325 13368 13383 13359 13364 13343 13343 13355 13359 13374 13386 13380 13378
0 0 0 0 0 13268 13271 13324 13346 13368 13371 13371 13364 13354 13356 13362 13392 13422 13393 13381 13375
0 0 0 0 0 13324 13323 13348 13372 13385 13379 13363 13354 13360 13374 13400 13444 13403 13380 13388 13368
0 0 0 0 13334 13336 13363 13378 13400 13393 13355 13358 13372 13382 13392 13405 13398 13377 13376 13362 13363
13265 13290 13329 13356 13363 13378 13385 13398 13409 13361 13336 13368 13380 13382 13385 13381 13370 13370 13368 13361 13361
13299 13340 13366 13377 13386 13398 13390 13381 13323 13314 13376 13384 13381 13383 13384 13375 13369 13368 13367 13365 13362
