inst/extdata/modis/lst/modgrid/Lat43.00075Lon-78.78820Start2001-01-01End2013-12-31___MOD11A2/GRID_Lat43.00075Lon-78.78820Start2001-01-01End2013-12-31___MOD11A2_LST_Day_1km_A2003153.asc
ncols		 21
nrows		 21
xllcorner	 -6416881.12
yllcorner	 4772121.02
cellsize	 926.625433055834
NODATA_value	 0
14931 14919 14924 14827 14822 14952 14972 14931 14873 14860 14790 14802 14837 14764 14743 14679 14664 14749 14728 14710 14644
14537 14706 14725 14760 14746 14746 14672 14741 14806 14754 14777 14813 14817 14812 14752 14786 14764 14748 14726 14666 14652
14470 14567 14601 14561 14590 14577 14610 14653 14665 14730 14779 14794 14861 14864 14802 14768 14758 14729 14694 14660 14633
14455 14483 14516 14522 14496 14486 14486 14532 14713 14723 14754 14858 14873 14823 14771 14767 14728 14693 14647 14640 14650
14610 14644 14631 14577 14535 14504 14512 14636 14678 14764 14899 14922 14883 14802 14783 14740 14697 14645 14647 14645 14642
14715 14717 14724 14641 14625 14593 14607 14671 14821 14931 14905 14860 14818 14820 14826 14726 14662 14653 14671 14665 14687
14762 14754 14748 14712 14679 14657 14643 14825 14884 14859 14828 14808 14866 14891 14766 14710 14755 14751 14748 14719 14710
14728 14734 14714 14709 14698 14708 14771 14894 14894 14786 14809 14863 14893 14800 14791 14813 14784 14779 14753 14721 14693
14671 14675 14731 14734 14734 14800 14897 14888 14870 14860 14848 14849 14820 14813 14802 14879 14864 14750 14786 14737 14729
14666 14722 14744 14755 14910 14930 14923 14915 14913 14922 14953 14849 14841 14837 14908 14883 14844 14799 14775 14760 14807
14731 14767 14838 14941 14950 14939 14951 14971 14971 15028 14976 14935 14836 14871 14865 14852 14820 14819 14790 14782 14767
14820 14863 14934 14930 14923 14887 14961 15012 15053 14993 14948 14849 14862 14856 14843 14831 14850 14807 14804 14794 14705
14915 14955 14920 14898 14892 14962 14982 14943 15014 14961 14926 14860 14860 14855 14858 14838 14823 14831 14782 14821 14803
14978 14931 14924 14966 14969 14997 14994 14955 14917 14894 14784 14777 14765 14849 14827 14821 14829 14814 14724 14703 14650
14941 14930 14981 14965 14979 14976 14927 14904 14895 14861 14767 14758 14810 14795 14784 14820 14802 14745 14707 14653 14727
15036 15009 14992 14989 14980 14911 14889 14882 14874 14862 14847 14819 14806 14798 14733 14712 14662 14637 14646 14621 14510
15046 15031 15017 15007 14944 14922 14906 14881 14881 14871 14839 14814 14803 14751 14717 14659 14626 14549 14540 14517 14648
15035 15029 15028 14990 14971 14959 14931 14919 14909 14905 14883 14849 14728 14687 14654 14601 14534 14533 14612 14650 14650
15017 15026 15021 14997 14975 14946 14931 14931 14939 14941 14901 14753 14686 14662 14586 14527 14519 14588 14609 14610 14600
15023 15028 15000 14981 14946 14928 14929 14956 14965 14945 14812 14765 14741 14628 14572 14558 14616 14599 14599 14601 14595
15039 15021 14998 14968 14963 14976 14984 14974 14950 14919 14853 14848 14765 14692 14673 14646 14605 14603 14603 14603 14603
