inst/extdata/modis/lst/modgrid/Lat43.00075Lon-78.78820Start2001-01-01End2013-12-31___MOD11A2/GRID_Lat43.00075Lon-78.78820Start2001-01-01End2013-12-31___MOD11A2_LST_Day_1km_A2003225.asc
ncols		 21
nrows		 21
xllcorner	 -6416881.12
yllcorner	 4772121.02
cellsize	 926.625433055834
NODATA_value	 0
15190 15186 15210 15234 15209 15269 15218 15121 15131 15072 15066 15084 15105 15126 15047 15002 15017 15046 15031 15009 14976
15065 15129 15144 15091 15086 15117 15047 15067 15044 15027 15067 15093 15133 15081 15049 15026 15033 15028 14992 15004 14973
14899 14913 14938 14966 14968 14952 14977 15012 15015 15058 15088 15106 15098 15092 15077 15035 14994 14991 14997 14987 14944
14846 14867 14873 14903 14855 14856 14879 14949 15011 15082 15114 15126 15140 15121 15073 15047 15005 14962 14943 14931 15009
14920 14929 14950 14933 14892 14860 14882 14944 15090 15115 15108 15117 15148 15084 15077 15047 14989 14906 14910 14941 14949
14996 15009 15005 14966 14925 14862 14903 15018 15095 15145 15109 15050 15008 15062 15120 15074 14964 14911 14937 14961 15010
15023 15048 15037 14997 14939 14953 14979 15091 15175 15136 15066 15033 15075 15122 15095 15040 15005 15051 15037 15035 15020
14990 14996 14982 14969 15028 15012 15076 15178 15167 15104 15067 15092 15145 15132 15118 15072 15069 15043 15043 15026 14981
14956 15014 15059 15079 15064 15092 15134 15144 15099 15088 15105 15145 15119 15135 15135 15136 15083 15044 15052 15024 15028
15003 15032 15073 15110 15141 15193 15180 15158 15135 15151 15180 15147 15130 15155 15154 15156 15098 15087 15050 15030 15023
15014 15053 15157 15185 15212 15204 15189 15189 15212 15188 15148 15129 15107 15126 15170 15127 15129 15059 15064 15097 15061
15075 15154 15176 15190 15186 15198 15202 15209 15228 15147 15142 15127 15154 15208 15190 15196 15113 15122 15158 15127 15065
15184 15216 15208 15197 15223 15228 15232 15264 15259 15177 15196 15222 15215 15213 15167 15131 15148 15207 15128 15072 15048
15229 15237 15268 15185 15206 15267 15282 15265 15238 15250 15214 15190 15198 15192 15157 15112 15189 15224 15140 15076 15069
15303 15281 15184 15203 15234 15234 15216 15250 15225 15207 15190 15145 15132 15115 15129 15179 15233 15142 15090 15051 15024
15317 15271 15236 15245 15233 15205 15241 15239 15214 15158 15144 15089 15129 15199 15221 15230 15198 15151 15021 14982 14962
15309 15264 15278 15281 15244 15251 15221 15234 15174 15171 15152 15161 15171 15214 15176 15157 15129 15019 15008 15009 15044
15261 15284 15300 15286 15307 15248 15242 15166 15165 15207 15196 15164 15145 15118 15086 15072 15020 15027 15047 15080 15058
15263 15298 15395 15353 15283 15263 15236 15247 15282 15245 15205 15157 15128 15106 15058 14996 14973 14995 15062 15034 15032
15329 15408 15332 15274 15261 15257 15314 15270 15298 15286 15239 15191 15181 15127 15060 15078 15046 15038 15045 15043 15039
15415 15338 15287 15322 15355 15380 15337 15336 15375 15332 15244 15220 15180 15136 15060 15052 15036 15028 15029 15040 15013
