inst/extdata/modis/lst/modgrid/Lat43.00075Lon-78.78820Start2001-01-01End2013-12-31___MOD11A2/GRID_Lat43.00075Lon-78.78820Start2001-01-01End2013-12-31___MOD11A2_LST_Day_1km_A2007329.asc
ncols		 21
nrows		 21
xllcorner	 -6416881.12
yllcorner	 4772121.02
cellsize	 926.625433055834
NODATA_value	 0
13837 13843 13818 13815 13857 13857 13855 13848 13856 13872 13877 13878 13885 13884 13855 13849 13837 13837 13821 13805 13791
13830 13819 13808 13845 13859 13858 13855 13852 13858 13866 13876 13889 13890 13868 13866 13856 13841 0 0 0 0
13849 13883 13877 13912 13875 13868 13862 13862 13856 13852 13856 13867 13863 13868 13870 13860 0 0 0 13789 13780
13872 13879 13878 13883 13880 13883 13890 13877 13851 13841 13851 13791 13817 13856 13860 0 0 13787 13788 13787 13770
13857 13862 13854 13841 13842 13882 13876 13876 13853 13843 13837 13787 13780 0 0 13811 13798 13788 13784 13777 13764
13872 13867 13850 13836 13848 13847 13867 13866 13862 13858 13802 0 0 0 13819 13819 13804 13787 13789 13788 13781
13874 13817 13820 13838 13836 13864 13864 13862 13838 13824 0 0 0 13835 13841 13832 13821 13817 13814 13791 13795
13820 13824 13826 13831 13838 13873 13870 13853 13824 13863 13861 13852 13831 13833 13824 13829 13835 13826 13806 13827 13802
13831 13853 13851 13845 13839 13873 13865 0 13855 13856 13852 13854 13841 13846 13842 13841 13839 13843 13859 13860 13847
13865 13862 13909 13908 13896 13863 13836 13838 13846 13850 13854 13844 13847 13846 13847 13846 13844 13825 13833 13823 13811
13899 13906 13874 13873 13876 13830 13832 13835 13835 13839 13839 13836 13834 13851 13865 13870 13835 13835 13824 13832 13824
13863 13861 13864 13835 13831 13840 13843 13849 13855 13849 13836 13831 13847 13871 13877 13839 13836 13837 13851 13854 13824
13870 13869 13844 13850 13855 13859 13856 13855 13857 13854 13866 13848 13864 13871 13870 13865 13858 13863 13856 13806 13792
13863 13852 13858 13865 13876 13865 13861 13868 13879 13875 13863 13863 13863 13860 13852 13844 13838 13833 13802 13793 13786
13856 13860 13852 13851 13859 13865 13874 13882 13877 13875 13867 13857 13854 13850 13848 13842 13834 13835 13825 13808 13779
13873 13871 13868 13866 13862 13863 13873 13873 13865 13861 13854 13849 13845 13850 13844 13844 13840 13824 13784 13773 13765
13870 13873 13866 13857 13856 13868 13859 13865 13855 13841 13842 13847 13830 13818 13820 13834 13808 13766 13761 13771 13748
13857 13853 13855 13862 13865 13858 13861 13850 13832 13818 13820 13822 13822 13815 13827 13809 13793 13783 13770 13747 13724
13765 13823 13848 13867 13857 13845 13842 13845 13813 13790 13799 13820 13831 13836 13798 13783 13775 13770 13750 13719 13783
13779 13823 13819 13857 13854 13837 13826 13823 13824 13822 13826 13836 13833 13804 13780 13771 13768 13749 13718 13775 13766
13821 13820 13851 13834 13825 13824 13833 13836 13835 13830 13829 13842 13831 13770 13751 13747 13731 13708 13755 13740 13728
