inst/extdata/modis/lst/modgrid/Lat43.00075Lon-78.78820Start2001-01-01End2013-12-31___MOD11A2/GRID_Lat43.00075Lon-78.78820Start2001-01-01End2013-12-31___MOD11A2_LST_Day_1km_A2009073.asc
ncols		 21
nrows		 21
xllcorner	 -6416881.12
yllcorner	 4772121.02
cellsize	 926.625433055834
NODATA_value	 0
14341 14344 14331 14342 14363 14363 14341 14326 14312 14284 14294 14307 14305 14302 14282 14243 14232 14244 14239 14229 14224
14130 14044 14187 14202 14208 14205 14191 14268 14263 14248 14279 14296 14309 14311 14291 14267 14259 14243 14234 14242 14238
13808 13838 13842 13961 13936 13983 14136 14190 14215 14244 14272 14281 14302 14310 14305 14281 14251 14237 14228 14224 14228
13852 13893 13897 13893 13959 13843 13859 13943 14156 14260 14274 14321 14342 14337 14298 14256 14234 14217 14201 14212 14231
14108 14035 14151 14138 13987 14040 13902 13949 14212 14297 14360 14357 14332 14301 14285 14281 14244 14195 14207 14228 14237
14214 14220 14204 14177 14137 14054 14017 14113 14280 14365 14336 14296 14289 14300 14323 14283 14224 14214 14221 14255 14270
14258 14265 14269 14249 14198 14156 14117 14281 14355 14351 14308 14292 14309 14354 14337 14282 14234 14254 14263 14261 14269
14248 14251 14247 14240 14217 14168 14236 14345 14360 14328 14312 14317 14346 14351 14318 14281 14295 14288 14292 14293 14280
14235 14237 14245 14231 14208 14237 14321 14354 14352 14331 14342 14358 14346 14327 14317 14327 14328 14330 14323 14319 14317
14201 14198 14216 14253 14326 14357 14381 14376 14383 14395 14388 14357 14345 14358 14362 14363 14346 14313 14324 14322 14328
14180 14266 14329 14355 14373 14399 14398 14409 14432 14429 14397 14374 14352 14346 14370 14373 14357 14356 14351 14356 14339
14282 14331 14356 14377 14407 14417 14440 14464 14469 14425 14390 14373 14367 14376 14399 14397 14390 14379 14399 14381 14332
14353 14381 14400 14413 14422 14446 14466 14486 14449 14418 14398 14386 14387 14407 14405 14388 14368 14400 14386 14345 14312
14408 14431 14435 14432 14440 14453 14467 14435 14420 14402 14388 14379 14391 14406 14390 14372 14395 14393 14350 14332 14304
14445 14451 14445 14436 14442 14442 14423 14410 14401 14394 14383 14378 14388 14385 14380 14391 14396 14376 14344 14321 14271
14461 14459 14455 14450 14442 14416 14415 14413 14405 14397 14395 14390 14388 14391 14399 14410 14402 14348 14304 14264 14249
14467 14462 14454 14442 14426 14418 14418 14414 14404 14399 14395 14386 14384 14376 14368 14352 14303 14266 14261 14288 14262
14451 14450 14464 14460 14438 14424 14417 14410 14419 14409 14380 14368 14347 14336 14325 14275 14250 14253 14295 14303 14249
14448 14466 14466 14446 14426 14423 14420 14425 14419 14397 14400 14379 14359 14337 14286 14249 14227 14269 14288 14272 14271
14454 14460 14444 14419 14419 14428 14438 14434 14437 14431 14420 14406 14393 14354 14304 14267 14268 14266 14275 14287 14276
14457 14453 14439 14428 14433 14447 14456 14464 14463 14447 14432 14423 14407 14344 14308 14289 14263 14265 14278 14277 14267
