inst/extdata/modis/lst/modgrid/Lat43.00075Lon-78.78820Start2001-01-01End2013-12-31___MOD11A2/GRID_Lat43.00075Lon-78.78820Start2001-01-01End2013-12-31___MOD11A2_LST_Day_1km_A2009345.asc
ncols		 21
nrows		 21
xllcorner	 -6416881.12
yllcorner	 4772121.02
cellsize	 926.625433055834
NODATA_value	 0
13695 13693 13688 13691 13700 13689 13681 13665 13669 0 0 13195 13195 0 0 0 0 0 0 0 0
13715 13707 13666 13579 13580 13603 13679 13667 13650 0 0 0 13577 13565 13565 0 0 0 0 0 0
13788 13773 13610 13606 13630 13623 13629 13682 0 0 0 13577 13425 13420 0 13146 13148 13151 0 13551 13551
13592 13582 13595 13660 13633 13650 13619 13770 13509 13255 0 13274 13274 0 13362 13363 13151 13631 13624 13349 13361
13667 13548 13578 13635 13554 13581 13682 13649 13575 0 0 13274 13569 13572 13576 13568 13631 13626 13384 13146 13153
13579 13579 13635 13637 13554 13671 13702 13688 13642 13582 13571 13570 13565 13561 13574 13648 13632 13622 0 0 0
13586 13586 13583 0 13593 13593 13686 13616 13583 13569 13568 13565 13559 13571 13574 13648 0 13576 13576 13547 13543
13586 13583 0 13592 13601 13682 13618 13582 13453 13562 13567 13567 13560 13558 0 13543 13547 13535 13547 13542 13548
0 13622 13592 13603 13672 13666 13460 13454 13454 13568 13567 13562 13558 13568 13540 13541 13540 13541 13540 13543 13535
13641 13637 13633 13617 13633 13583 13452 13458 13577 13572 13569 13566 13561 13551 13549 13549 13535 13538 13519 13531 13536
13744 13598 13582 13570 13569 13574 13575 13569 13577 13572 13557 13546 13548 13552 13553 13548 13539 13542 13543 13549 13542
13567 13568 13564 13563 13576 13579 13578 13584 13580 13544 13538 13543 13550 13555 13568 13563 13552 13539 13558 13549 13516
13556 13565 13580 13584 13578 13583 13590 13605 13571 13551 13545 13547 13549 13542 13531 13526 13521 13538 13537 13504 13480
13562 13586 13584 13572 13573 13582 13601 13563 13546 13541 13536 13526 13533 13539 13521 13506 13515 13511 13469 13471 13466
13595 13587 13570 13566 13561 13565 13550 13530 13531 13528 13518 13511 13517 13514 13506 13521 13522 13477 13464 13460 13456
13594 13585 13576 13576 13561 13544 13526 13525 13521 13518 13509 13499 13507 13509 13512 13507 13482 13465 13476 13473 13454
13604 13588 13559 13561 13550 13557 13529 13516 13500 13491 13487 13498 13499 13492 13482 13473 13473 13495 13459 13429 13411
13551 13522 13532 13554 13586 13534 13515 13513 13510 13500 13484 13472 13471 13462 13451 13473 13484 13455 13420 13410 13416
13507 13522 13555 13539 13527 13508 13509 13518 13517 13338 13331 13327 13313 13300 13465 13341 13477 13428 13409 13403 13380
0 13560 13556 13513 13508 13328 13519 13516 13340 13335 13327 13317 13310 13308 13306 13450 13408 13397 13390 13383 13380
13534 13543 13541 13533 13330 13344 13349 13323 13509 13304 13485 13478 13288 13284 13258 13239 13241 13245 13240 13380 13372
