inst/extdata/modis/lst/modgrid/Lat43.00075Lon-78.78820Start2001-01-01End2013-12-31___MOD11A2/GRID_Lat43.00075Lon-78.78820Start2001-01-01End2013-12-31___MOD11A2_LST_Day_1km_A2012281.asc
ncols		 21
nrows		 21
xllcorner	 -6416881.12
yllcorner	 4772121.02
cellsize	 926.625433055834
NODATA_value	 0
14226 14236 14392 14355 14346 14398 14403 14402 14370 14358 14366 14458 14458 14454 14443 14435 14419 14404 14404 14404 14393
14211 14215 14213 14209 14381 14383 14374 14368 14358 14360 14439 14446 14454 14459 14459 14421 14411 14407 14403 14391 14389
14184 14188 14182 14429 14370 14364 14360 14364 14367 14370 14433 14433 14437 14440 14419 14420 14420 14403 14386 14388 14389
14165 14171 14344 14345 14409 14353 14364 14369 14378 14463 14454 14440 14423 14415 14416 14417 14391 14381 14382 14383 14385
14302 14349 14345 14333 14329 0 14358 14382 14469 14470 14461 14431 14424 14419 14413 14392 14389 14385 14382 14381 14380
14370 14368 14375 14327 14322 14332 14369 14459 14462 14453 14428 14428 14428 14429 14415 14399 14392 14379 14372 14377 14380
14380 14383 14373 14353 14349 14364 14458 14458 14450 14440 14434 14429 14439 14445 14440 14425 14392 14375 14368 14373 14417
14368 14364 14374 14380 14380 14381 14455 14454 14448 14447 14445 14442 14444 14445 14435 14421 14415 14404 14400 14419 14418
14340 14347 14404 14397 14384 14455 14474 14470 14460 14451 14443 14442 14444 14460 14441 14426 14421 14279 14281 14281 0
14361 14423 14428 14427 14475 14481 14476 14475 14480 14473 14459 14452 14475 14480 14474 14390 14306 14283 14282 14153 0
14373 14387 14432 14448 14493 14491 14492 14493 14485 14483 14482 14481 14480 14480 14396 14390 14377 14340 0 0 0
14384 14445 14453 14453 14494 14507 14524 14519 14506 14491 14485 14484 14484 14328 14321 14321 14316 0 0 0 0
14459 14460 14456 14502 14512 14521 14524 14522 14510 14504 14497 14489 14223 14223 0 14315 0 0 0 0 0
14461 14498 14505 14512 14512 14515 14509 14501 14505 14507 14358 14223 14223 14223 0 0 0 0 0 0 0
14496 14509 14516 14514 14513 14485 14481 14486 14494 14483 14223 14223 14223 0 0 0 0 0 14073 14449 14434
14518 14518 14516 14510 14486 14289 14288 14286 14299 14158 0 0 0 0 0 0 0 14075 14450 14416 14388
14519 14519 14505 14491 14290 14290 14292 14313 14158 14190 14292 14292 0 0 14252 14252 14131 0 0 0 0
14336 14330 14334 14366 14373 14500 14327 14158 14230 14288 14292 14292 0 14264 14252 14252 14217 14207 14207 0 0
14349 14339 14370 14376 14384 14389 14375 14379 14385 14409 14356 14366 14305 14301 14283 14222 14103 14207 0 0 0
14384 14377 14379 14385 14387 14385 14385 14389 14421 14351 14351 14347 14334 14303 14252 14129 14123 13998 0 0 0
14382 14392 14402 14397 14387 14381 14379 14367 14226 14305 14352 14355 14344 14393 14301 14131 14009 0 0 0 0
