inst/extdata/modis/lst/modgrid/Lat43.00075Lon-78.78820Start2001-01-01End2013-12-31___MOD11A2/GRID_Lat43.00075Lon-78.78820Start2001-01-01End2013-12-31___MOD11A2_LST_Day_1km_A2009241.asc
ncols		 21
nrows		 21
xllcorner	 -6416881.12
yllcorner	 4772121.02
cellsize	 926.625433055834
NODATA_value	 0
14997 14988 14976 14960 15034 15033 14993 14927 14938 14877 14877 14907 14927 14916 14813 14772 14774 14805 14798 14761 14776
14873 14895 14898 14928 14950 14933 14863 14852 14829 14824 14842 14903 14914 14856 14820 14803 14810 14790 14787 14806 14779
14727 14713 14760 14836 14782 14764 14801 14785 14787 14803 14876 14849 14891 14914 14865 14909 14809 14791 14792 14779 14784
14710 14698 14723 14753 14752 14770 14766 14805 14880 14896 14866 14904 14937 14918 14888 14849 14816 14786 14765 14798 14807
14787 14806 14828 14818 14798 14797 14732 14862 14936 14923 14942 14928 14929 14898 14894 14872 14817 14732 14768 14762 14769
14851 14847 14846 14846 14788 14745 14778 14876 14971 15024 14898 14832 14861 14927 15026 14896 14759 14775 14823 14835 14793
14894 14888 14904 14847 14808 14808 14908 15044 15085 14926 14814 14813 14949 15010 14982 14822 14802 14864 14885 14882 14874
14852 14855 14822 14831 14864 14930 15009 15115 14986 14916 14883 14918 14977 15000 14926 14873 14898 14901 14903 14888 14891
14804 14782 14835 14895 14958 15015 15104 15073 14996 14967 14962 14979 14992 14946 14936 14978 15021 14999 14933 14915 14933
14779 14865 14915 15003 15069 15113 15103 15056 15046 15069 15027 14988 14986 14964 14997 14998 14977 14928 14901 14948 14974
14883 14956 15049 15084 15113 15121 15106 15084 15082 15050 15038 15017 14984 14959 14985 15030 14937 14998 14998 15015 14983
14959 15008 15061 15075 15103 15134 15099 15113 15137 15081 15044 14981 14972 15016 15083 15047 15043 15033 15067 15055 14864
15033 15072 15096 15120 15134 15144 15082 15173 15150 15126 15087 15001 15122 15138 15119 15082 15054 15050 15113 15090 15024
15078 15132 15143 15151 15141 15114 15115 15139 15126 15048 15013 15091 15111 15094 15054 15029 15106 15097 15074 15035 14948
15155 15122 15135 15131 15168 15101 15117 15094 15081 15056 15042 15002 15062 15068 15043 15097 15109 15020 14981 14952 14918
15101 15141 15125 15132 15155 15133 15097 15086 15053 15051 15023 15045 15063 15058 15086 14995 15022 14990 14905 14879 14843
15161 15116 15106 15089 15105 15106 15080 15054 15059 15077 15040 15067 15057 15097 15026 14993 14968 14931 14940 14822 14812
15156 15136 15096 15137 15109 15175 15124 15103 15086 15123 15067 15072 15053 15063 15018 14917 14902 14916 14848 14844 14828
15205 15247 15266 15222 15164 15127 15066 15092 15246 15128 15089 15068 15062 15016 14944 14835 14826 14844 14925 14814 14848
15261 15260 15094 15060 15043 15081 15126 15151 15153 15119 15083 15108 15103 15075 14999 14946 14918 14910 14855 14836 14815
15259 15088 15064 15056 15112 15165 15132 15155 15138 15094 15145 15166 15126 15050 14957 14930 14861 14856 14850 14874 14861
