inst/extdata/modis/lst/modgrid/Lat43.00075Lon-78.78820Start2001-01-01End2013-12-31___MOD11A2/GRID_Lat43.00075Lon-78.78820Start2001-01-01End2013-12-31___MOD11A2_LST_Day_1km_A2006201.asc
ncols		 21
nrows		 21
xllcorner	 -6416881.12
yllcorner	 4772121.02
cellsize	 926.625433055834
NODATA_value	 0
15283 15277 15197 15198 15253 15192 15182 15185 15121 15073 15017 15120 15047 15040 14991 14986 15042 15085 15104 15097 15053
14952 15098 14989 15025 15154 15130 15018 14998 15003 15013 15050 15071 15090 15045 15110 15094 15096 15113 15117 15070 14958
14882 14871 14860 14923 14845 14917 14940 14955 14975 15013 15063 15086 15140 15155 15144 15115 15091 15071 14947 14973 14992
14777 14858 14870 14871 14904 14808 14832 14915 14982 15072 15103 15148 15208 15192 15132 15088 15042 14928 14939 14967 14978
14941 14945 14941 14895 14833 14915 14828 14916 15060 15169 15188 15211 15200 15111 15091 15055 14947 14926 14933 14958 15038
14992 15009 14980 14952 14872 14846 14836 14945 15078 15196 15136 15091 15086 15089 15118 15010 14943 14924 14959 15067 15088
14999 15032 15016 14980 14884 14810 15031 15096 15174 15121 15088 15100 15157 15179 15061 14996 14971 14995 15103 15103 15092
15058 15058 14949 14907 14943 14987 15059 15206 15133 15121 15101 15149 15188 15166 15144 15040 15041 15140 15142 15124 15096
15021 15065 15036 15040 15051 15119 15131 15143 15145 15145 15213 15224 15228 15201 15205 15194 15185 15174 15165 15173 15170
14872 14971 15055 15051 15136 15130 15221 15228 15217 15244 15239 15257 15270 15256 15231 15228 15176 15140 15144 15187 15203
14955 15037 15089 15202 15242 15272 15246 15253 15299 15310 15299 15294 15255 15222 15225 15224 15199 15183 15216 15229 15212
15070 15182 15212 15256 15275 15284 15335 15345 15354 15328 15316 15262 15221 15227 15271 15259 15255 15256 15268 15265 15190
15272 15259 15273 15275 15289 15351 15361 15387 15391 15344 15281 15243 15231 15259 15243 15234 15222 15294 15312 15214 15155
15307 15315 15313 15308 15369 15349 15333 15334 15338 15273 15253 15198 15201 15241 15235 15214 15298 15309 15230 15154 15125
15320 15320 15318 15317 15311 15302 15293 15254 15239 15227 15182 15169 15209 15251 15226 15297 15275 15221 15169 15144 15101
15339 15314 15315 15301 15290 15268 15241 15220 15216 15214 15209 15219 15256 15276 15292 15271 15211 15178 15142 15088 15013
15319 15319 15316 15301 15261 15251 15253 15218 15218 15239 15249 15229 15230 15252 15209 15189 15151 15103 15112 15100 15057
15318 15324 15321 15316 15280 15257 15281 15308 15337 15289 15253 15222 15186 15168 15130 15107 15074 15087 15127 15074 15061
15329 15331 15350 15314 15289 15329 15345 15298 15321 15296 15315 15218 15210 15158 15077 15017 14994 15033 15044 15048 15025
15374 15367 15333 15310 15326 15358 15303 15321 15268 15376 15311 15273 15267 15196 15134 15040 15023 15055 15070 15099 15099
15406 15367 15325 15314 15368 15388 15329 15341 15396 15270 15294 15298 15257 15189 15094 15059 15060 15057 15067 15104 15031
