inst/extdata/modis/lst/modgrid/Lat43.00075Lon-78.78820Start2001-01-01End2013-12-31___MOD11A2/GRID_Lat43.00075Lon-78.78820Start2001-01-01End2013-12-31___MOD11A2_LST_Day_1km_A2013321.asc
ncols		 21
nrows		 21
xllcorner	 -6416881.12
yllcorner	 4772121.02
cellsize	 926.625433055834
NODATA_value	 0
13680 13684 13669 13678 13671 13655 13632 13624 13624 13815 13645 13644 13647 13817 13624 13615 13776 13775 13776 13782 13782
13696 13685 13690 13744 13743 13871 13646 13637 13829 13651 13649 13653 13832 13633 13621 13615 13646 13646 13779 13779 13592
13692 13707 13761 13914 13906 13906 13887 13853 13853 13663 13832 13829 13632 13632 13653 13663 13652 13638 13784 13786 13780
13887 13746 13731 13856 0 13871 13874 13870 13865 13846 13838 13834 13668 13666 13665 13650 13639 13631 13633 13628 13628
13878 13840 13826 13826 13851 13904 13904 13905 13897 13895 13895 13855 13836 13663 13658 13652 13644 13640 13629 13628 13603
13817 13810 13652 13657 13674 13860 13872 13898 13898 13897 13856 13837 13664 13661 13659 13826 13642 13630 13629 13577 13582
13634 13646 13652 13658 13658 13835 13896 13903 13903 13860 13846 13617 13849 13851 13849 13843 13831 13826 13823 13820 13816
13613 13638 13682 13674 13850 13898 13904 13904 13871 13622 13621 13622 13857 13855 13657 13844 13843 13843 13835 13831 13831
13648 13684 13695 13857 13901 13906 13906 13884 13631 13631 13632 13885 13675 13675 13677 13708 13706 13853 13846 13845 13837
13689 13717 13726 13729 13888 13890 13870 13864 13865 13870 13879 13672 13673 13685 13710 13709 13859 13853 13853 13842 13837
13724 13712 13674 13659 13877 13855 13853 13853 13856 13858 13858 13861 13868 13704 13704 13867 13865 13864 13864 13860 13857
13642 13627 13650 13680 13697 13871 13870 13872 13873 13871 13870 13870 13870 13870 13871 13870 13869 13674 13675 13880 13848
13619 13645 13675 13684 13878 13876 13881 13884 13884 13880 13872 13872 13873 13882 13686 13686 13672 13672 13672 13848 13829
13672 13678 13691 13906 13977 13979 13979 13909 13901 13896 13894 13887 13691 13688 13687 13672 13671 13672 13849 13830 13830
13889 13917 13982 13980 13980 13981 13914 13906 13903 13903 13896 13691 13690 13690 13674 13673 13878 13865 13857 13855 13820
13945 13945 13994 13785 13783 13651 13902 13895 13896 13890 13686 13687 13687 13875 13875 13875 13861 13856 13856 13819 13807
13943 13941 13658 13655 13654 13905 13895 13893 13887 13874 13874 13871 13866 13866 13865 13847 13836 13835 13800 13791 13792
13941 13945 13666 13666 13933 13918 13918 13904 13882 13881 13873 13864 13864 13863 13847 13837 13837 13803 13792 13791 13795
13933 13937 13938 13926 13913 13914 13904 13884 13883 13874 13863 13862 13861 13848 13839 13839 13815 13809 13809 13801 13787
13925 13925 13910 13899 13899 13891 13891 13891 13891 13887 13884 13879 13860 13850 13849 13818 13806 13806 13797 13781 13783
13932 13910 13902 13902 13891 13889 13890 13892 13890 13890 13887 13866 13858 13858 13822 13802 13802 13784 13758 13758 13748
