inst/extdata/modis/lst/modgrid/Lat43.00075Lon-78.78820Start2001-01-01End2013-12-31___MOD11A2/GRID_Lat43.00075Lon-78.78820Start2001-01-01End2013-12-31___MOD11A2_LST_Day_1km_A2010177.asc
ncols		 21
nrows		 21
xllcorner	 -6416881.12
yllcorner	 4772121.02
cellsize	 926.625433055834
NODATA_value	 0
15157 15156 15145 15128 15147 15128 15081 15055 15062 15027 15021 15030 15035 15024 14999 14934 14909 14926 14912 14911 14864
15036 15069 15049 15047 15033 15022 15000 15005 14985 14995 15016 15041 15058 15064 15028 14994 14959 14927 14910 14882 14904
14770 14836 14871 14936 14881 14879 14899 14927 14933 14941 14969 15007 15043 15058 15054 15012 14960 14914 14869 14905 14826
14762 14784 14799 14830 14822 14817 14850 14898 14957 15026 15022 15038 15058 15062 15035 14984 14924 14846 14831 14902 14915
14845 14856 14886 14856 14833 14826 14837 14907 15037 15075 15090 15098 15032 15030 15019 14975 14890 14839 14832 14837 14919
14925 14957 14933 14888 14840 14807 14879 14970 15074 15094 15074 14955 14990 15038 15039 14965 14859 14834 14886 14957 14977
14949 14946 14944 14912 14872 14892 14939 15057 15146 15063 14970 15001 15063 15120 15070 14957 14893 14942 14985 14987 14971
14915 14896 14890 14894 14917 14960 15045 15098 15086 15001 14988 15022 15081 15083 15024 14957 14969 14995 15018 14992 14964
14867 14870 14916 14970 15013 15074 15114 15080 15038 15027 15125 15071 15053 15031 15001 15085 15024 15028 15016 15026 15034
14867 14913 14966 15066 15120 15137 15091 15164 15156 15185 15148 15106 15070 15048 15143 15066 15032 15000 15027 15046 15033
14944 14986 15069 15112 15154 15170 15167 15197 15179 15175 15126 15123 15108 15138 15133 15040 15018 15069 15089 15079 15033
14959 15145 15170 15264 15168 15176 15200 15225 15214 15161 15160 15116 15082 15097 15173 15154 15131 15113 15116 15082 15013
15158 15178 15290 15180 15186 15197 15213 15249 15243 15189 15155 15121 15122 15134 15120 15104 15100 15119 15095 15026 14954
15273 15326 15312 15286 15305 15326 15190 15199 15163 15128 15116 15085 15101 15128 15119 15094 15087 15144 15063 14976 14887
15345 15324 15279 15404 15279 15147 15149 15062 15076 15094 15048 15024 15050 15095 15087 15084 15163 15086 15013 14904 14867
15392 15280 15287 15291 15130 15155 15051 15075 15081 15069 15059 15050 15075 15079 15078 15153 15024 14982 14950 14873 14876
15280 15253 15239 15251 15207 15170 15225 15093 15104 15096 15091 15025 15029 15023 15105 15007 15055 15045 15006 14886 14872
15255 15251 15232 15283 15249 15237 15225 15297 15326 15125 15035 14999 14984 15020 14966 14909 14860 14861 14887 14877 14827
15208 15207 15282 15268 15218 15239 15232 15351 15367 15086 15071 15053 15039 14984 14915 14824 14809 14822 14878 14842 14827
15179 15263 15236 15218 15258 15114 15130 15125 15256 15084 15081 15110 15089 15014 14903 14886 14859 14866 14870 14884 14907
15280 15364 15351 15278 15119 15311 15130 15320 15140 15218 15248 15273 15228 15110 15015 14844 14854 14860 14858 14878 14879
