inst/extdata/modis/lst/modgrid/Lat43.00075Lon-78.78820Start2001-01-01End2013-12-31___MOD11A2/GRID_Lat43.00075Lon-78.78820Start2001-01-01End2013-12-31___MOD11A2_LST_Day_1km_A2009337.asc
ncols		 21
nrows		 21
xllcorner	 -6416881.12
yllcorner	 4772121.02
cellsize	 926.625433055834
NODATA_value	 0
13627 13659 13793 13608 13616 13618 13589 13586 13597 13612 13623 13633 13630 13623 13605 13612 13618 13620 13722 13711 13711
13691 13648 13641 13635 13630 13608 13595 13599 13615 13621 13622 13615 13620 13618 13614 13612 13726 13722 13710 13710 13719
13827 13752 13700 13698 13729 13849 13857 13650 13635 13761 13616 13625 13618 13751 13729 13725 13716 13712 13712 13725 13601
13786 13732 13732 13728 13837 13855 13870 13698 13658 13623 13639 13642 13750 13754 13746 13730 13718 13716 13715 13580 13581
13639 13602 13628 13806 13798 13810 13698 13651 13634 13638 13776 13752 13750 13752 13749 13748 13739 13728 13578 13576 13712
13577 13577 13735 13748 13783 13841 13856 13851 13825 13786 13749 13745 13751 13760 13755 13746 13742 13735 13728 13723 13586
13749 13734 13733 13738 13741 13771 13843 13847 13788 13747 13748 13763 13766 13764 13756 13754 13739 13732 13733 13740 13437
13738 13738 13732 13735 13775 13836 13836 13787 13768 13760 13772 13773 13772 13757 13755 13742 13735 13736 0 0 0
13739 13748 13729 13794 13832 13832 13782 13782 13762 13748 13756 13773 0 0 0 13735 13735 0 0 0 0
13817 13809 13816 13831 13831 0 13782 13754 13747 13747 0 0 0 0 0 0 0 0 0 0 0
13817 0 0 0 0 0 0 0 0 0 0 0 0 0 0 0 0 0 0 0 0
0 0 0 0 0 0 0 0 0 0 0 0 0 0 0 0 0 0 0 0 0
0 0 0 0 0 0 0 0 0 0 0 0 0 0 0 0 0 0 0 0 0
0 0 0 0 0 0 0 0 0 0 0 0 0 0 0 0 0 0 0 0 0
0 0 0 0 0 0 0 0 0 0 0 0 0 13716 13716 13716 0 0 0 13593 13593
0 0 0 0 0 0 0 0 0 0 0 0 13726 13718 13716 0 0 0 13593 13593 13704
0 0 0 0 0 0 0 0 0 13650 13650 13734 13741 13715 13698 13590 13661 13731 13662 13707 13704
0 0 0 0 0 0 13653 13653 13652 13650 13639 13657 13691 13691 13671 13667 13738 13733 13735 13729 13731
0 0 0 13651 13651 13646 13712 13717 13733 13646 13711 13690 13703 13721 13702 13748 13742 13741 13737 13737 13737
0 0 13657 13647 13719 13703 13700 13719 13724 13722 13696 13702 13719 13728 13769 13747 13744 13739 13732 13733 13740
13729 13730 13724 13711 13710 13711 13711 13705 13708 13710 13716 13707 13792 13778 13753 13752 13742 13735 13734 13740 13679
