inst/extdata/modis/lst/modgrid/Lat43.00075Lon-78.78820Start2001-01-01End2013-12-31___MOD11A2/GRID_Lat43.00075Lon-78.78820Start2001-01-01End2013-12-31___MOD11A2_LST_Day_1km_A2001257.asc
ncols		 21
nrows		 21
xllcorner	 -6416881.12
yllcorner	 4772121.02
cellsize	 926.625433055834
NODATA_value	 0
15015 15038 15123 15020 15014 15003 14975 14964 14948 14942 14952 14976 14949 14875 14886 14867 14935 14920 14956 14949 14847
14925 15007 14893 14896 14897 14899 14882 14876 14962 14900 14910 14926 14893 14920 14884 14930 14921 14960 14952 14838 14812
14784 14783 14777 14807 14745 14766 14789 14911 14855 14849 14877 14886 14901 14936 14937 14939 14849 14842 14810 14801 14806
14694 14685 14689 14690 14727 14687 14714 14769 14810 14862 14858 14877 14955 14962 14945 14842 14815 14785 14756 14800 14801
14723 14727 14776 14661 14658 14750 14735 14777 14845 14918 14920 14883 14881 14880 14864 14861 14784 14714 14735 14765 14764
14795 14807 14803 14761 14705 14736 14788 14861 14945 14937 14895 14859 14871 14911 15016 14938 14730 14709 14774 14790 14784
14837 14848 14823 14786 14748 14789 14863 14948 14967 14926 14873 14865 14910 15026 14917 14818 14777 14826 14844 14936 14916
14805 14813 14815 14824 14835 14887 14940 14975 14956 14905 14923 14974 15005 14957 14892 14853 14852 14856 14940 14964 14918
14809 14848 14848 14881 14916 14953 14968 14994 14955 14972 15000 15019 14961 14941 14924 14898 14972 14956 14967 14938 14937
14837 14856 14898 14950 14970 14976 15013 14996 14959 15036 15038 15030 15007 14966 14928 15008 14917 14877 14914 14923 14953
14855 14899 14966 14990 15007 15069 15058 15119 15055 15053 15051 15055 15017 15049 15031 14986 14941 14953 14960 15004 15005
14927 14968 14983 15000 15004 15082 15131 15072 15119 15098 15081 15042 15087 15065 15054 15033 15018 14982 15026 15032 14978
15017 15020 15008 14993 15016 15036 15075 15114 15099 15117 15081 15051 15034 15042 15032 15000 14996 15065 15061 14985 14918
15031 15032 15014 14998 15026 15059 15085 15070 15075 15053 15040 15006 14998 15046 15030 15003 15058 15077 14992 14962 14908
15120 15104 15087 15015 15016 15010 15042 15006 15006 14934 14915 14909 14965 15067 15059 15059 15098 14980 14956 14934 14865
15102 15087 14998 15001 14987 14977 14950 14952 14896 14931 14916 14933 14986 15029 15083 15112 15052 14986 14929 14853 14827
15110 15094 15094 15107 15038 14978 14963 14926 14965 14954 14953 14986 15014 15054 15058 15020 14990 14926 14868 14866 14915
15088 15084 15111 15101 15006 14997 14988 15012 15026 15039 15027 14974 15034 15026 14944 14916 14843 14831 14879 14918 14928
15084 15107 15134 15067 15069 15037 15033 15057 15173 15174 15134 15081 15055 14980 14930 14804 14697 14796 14830 14857 14874
15099 15127 15090 15102 15090 15040 15040 15139 15178 15166 15133 15106 15128 15036 14921 14841 14838 14837 14869 14884 14901
15058 15063 15089 15087 15056 15058 15147 15185 15171 15128 15093 15096 15077 14999 14856 14854 14892 14851 14858 14882 14928
