inst/extdata/modis/lst/modgrid/Lat43.00075Lon-78.78820Start2001-01-01End2013-12-31___MOD11A2/GRID_Lat43.00075Lon-78.78820Start2001-01-01End2013-12-31___MOD11A2_LST_Day_1km_A2004025.asc
ncols		 21
nrows		 21
xllcorner	 -6416881.12
yllcorner	 4772121.02
cellsize	 926.625433055834
NODATA_value	 0
13127 13103 13094 13097 13103 13096 13095 13080 13069 13058 13056 13059 13061 13059 13059 13047 13046 13045 13035 13030 13035
13231 13209 13192 13187 13155 13120 13074 13062 13058 13047 13043 13048 13055 13056 13051 13049 13046 13046 13035 13045 13049
13441 13369 13344 13345 13380 13367 13285 13174 13078 13053 13042 13047 13052 13052 13049 13044 13033 13030 13053 13062 13064
13336 13355 13389 13319 13271 13349 13346 13210 13084 13081 13070 13068 13069 13072 13063 13042 13037 13058 13068 13049 13044
13083 13066 13086 13112 13200 13345 13488 13402 13171 13103 13087 13079 13080 13078 13072 13069 13072 13069 13054 13052 13043
13065 13057 13051 13056 13075 13149 13346 13343 13128 13093 13069 13056 13063 13078 13089 13082 13073 13066 13064 13058 13059
13052 13049 13055 13054 13053 13181 13356 13188 13108 13078 13057 13059 13079 13089 13080 13065 13065 13071 13068 13075 13067
13051 13043 13045 13052 13123 13275 13258 13131 13114 13068 13070 13091 13100 13104 13091 13075 13071 13068 13071 13073 13061
13060 13058 13100 13183 13246 13247 13144 13106 13084 13077 13100 13080 13073 13091 13094 13081 13071 13061 13066 13073 13066
13145 13218 13217 13194 13142 13109 13098 13090 13074 13098 13084 13076 13086 13096 13090 13081 13071 13061 13076 13071 13077
13208 13137 13094 13091 13101 13099 13097 13080 13094 13108 13091 13106 13097 13078 13074 13082 13080 13078 13081 13086 13067
13083 13090 13102 13108 13098 13106 13096 13107 13138 13113 13124 13101 13077 13085 13089 13089 13085 13085 13096 13097 13063
13103 13111 13118 13110 13113 13110 13136 13150 13123 13119 13092 13066 13079 13085 13089 13087 13088 13098 13096 13067 13050
13133 13128 13122 13117 13115 13126 13142 13113 13103 13095 13085 13076 13079 13096 13080 13072 13085 13085 13065 13061 13046
13127 13118 13102 13097 13117 13124 13109 13088 13084 13089 13084 13088 13103 13089 13062 13090 13105 13070 13069 13062 13060
13119 13106 13113 13120 13120 13046 13038 13041 13042 13024 13097 13094 13085 13085 13097 13108 13074 13083 13064 13048 13048
13110 13101 13108 13111 13037 13028 13039 13040 13029 13023 13018 13096 13101 13101 13099 13069 13081 13097 13060 13051 13054
13101 13099 13099 13042 13034 13040 13034 13028 13025 13026 13102 13098 13101 13099 13077 13082 13074 13059 13051 13062 13056
13109 13105 13099 13091 13088 13093 13113 13103 13123 13144 13116 13098 13091 13079 13070 13059 13054 13045 13053 13030 13028
13126 13115 13096 13083 13097 13119 13122 13139 13122 13104 13088 13083 13079 13078 13068 13051 13051 13040 13066 13056 13054
13135 13118 13102 13100 13108 13126 13113 13117 13101 13085 13095 13098 13089 13076 13062 13065 13061 13065 13056 13054 13051
