inst/extdata/modis/lst/modgrid/Lat43.00075Lon-78.78820Start2001-01-01End2013-12-31___MOD11A2/GRID_Lat43.00075Lon-78.78820Start2001-01-01End2013-12-31___MOD11A2_LST_Day_1km_A2001241.asc
ncols		 21
nrows		 21
xllcorner	 -6416881.12
yllcorner	 4772121.02
cellsize	 926.625433055834
NODATA_value	 0
15144 15164 15129 15104 15125 15106 15078 15014 14967 14928 14934 14939 14919 14895 14884 14853 14897 14946 14978 14986 14950
14890 14922 14926 14914 14908 14895 14881 14842 14848 14870 14871 14883 14918 14906 14870 14896 14926 14967 14971 14940 14922
14779 14791 14784 14881 14766 14810 14788 14787 14794 14808 14870 14878 14908 14906 14898 14920 14925 14849 14892 14877 14881
14711 14695 14695 14720 14801 14705 14720 14752 14814 14859 14866 14915 14960 14949 14909 14864 14847 14813 14746 14814 14863
14755 14767 14776 14719 14707 14760 14711 14798 14889 14918 14964 14964 14931 14908 14894 14849 14779 14736 14718 14787 14808
14817 14825 14806 14791 14731 14758 14766 14833 14965 15002 14921 14926 14890 14916 14892 14832 14776 14734 14777 14814 14863
14901 14918 14878 14822 14774 14809 14860 14975 14997 14968 14915 14890 14934 14917 14890 14836 14792 14841 14856 14871 14912
14874 14837 14835 14809 14856 14883 14996 15071 15056 14913 14872 14888 14996 14997 14976 14872 14887 14887 14934 14948 14884
14894 14960 14909 14947 14917 14999 15046 15066 14965 14894 14923 14999 15018 15005 14992 14987 14959 14959 14969 14925 14913
14877 14889 14957 14983 15033 15054 15079 15057 15017 15020 15058 15061 15017 15013 15070 15049 15005 14951 14942 14929 14928
14959 15008 15085 15102 15073 15060 15059 15087 15129 15124 15112 15046 15033 15075 15060 15035 14944 14942 14966 14980 15023
15031 15124 15057 15049 15052 15068 15107 15139 15198 15155 15110 15108 15106 15122 15117 15067 15053 15062 15083 15101 14989
15104 15084 15093 15071 15077 15084 15145 15177 15165 15098 15087 15078 15078 15114 15010 14991 15027 15041 15017 15024 14960
15090 15115 15081 15065 15067 15153 15167 15163 15122 15071 15057 15041 15077 15059 15025 15009 15082 15006 14976 14943 14952
15177 15094 15075 15109 15141 15093 15060 15077 15034 15016 15010 15012 15055 15058 15052 15075 15060 14999 14958 14960 14947
15142 15119 15125 15116 15085 15028 15022 15019 15019 15028 15019 15030 15057 15094 15086 15052 15018 14978 14943 14912 14835
15188 15127 15111 15106 15072 15038 15031 15037 15044 15036 15034 15060 15092 15066 15041 15018 14993 14959 14945 14941 14885
15120 15108 15134 15107 15137 15105 15093 15092 15124 15081 15113 15067 15047 15028 14989 14975 14892 14889 14910 14893 14877
15134 15114 15137 15177 15149 15097 15092 15164 15173 15173 15136 15083 15040 15012 14967 14904 14859 14871 14946 14880 14866
15227 15181 15183 15180 15132 15132 15180 15191 15210 15190 15136 15135 15116 15028 14964 14916 14932 14961 14940 14922 14920
15195 15176 15177 15177 15192 15201 15208 15209 15149 15124 15122 15147 15126 15050 15000 14985 14941 14925 14924 14908 14906
