inst/extdata/modis/lst/modgrid/Lat43.00075Lon-78.78820Start2001-01-01End2013-12-31___MOD11A2/GRID_Lat43.00075Lon-78.78820Start2001-01-01End2013-12-31___MOD11A2_LST_Day_1km_A2005281.asc
ncols		 21
nrows		 21
xllcorner	 -6416881.12
yllcorner	 4772121.02
cellsize	 926.625433055834
NODATA_value	 0
14498 14502 14504 14499 14498 14499 14500 14488 14470 14467 14467 14467 14469 14465 14464 14464 14464 14447 14414 14411 14411
14382 14398 14432 14440 14441 14442 14443 14441 14440 14441 14442 14450 14462 14464 14464 14464 14453 14419 14411 14411 14411
14396 14431 14439 14439 14439 14440 14437 14435 14435 14435 14443 14460 14464 14464 14464 14459 14452 14255 0 0 14295
14427 14428 14428 14428 14428 14430 14432 14432 14432 14446 14473 14477 14477 14476 14469 14447 14439 14439 14439 14434 14428
14426 14426 14426 14425 14428 14432 14432 14432 14447 14481 14488 14488 14488 14478 14447 14439 14439 14404 14402 14399 14369
14452 14451 14451 14458 14461 14460 14458 14467 14495 14502 14501 14500 14491 14463 14453 14452 14417 14414 14411 14417 14464
14461 14463 14474 14481 14481 14481 14487 14512 14519 14519 14519 14514 14495 14489 14489 14462 14457 14450 14447 14464 14464
14460 14482 14491 14490 14489 14493 14514 14522 14522 14522 14516 14486 14482 14482 14472 14462 14454 14448 14464 14464 14464
14489 14502 14502 14502 14505 14521 14528 14528 14528 14523 14490 14484 14484 14486 14488 14436 14441 14464 14464 14464 0
14507 14506 14506 14512 14527 14533 14532 14532 14526 14490 14484 14484 14497 14499 14446 14451 14405 14405 14383 14376 0
14515 14515 14531 14551 14551 14551 14551 14552 14460 14451 14438 14477 14507 14521 14463 14405 14403 14377 14376 14376 14454
14516 14529 14552 14552 14552 14551 14552 14477 14467 14450 14470 14468 14466 14502 0 0 14376 14376 14388 14468 14468
14531 14561 14561 14561 14561 14563 14475 14485 14477 14471 14469 14462 14491 14241 0 0 0 0 14468 14468 14468
14561 14561 14561 14561 14563 14451 14485 14482 14475 14469 14456 14470 14241 14241 14241 14241 0 0 0 0 0
14561 14561 14561 14563 14421 0 14495 14482 14482 14479 14467 14241 14241 14241 14241 0 0 0 0 0 0
14569 14573 14573 14569 0 0 0 0 0 0 0 0 14241 14241 0 0 0 0 0 0 0
14568 14573 14558 14550 14550 14550 0 0 0 0 0 0 0 0 0 14155 14155 14155 0 0 0
14493 14556 14550 14550 14550 0 0 0 0 0 0 0 0 14417 14284 14284 14288 14297 14407 14413 14390
14615 14562 14552 14467 14461 0 0 0 0 0 0 0 14417 14413 14421 14416 14419 14419 14419 14391 14390
14562 14531 14461 14461 14457 14437 14437 0 0 0 0 14380 14421 14426 14421 14427 14427 14427 14419 14391 14391
14655 14654 14643 14451 14437 14437 14437 0 0 14380 14380 14380 14432 14427 14427 14427 14427 14422 14442 14444 14460
