inst/extdata/modis/lst/modgrid/Lat43.00075Lon-78.78820Start2001-01-01End2013-12-31___MOD11A2/GRID_Lat43.00075Lon-78.78820Start2001-01-01End2013-12-31___MOD11A2_LST_Day_1km_A2004049.asc
ncols		 21
nrows		 21
xllcorner	 -6416881.12
yllcorner	 4772121.02
cellsize	 926.625433055834
NODATA_value	 0
13701 13700 13713 13753 13761 13757 13710 13708 13709 13689 13673 13671 13658 13661 13672 13654 13646 13644 13612 13569 13581
13689 13730 13713 13709 13708 13687 13687 13676 13662 13648 13671 13661 13679 13680 13660 13645 13638 13612 13630 13633 13621
13669 13684 13703 13698 13699 13694 13683 13652 13616 13632 13654 13670 13679 13666 13655 13633 13602 13614 13629 13653 13687
13659 13668 13663 13669 13675 13689 13674 13664 13658 13679 13655 13677 13667 13654 13635 13614 13629 13650 13664 13643 13641
13660 13649 13648 13647 13655 13674 13670 13675 13706 13709 13646 13712 13671 13644 13637 13646 13667 13673 13649 13638 13633
13725 13721 13705 13698 13668 13658 13672 13691 13679 13683 13718 13712 13710 13748 13744 13724 13675 13669 13667 13639 13652
13672 13678 13661 13661 13655 13665 13679 13691 13767 13744 13722 13706 13711 13748 0 13677 13676 13631 13607 13640 13636
13639 13640 13640 13662 13676 13695 13700 13792 13771 13754 13712 13737 13753 13749 13742 13740 13693 13693 0 13633 13661
13649 13650 13662 13682 13711 13733 13799 13755 13739 13735 13749 13754 13749 13747 13758 13734 13734 0 0 0 13660
13677 13665 13691 13708 13746 13797 13771 13748 13743 13780 13785 13748 13737 13760 13718 13737 13724 13703 13757 13635 13646
13695 13705 13759 13790 13810 13780 13753 13733 13784 13795 13752 13744 13753 13705 13714 13732 13708 13758 13702 0 13656
13714 13716 13727 13739 13754 13759 13779 13788 13794 13757 13750 13751 13723 13510 13741 13775 13729 13726 13727 13656 13656
13728 13748 13755 13758 13763 13794 13792 13814 13807 13783 13747 13735 13424 13438 13443 13519 13517 13744 13720 13698 13625
13824 13839 13831 13828 13795 13815 13818 13822 13757 13748 13735 13722 13518 13436 13515 13513 13737 13718 13716 13705 13692
13851 13835 13825 13821 13820 13811 13780 13754 13748 13733 13717 13717 13742 13710 13703 13682 13653 13645 13679 13667 13599
13866 13813 13808 13820 13815 13774 13756 13758 13737 13728 13725 13731 13712 13754 13739 13689 13660 13651 13642 13613 13635
13816 13813 13822 13814 13757 13747 13769 13735 13751 13752 13738 13741 13694 13697 13661 13660 13646 13631 13615 13628 13632
13822 13820 13822 13824 13793 13780 13762 13758 13757 13739 13712 13689 13683 13679 13650 13640 13632 13638 13650 13649 13587
13820 13822 13815 13788 13744 13763 13764 13763 13781 13784 13728 13703 13694 13694 13683 13672 13640 13613 13609 13590 13591
13828 13812 13784 13741 13758 13767 13770 13779 13791 13754 13728 13722 13726 13713 13694 13701 13609 13594 13584 13628 13674
13836 13764 13755 13760 13776 13781 13785 13792 13763 13753 13760 13766 13724 13705 13679 13658 13633 13632 13626 13622 13613
