inst/extdata/modis/lst/modgrid/Lat43.00075Lon-78.78820Start2001-01-01End2013-12-31___MOD11A2/GRID_Lat43.00075Lon-78.78820Start2001-01-01End2013-12-31___MOD11A2_LST_Day_1km_A2010305.asc
ncols		 21
nrows		 21
xllcorner	 -6416881.12
yllcorner	 4772121.02
cellsize	 926.625433055834
NODATA_value	 0
14134 14151 14106 14110 14125 14119 14103 14147 14194 14143 14130 14113 14115 14077 14081 14093 14088 14112 14115 14082 14101
14142 14133 14107 14126 14124 14091 14114 14125 14129 14119 14114 14148 14145 14107 14105 14109 14113 14117 14111 14134 14131
14137 14120 14125 14140 14102 14049 14113 14111 14107 14111 14082 14063 14077 14113 14114 14085 14185 14119 14131 14128 14133
14108 14099 14126 14077 14187 14101 14124 14135 14128 14088 14065 14069 14236 14244 14106 14116 14117 14131 14120 14124 14197
14113 14117 14108 14036 14075 14099 14113 14110 14126 14123 14224 14154 14146 14222 14118 14122 14130 14102 14082 14175 14194
14129 14152 14074 14082 14120 14097 14097 14105 14104 14227 14140 14103 14140 14166 14163 14139 14101 14091 14190 14205 14202
14158 14154 14143 14138 14076 14091 14111 14196 14316 14157 14133 14153 14184 14184 14168 14133 14193 14207 14213 14189 14186
14130 14102 14083 14106 14229 14264 14312 14310 14188 14182 14182 14201 14196 14169 14142 14132 14218 14218 14201 14211 14208
14074 14072 14083 14266 14276 14301 14289 14208 14181 14183 14210 14202 14178 14135 14107 14172 14227 14222 14227 14217 14211
14100 14169 14275 14282 14291 14293 14206 14192 14197 14199 14210 14164 14161 14130 14191 14246 14243 14234 14208 14206 14236
14170 14159 14157 14270 14283 14219 14228 14204 14230 14199 14167 14166 14164 14262 14260 14250 14235 14213 14230 14259 14218
14146 14148 14263 14274 14220 14232 14237 14247 14307 14285 14255 14262 14266 14272 14254 14262 14248 14243 14275 14282 14245
14256 14217 14222 14234 14228 14225 14231 14330 14303 14273 14272 14272 14263 14242 14279 14267 14244 14281 14272 14242 14238
14201 14226 14228 14215 14203 14213 14211 14234 14276 14273 14273 14262 14253 14192 14182 14251 14194 14247 14158 14142 14116
14230 14227 14224 14231 14165 14159 14227 14217 14211 14194 14183 14171 14186 14185 14198 14181 14186 14148 14149 14147 14102
14230 14222 14256 14203 14199 14222 14212 14204 14185 14182 14246 14254 14263 14184 14183 14163 14262 14209 14203 14190 14213
14220 14208 14139 14141 14225 14225 14275 14263 14248 14244 14242 14263 14170 14171 14162 14239 14151 14160 14179 14177 14210
14172 14174 14181 14302 14298 14286 14270 14256 14269 14270 14274 14232 14220 14221 14202 14173 14139 14178 14178 14212 14208
14262 14264 14264 14267 14277 14263 14259 14240 14262 14276 14261 14259 14237 14230 14220 14243 14225 14224 14218 14212 14135
14236 14247 14252 14268 14229 14221 14238 14268 14278 14294 14297 14265 14259 14255 14269 14003 14003 14144 14218 14217 14127
14252 14259 14272 14273 14242 14259 14280 14267 14262 14281 14286 14288 14321 14286 14009 14009 14145 14220 14221 14126 14127
