inst/extdata/modis/lst/modgrid/Lat43.00075Lon-78.78820Start2001-01-01End2013-12-31___MOD11A2/GRID_Lat43.00075Lon-78.78820Start2001-01-01End2013-12-31___MOD11A2_LST_Day_1km_A2002193.asc
ncols		 21
nrows		 21
xllcorner	 -6416881.12
yllcorner	 4772121.02
cellsize	 926.625433055834
NODATA_value	 0
15460 15484 15511 15481 15455 15434 15342 15338 15408 15367 15334 15352 15348 15321 15273 15232 15230 15277 15279 15221 15142
15194 15246 15245 15252 15238 15225 15246 15251 15246 15215 15267 15298 15323 15290 15253 15244 15265 15293 15276 15189 15124
14923 14952 15007 15035 15061 15091 15116 15139 15158 15181 15196 15228 15297 15301 15287 15245 15219 15215 15157 15114 15112
14889 14916 14890 14905 14960 14939 14977 15075 15174 15218 15239 15290 15305 15294 15253 15202 15182 15124 15068 15075 15087
15055 15095 15109 15031 14979 14992 14952 15019 15164 15266 15271 15340 15291 15250 15224 15193 15112 15008 15025 15052 15074
15159 15161 15102 15060 15017 14984 14982 15130 15233 15368 15331 15252 15250 15246 15259 15198 15037 15032 15060 15100 15137
15278 15209 15198 15135 15058 15037 15083 15214 15417 15322 15243 15225 15330 15326 15214 15136 15096 15118 15149 15162 15160
15192 15197 15167 15092 15095 15117 15256 15421 15399 15258 15214 15318 15376 15281 15250 15166 15166 15183 15196 15229 15198
15137 15174 15182 15141 15147 15276 15415 15410 15352 15236 15344 15383 15363 15342 15283 15278 15271 15231 15234 15248 15190
15109 15169 15244 15266 15305 15415 15429 15399 15374 15404 15426 15414 15405 15378 15337 15307 15251 15217 15228 15248 15285
15193 15285 15346 15390 15477 15468 15471 15443 15466 15490 15481 15466 15431 15372 15338 15324 15280 15276 15288 15328 15320
15321 15358 15416 15487 15492 15503 15512 15557 15543 15534 15500 15485 15422 15403 15404 15388 15322 15345 15368 15373 15263
15483 15512 15510 15503 15503 15520 15565 15633 15570 15493 15469 15427 15413 15417 15415 15404 15401 15456 15389 15280 15220
15531 15551 15508 15508 15521 15536 15559 15504 15485 15461 15417 15372 15391 15429 15419 15395 15455 15460 15316 15249 15229
15556 15500 15492 15499 15509 15516 15453 15426 15395 15386 15364 15361 15406 15435 15446 15460 15470 15333 15271 15249 15225
15530 15516 15492 15490 15472 15425 15396 15370 15377 15391 15407 15390 15451 15483 15494 15478 15469 15336 15289 15174 15145
15535 15495 15504 15509 15487 15424 15385 15394 15417 15442 15416 15456 15479 15470 15408 15346 15310 15291 15216 15200 15245
15486 15510 15524 15520 15480 15455 15445 15460 15490 15498 15501 15457 15439 15379 15295 15220 15212 15214 15254 15341 15297
15508 15536 15541 15524 15510 15487 15488 15502 15538 15561 15523 15462 15406 15311 15196 15157 15136 15165 15223 15222 15202
15536 15538 15527 15515 15515 15516 15522 15550 15570 15546 15493 15459 15371 15315 15257 15199 15182 15189 15228 15237 15222
15539 15524 15511 15511 15523 15548 15573 15567 15547 15504 15490 15409 15375 15306 15249 15228 15221 15218 15208 15217 15157
