inst/extdata/modis/lst/modgrid/Lat43.00075Lon-78.78820Start2001-01-01End2013-12-31___MOD11A2/GRID_Lat43.00075Lon-78.78820Start2001-01-01End2013-12-31___MOD11A2_LST_Day_1km_A2011145.asc
ncols		 21
nrows		 21
xllcorner	 -6416881.12
yllcorner	 4772121.02
cellsize	 926.625433055834
NODATA_value	 0
15052 14961 14933 14946 15302 15304 15023 14996 14976 15059 15061 15077 15068 15069 15063 14983 14973 14900 14888 14875 14863
14731 14784 14805 14981 15006 14996 14931 14916 14895 14886 14915 15069 15080 15087 15145 14991 14899 14888 14872 14912 14868
14433 14472 14483 14541 14466 14515 14624 14802 14809 14843 15018 15037 14934 14924 14863 14847 14864 14855 14833 14816 14824
14474 14510 14517 14501 14541 14498 14511 14558 14746 14884 14893 15179 14907 14907 14867 14888 14875 14830 14819 14826 14832
14743 14751 14737 14619 14586 14667 14534 14608 14734 14774 14878 14933 14943 14931 14902 14895 14851 14828 14839 14848 14850
14722 14771 14786 14702 14687 14627 14600 14688 14776 14788 14797 14905 14909 14923 14949 14912 14858 14861 14877 14898 14901
15090 15010 14929 14781 14682 14653 14616 14768 14794 14822 14913 14916 14955 15008 14986 14915 14891 14905 14903 14888 14897
14860 14875 14822 14880 14721 14688 14847 14995 14969 15108 15100 15034 14971 14982 14978 14945 14947 14941 14920 14989 15028
14870 14809 14844 14802 14925 14974 15264 15135 15073 15065 15068 14984 14977 14963 15000 15009 15000 14991 14964 14971 15033
14821 14738 14788 14839 14928 15047 15271 15124 15126 15241 15164 15138 15129 15102 15104 15031 15006 14973 14975 14977 14996
14687 14752 14945 15029 15045 15288 15151 15157 15277 15200 15164 15146 15192 15174 15027 15023 15000 14996 14990 15017 14991
14868 14982 15028 15202 15220 15207 15220 15251 15232 15173 15155 15191 15161 15164 15044 15035 15024 15035 15064 15054 15014
15154 15202 15220 15237 15229 15241 15250 15200 15267 15242 15211 15182 15175 15195 15179 15169 15264 15089 15066 15024 14960
15244 15263 15283 15282 15274 15294 15358 15340 15239 15225 15185 15154 15156 15291 15276 15243 15092 15070 15031 14979 14972
15262 15374 15366 15361 15368 15353 15324 15200 15201 15182 15152 15212 15267 15252 15232 15060 15059 15042 15002 14986 14962
15377 15387 15374 15375 15346 15300 15190 15192 15283 15078 15082 15074 15071 15077 15080 15082 15056 15009 14977 14939 14858
15404 15388 15373 15358 15306 15296 15302 15109 14995 14997 15069 15070 15075 15066 15053 15027 14977 14954 14937 14836 14829
15379 15369 15358 15196 15177 15314 15114 15001 15003 15079 15058 15032 15005 15008 14983 14930 14870 14875 14842 14849 14852
15344 15348 15200 15178 15116 15117 15116 15130 15140 15126 15118 15015 15009 14983 14921 14850 14844 14895 14845 14836 14888
15344 15174 15153 15117 15133 15131 15142 15152 15146 15132 15041 15046 15025 14981 14957 14900 14904 14833 14840 14925 14914
15175 15172 15150 15144 15142 15163 15163 15339 15332 15308 15318 15301 15245 15054 14918 14899 14902 14905 14898 14898 14898
