inst/extdata/modis/lst/modgrid/Lat43.00075Lon-78.78820Start2001-01-01End2013-12-31___MOD11A2/GRID_Lat43.00075Lon-78.78820Start2001-01-01End2013-12-31___MOD11A2_LST_Day_1km_A2011249.asc
ncols		 21
nrows		 21
xllcorner	 -6416881.12
yllcorner	 4772121.02
cellsize	 926.625433055834
NODATA_value	 0
14976 14982 15074 15071 15072 15072 14968 14942 14929 14922 14911 14928 14917 14923 14900 14879 14853 14859 14841 14835 14804
14879 14972 14983 14994 14990 14973 14753 14768 14863 14848 14865 14817 14858 14869 14849 14859 14841 14822 14796 14790 14804
14621 14665 14661 14755 14644 14691 14723 14726 14741 14789 14807 14825 14849 14861 14886 14834 14801 14777 14783 14823 14812
14648 14668 14683 14671 14700 14680 14690 14728 14768 14835 14842 14869 14884 14952 14835 14815 14800 14809 14809 14846 14874
14715 14712 14718 14774 14712 14706 14741 14773 14875 14853 14910 14913 14877 14856 14850 14836 14832 14802 14828 14866 14859
14798 14846 14825 14748 14735 14741 14746 14810 14885 14880 14872 14847 14843 14882 14952 14911 14844 14831 14861 14873 14893
14939 14938 14842 14885 14780 14782 14788 14840 14997 14973 14857 14857 14912 15004 14976 14898 14863 14890 14890 14887 14871
14833 14816 14859 14840 14843 14844 14849 14997 14996 14949 14927 14970 15001 14997 14929 14888 14894 14891 14881 14875 14852
14792 14859 14876 14867 14868 14934 15000 14993 14975 14976 15004 15004 14975 14949 14938 14919 14822 14811 14816 14895 14835
14828 14841 14873 14913 14974 15028 15022 15011 15013 15032 15034 15002 14967 14946 14939 14835 14812 14859 14870 14824 14824
14849 14898 14962 15013 15037 15027 15028 15042 15050 15031 14979 14957 14917 14911 14911 14903 14861 14820 14839 14837 14807
14909 14954 15014 15039 15048 15058 15057 15047 15037 14984 14958 14915 14901 14866 14867 14845 14851 14861 14871 14704 14704
14992 15038 15049 15056 15067 15064 15103 15022 14999 14967 14926 14867 14866 14874 14829 14803 14794 0 14721 14702 14674
15054 15066 15064 15128 15127 15139 15147 15148 14930 14891 14837 14796 14785 14804 14800 14786 14752 14741 14710 14694 14641
15131 15130 15113 15100 15073 15060 0 14849 14849 14846 14782 14769 14769 0 14752 14752 14797 14734 14628 14585 14646
15130 15110 15104 15092 15058 14833 14833 14837 0 0 0 0 0 14788 14751 14780 14739 14660 14592 14644 14661
15114 15081 15063 15183 14857 14851 14843 0 0 0 14826 14714 14749 14797 14811 14777 14648 14632 14638 14693 14702
15080 15074 15216 15053 14861 14861 0 0 0 14826 14713 14701 14749 14743 14715 14548 14546 14651 14660 14725 14722
15090 15231 15242 14759 14785 14811 0 0 0 14822 14710 14710 14698 14687 14672 14551 14631 14628 14745 14747 14754
15225 15235 14948 14824 14833 0 0 0 0 14856 14856 14742 14683 14724 14610 14727 14727 14752 14769 14782 14774
15216 15043 14854 14854 0 0 0 0 0 0 0 0 14645 14770 14750 14747 14757 14782 14782 14777 14773
