inst/extdata/modis/lst/modgrid/Lat43.00075Lon-78.78820Start2001-01-01End2013-12-31___MOD11A2/GRID_Lat43.00075Lon-78.78820Start2001-01-01End2013-12-31___MOD11A2_LST_Day_1km_A2006193.asc
ncols		 21
nrows		 21
xllcorner	 -6416881.12
yllcorner	 4772121.02
cellsize	 926.625433055834
NODATA_value	 0
15376 15323 15343 15344 15355 15361 15323 15294 15275 15240 15231 15243 15196 15198 15176 15136 15156 15165 15162 15144 15071
15149 15212 15220 15230 15245 15227 15197 15180 15165 15158 15208 15227 15240 15225 15185 15166 15140 15153 15148 15112 15073
14968 14973 14998 15007 15016 15026 15049 15078 15097 15121 15175 15187 15211 15225 15223 15183 15147 15134 15106 15082 15071
14928 14939 14952 14966 14956 14956 14986 15036 15115 15199 15217 15222 15262 15250 15195 15152 15123 15080 15023 15048 15070
15054 15087 15101 15056 15014 14976 14942 15034 15166 15260 15250 15264 15255 15206 15188 15172 15074 14991 15007 15046 15088
15178 15183 15150 15111 15048 14990 15006 15116 15264 15250 15218 15171 15167 15206 15217 15137 15029 15008 15053 15120 15141
15174 15177 15179 15121 15057 15034 15098 15229 15279 15239 15163 15150 15224 15253 15193 15081 15047 15090 15135 15136 15133
15151 15142 15075 15073 15084 15118 15214 15274 15248 15186 15163 15198 15235 15207 15124 15094 15127 15133 15163 15167 15131
15132 15139 15160 15176 15133 15199 15276 15248 15205 15252 15270 15281 15229 15191 15209 15215 15179 15208 15213 15187 15178
15099 15121 15180 15182 15238 15281 15286 15264 15322 15363 15369 15331 15223 15245 15247 15254 15144 15138 15151 15168 15217
15099 15200 15292 15332 15284 15301 15300 15356 15398 15391 15354 15327 15309 15289 15287 15282 15260 15221 15223 15296 15239
15219 15302 15324 15280 15305 15413 15465 15476 15492 15440 15368 15318 15284 15307 15334 15339 15287 15291 15367 15326 15251
15361 15369 15321 15408 15425 15471 15499 15462 15440 15376 15328 15305 15321 15344 15363 15351 15345 15381 15379 15276 15199
15404 15451 15451 15369 15375 15386 15411 15408 15326 15303 15283 15268 15274 15368 15334 15320 15359 15359 15246 15211 15150
15492 15463 15421 15342 15366 15390 15374 15280 15261 15272 15266 15242 15283 15306 15309 15366 15318 15244 15189 15164 15139
15487 15438 15440 15452 15378 15343 15276 15279 15262 15275 15274 15261 15298 15307 15318 15293 15276 15199 15146 15146 15074
15481 15395 15391 15410 15338 15302 15316 15297 15307 15294 15230 15250 15296 15257 15258 15273 15234 15183 15168 15134 15108
15358 15325 15348 15333 15309 15335 15321 15340 15363 15326 15324 15305 15256 15232 15198 15117 15095 15147 15158 15190 15070
15302 15321 15358 15337 15333 15340 15362 15386 15366 15353 15354 15308 15245 15193 15103 15046 15040 15088 15147 15133 15134
15386 15426 15397 15364 15378 15412 15420 15389 15376 15395 15295 15264 15266 15171 15085 15069 15089 15123 15140 15147 15136
15432 15426 15396 15399 15421 15450 15461 15430 15407 15338 15326 15352 15323 15264 15221 15186 15150 15135 15132 15134 15053
