inst/extdata/modis/lst/modgrid/Lat43.00075Lon-78.78820Start2001-01-01End2013-12-31___MOD11A2/GRID_Lat43.00075Lon-78.78820Start2001-01-01End2013-12-31___MOD11A2_LST_Day_1km_A2008121.asc
ncols		 21
nrows		 21
xllcorner	 -6416881.12
yllcorner	 4772121.02
cellsize	 926.625433055834
NODATA_value	 0
14668 14674 14687 14768 14756 14577 14712 14715 14553 14731 14745 14641 14650 14670 14648 14616 14530 14535 14530 14473 14494
14471 14531 14519 14551 14557 14550 14605 14589 14562 14536 14598 14621 14679 14671 14650 14524 14447 14428 14417 14419 14452
14232 14478 14396 14440 14437 14409 14435 14463 14499 14570 14587 14612 14635 14607 14488 14443 14410 14359 14301 14301 14315
14279 14269 14315 14353 14379 14310 14299 14485 14517 14558 14611 14633 14624 14518 14398 14398 14299 14299 0 14284 14297
14444 14471 14462 14457 14484 14466 14250 14322 14518 14618 14625 14587 14498 14398 0 0 14299 0 14323 14336 14383
14593 14575 14554 14540 14475 14387 14312 14292 14657 14631 14594 14539 14512 14669 0 0 14271 14353 14445 14499 14474
14617 14621 14615 14546 14471 14432 14571 14661 14664 14696 14523 14521 14512 0 0 14271 14271 14474 14536 14512 14497
14558 14526 14503 14509 14497 14613 14655 14657 14697 14724 14514 14495 0 0 0 14271 14537 14546 14499 14476 14480
14498 14461 14442 14630 14465 14472 14644 14665 0 14306 14306 0 0 14549 14547 14545 14544 14491 14498 14474 14493
14624 14615 14617 14510 14492 14633 0 0 0 0 0 0 14526 14533 14536 14541 14477 14486 14454 14498 14530
14614 14609 14532 14459 0 0 0 0 0 0 0 14487 14520 14516 0 14421 14491 14491 14570 14593 14603
14563 14653 0 0 0 0 0 14750 14750 14644 14503 14540 14576 14616 14647 14607 14564 14605 14622 14634 14586
14653 0 0 0 0 0 14644 14676 14637 14621 14621 14616 14632 14655 14631 14597 14611 14618 14645 14622 14594
14640 14696 14712 0 0 14588 14604 14629 14621 14622 14646 14642 14659 14667 14601 14633 14611 14636 14631 14620 14575
14708 14712 0 0 14570 14582 14632 14637 14641 14659 14620 14481 14638 14612 14642 14645 14681 14666 14646 14591 14541
14691 14679 14682 14584 14605 14640 14635 14649 14659 14645 14641 14636 14627 14640 14649 14671 14668 14650 14599 14526 14526
14697 14682 14630 14643 14649 14636 14644 14643 14633 14544 14633 14626 14620 14614 14637 14653 14619 14447 14538 14541 14571
14705 14676 14663 14659 14650 14560 14545 14535 14562 14548 14535 14540 14518 14624 14642 14493 14461 14444 14569 14588 14578
14678 14572 14668 14663 14554 14557 14570 14577 14566 14556 14561 14555 14579 14572 14521 14579 14452 14587 14597 14468 14592
14580 14579 14587 14572 14567 14582 14591 14588 14599 14601 14577 14623 14602 14581 14544 14494 14601 14594 14589 14487 14483
14611 14599 14584 14576 14595 14602 14611 14619 14616 14608 14654 14645 14628 14565 14520 14503 14489 14488 14481 14486 14475
