inst/extdata/modis/lst/modgrid/Lat43.00075Lon-78.78820Start2001-01-01End2013-12-31___MOD11A2/GRID_Lat43.00075Lon-78.78820Start2001-01-01End2013-12-31___MOD11A2_LST_Day_1km_A2009249.asc
ncols		 21
nrows		 21
xllcorner	 -6416881.12
yllcorner	 4772121.02
cellsize	 926.625433055834
NODATA_value	 0
15031 15043 15050 15057 15073 15071 15049 15020 14916 14881 14859 14881 14888 14853 14835 14802 14746 14780 14769 14751 14711
14923 14947 14957 14991 14972 14951 14916 14813 14801 14808 14818 14834 14847 14859 14832 14761 14789 14788 14768 14718 14714
14825 14826 14830 14846 14861 14854 14870 14736 14777 14779 14768 14770 14806 14814 14810 14837 14830 14815 14812 14821 14824
14766 14778 14771 14752 14748 14755 14661 14755 14798 14797 14797 14820 14843 14834 14849 14833 14799 14791 14789 14800 14805
14817 14825 14807 14790 14767 14752 14696 14742 14761 14843 14845 14924 14912 14875 14863 14827 14804 14767 14789 14805 14799
14853 14831 14816 14796 14675 14702 14724 14771 14954 14933 14927 14896 14882 14901 14898 14859 14794 14796 14821 14812 14789
14880 14879 14878 14846 14713 14718 14864 14910 14957 14946 14891 14874 14936 14937 14898 14722 14698 14825 14822 14793 14790
14856 14850 14855 14720 14716 14874 14900 14954 14962 14920 14911 14938 14949 14960 14939 14737 14842 14832 14816 14815 14828
14779 14828 14743 14752 14886 14892 14900 14918 14941 14942 14929 14927 14943 14787 14765 14872 14858 14850 14822 14823 14850
14855 14739 14762 15025 14957 14957 14947 14965 14986 15006 14991 14974 14948 14865 14855 14916 14889 14843 14830 14860 14856
14778 14846 14988 15142 15151 15136 14995 14994 14998 15016 15016 15003 14888 14874 14949 14921 14886 14894 14906 14889 14897
14989 15015 15036 15026 15055 15079 15131 14992 15035 15040 15012 14923 14913 14977 14959 14937 14925 14933 14952 14981 14935
15048 15064 15030 15004 15054 15091 15137 15246 15235 15160 14991 14928 14982 15129 15129 14943 14939 14967 14983 14939 14899
15083 15076 15184 15082 15018 15073 15110 15175 15154 14983 14963 14964 15134 15131 15011 15033 14966 14979 14931 14917 14862
15096 15241 15215 0 14929 14943 15013 15070 14961 14969 14964 15080 15079 15033 15021 15072 15058 14890 14878 14784 14796
15231 15226 15196 15158 14942 14938 14967 14909 14933 15098 15098 15066 15071 15095 15128 15058 14881 14752 14680 14692 14556
15242 15185 15158 15162 15164 15085 14909 14912 14933 14941 14922 14936 14938 15063 15034 14983 14897 14700 14738 14605 14604
15195 15183 15179 15172 15165 14963 14944 14926 14939 14938 14949 14887 14888 14904 14965 14611 14762 14821 14703 14721 14727
15188 15192 15192 15175 15173 15160 14975 14938 14938 14962 14944 14917 14896 14758 14659 14635 14625 14678 14727 14735 14755
15193 14996 14998 15184 15157 15153 15066 15063 15088 14958 14939 14904 14958 14756 14732 14668 14683 14747 14755 14756 14754
15001 15011 15232 15157 15137 15063 15063 0 15091 15091 0 15021 15005 14767 14735 14721 14742 14739 14723 14730 14732
