inst/extdata/modis/lst/modgrid/Lat43.00075Lon-78.78820Start2001-01-01End2013-12-31___MOD11A2/GRID_Lat43.00075Lon-78.78820Start2001-01-01End2013-12-31___MOD11A2_LST_Day_1km_A2013113.asc
ncols		 21
nrows		 21
xllcorner	 -6416881.12
yllcorner	 4772121.02
cellsize	 926.625433055834
NODATA_value	 0
14777 14780 14797 14823 14830 14769 14746 14737 14702 14677 14668 14673 14682 14655 14679 14669 14677 14652 14649 14648 14644
14628 14684 14567 14545 14503 14682 14698 14661 14648 14630 14616 14638 14654 14697 14690 14689 14653 14644 14642 14639 14620
14144 14236 14261 14353 14310 14329 14406 14482 14513 14574 14616 14662 14693 14705 14704 14683 14661 14615 14610 14602 14612
14184 14204 14215 14254 14250 14242 14262 14376 14468 14599 14730 14760 14740 14732 14694 14657 14593 14571 14567 14597 14618
14490 14519 14480 14454 14407 14340 14329 14418 14545 14691 14733 14758 14743 14715 14654 14632 14616 14589 14572 14607 14623
14627 14572 14563 14556 14517 14428 14367 14418 14623 14736 14719 14717 14677 14719 14765 14658 14611 14599 14601 14617 14636
14657 14657 14649 14577 14560 14500 14479 14667 14736 14718 14688 14696 14710 14779 14732 14658 14640 14658 14661 14670 14725
14641 14648 14645 14587 14560 14541 14616 14757 14765 14742 14727 14747 14789 14791 14768 14742 14743 14750 14763 14754 14720
14613 14626 14645 14570 14564 14617 14739 14763 14758 14749 14761 14772 14754 14779 14796 14795 14793 14796 14794 14784 14785
14582 14554 14556 14592 14660 14746 14733 14795 14798 14811 14819 14792 14760 14787 14798 14797 14758 14720 14720 14732 14727
14600 14646 14728 14776 14732 14744 14819 14822 14835 14818 14791 14761 14751 14752 14773 14779 14731 14725 14734 14754 14743
14746 14794 14822 14844 14861 14869 14882 14883 14871 14813 14765 14755 14756 14778 14809 14819 14816 14806 14834 14812 14773
14802 14833 14850 14848 14889 14909 14934 14941 14868 14807 14794 14776 14791 14814 14828 14822 14817 14859 14854 14817 14759
14841 14878 14872 14896 14911 14925 14940 14877 14857 14839 14822 14789 14808 14840 14822 14809 14852 14857 14814 14775 14748
15010 15000 14872 14849 14850 14864 14840 14835 14833 14829 14801 14794 14843 14837 14824 14846 14878 14832 14787 14755 14732
14878 14878 14854 14850 14851 14815 14813 14826 14830 14813 14812 14800 14814 14830 14812 14839 14848 14789 14743 14720 14687
14888 14822 14877 14819 14800 14780 14810 14834 14828 14802 14784 14790 14801 14762 14785 14759 14733 14699 14705 14696 14684
14819 14879 14840 14828 14807 14823 14839 14837 14812 14791 14819 14744 14702 14725 14715 14690 14675 14687 14696 14702 14685
14877 14878 14874 14846 14820 14797 14819 14800 14802 14790 14755 14742 14724 14741 14671 14650 14650 14666 14688 14669 14664
14869 14876 14846 14795 14798 14816 14799 14806 14825 14824 14762 14758 14795 14761 14718 14680 14660 14666 14686 14699 14682
14877 14862 14821 14813 14847 14884 14908 14914 14905 14884 14761 14812 14786 14738 14704 14659 14649 14652 14663 14669 14683
