inst/extdata/modis/lst/modgrid/Lat43.00075Lon-78.78820Start2001-01-01End2013-12-31___MOD11A2/GRID_Lat43.00075Lon-78.78820Start2001-01-01End2013-12-31___MOD11A2_LST_Day_1km_A2001001.asc
ncols		 21
nrows		 21
xllcorner	 -6416881.12
yllcorner	 4772121.02
cellsize	 926.625433055834
NODATA_value	 0
13321 13306 13296 13297 13314 13319 13308 13299 13292 13255 13252 13220 13221 13287 13324 13348 13227 13322 13306 13303 13277
13386 13402 13387 13387 13339 13309 13297 13226 13340 13254 13300 13303 13302 13303 13318 13216 13317 13310 13358 13285 13289
13525 13496 13481 13408 13410 13397 13372 13368 13281 13306 13309 13309 13311 13311 13301 13377 13359 13279 13294 13301 13299
13475 13477 13479 13462 13450 13484 13481 13419 13329 13325 13320 13323 13325 13325 13310 13300 13302 13322 13316 13304 13331
13347 13336 13352 13371 13466 13508 13557 13501 13401 13352 13336 13335 13331 13322 13308 13313 13323 13256 13244 13298 13222
13322 13320 13319 13342 13371 13407 13497 13482 13375 13340 13330 13323 13315 13308 13327 13329 13238 13307 13307 13292 13295
13316 13312 13319 13326 13350 13462 13499 13413 13370 13346 13323 13307 13320 13324 13323 13247 13319 13321 13310 13257 13321
13319 13316 13310 13307 13361 13429 13443 13390 13362 13337 13325 13333 13327 13310 13317 13254 13317 13320 13326 13325 13323
13325 13325 13338 13370 13421 13440 13394 13356 13339 13334 13335 13336 13318 13326 13339 13286 13328 13331 13305 13303 13300
13366 13413 13430 13396 13380 13367 13347 13330 13327 13336 13343 13323 13325 13325 13324 13323 13333 13311 13296 13296 13288
13412 13349 13337 13340 13346 13294 13336 13325 13337 13346 13281 13325 13317 13306 13309 13316 13315 13290 13294 13296 13308
13332 13265 13323 13330 13336 13342 13341 13352 13357 13337 13330 13315 13291 13302 13321 13324 13316 13314 13319 13314 13245
13330 13336 13347 13357 13357 13357 13370 13378 13359 13345 13331 13301 13316 13329 13326 13325 13318 13325 13319 13246 13221
13366 13379 13372 13370 13367 13375 13393 13371 13355 13345 13329 13322 13332 13335 13329 13322 13325 13276 13258 13237 13232
13383 13376 13367 13362 13362 13373 13366 13347 13338 13337 13331 13332 13336 13324 13241 13276 13281 13265 13249 13247 13240
13387 13376 13366 13366 13368 13347 13336 13335 13331 13329 13340 13294 13281 13268 13274 13281 13266 13254 13245 13231 13229
13396 13386 13385 13376 13348 13339 13343 13344 13295 13292 13289 13279 13272 13269 13266 13242 13239 13242 13225 13223 13217
13386 13375 13383 13385 13357 13354 13348 13345 13344 13280 13269 13252 13246 13250 13248 13242 13238 13237 13230 13218 13314
13378 13391 13407 13368 13346 13342 13351 13293 13293 13275 13263 13257 13256 13250 13303 13314 13241 13231 13222 13332 13326
13399 13400 13369 13282 13332 13295 13304 13308 13303 13279 13251 13263 13310 13302 13298 13237 13227 13211 13318 13214 13210
13406 13395 13368 13353 13292 13350 13351 13299 13284 13266 13320 13320 13313 13303 13243 13243 13338 13229 13225 13220 13221
