inst/extdata/modis/lst/modgrid/Lat43.00075Lon-78.78820Start2001-01-01End2013-12-31___MOD11A2/GRID_Lat43.00075Lon-78.78820Start2001-01-01End2013-12-31___MOD11A2_LST_Day_1km_A2008185.asc
ncols		 21
nrows		 21
xllcorner	 -6416881.12
yllcorner	 4772121.02
cellsize	 926.625433055834
NODATA_value	 0
15249 15244 15318 15318 15349 15312 15277 15272 15229 15194 15154 15161 15180 15167 15136 15086 14979 14987 14975 14960 14947
15040 15149 15162 15241 15190 15184 15088 15060 15052 15053 15092 15149 15160 15163 15149 15059 14995 14984 14949 14951 14941
14770 14846 14864 14936 14792 14872 14922 14950 14973 15021 15066 15096 15150 15164 15109 15091 15057 14955 14934 14924 14951
14786 14789 14795 14809 14857 14755 14782 14913 15033 15082 15113 15165 15196 15140 15115 15075 15041 14998 14991 14958 14964
14882 14974 14895 14861 14823 14888 14887 14972 15087 15162 15228 15166 15075 15073 15051 15074 15010 14980 14977 14953 14973
15027 14945 14968 14923 14877 14932 14850 15058 15176 15256 15161 15057 15059 15080 15152 15102 14916 14899 14987 15026 15046
15054 15027 14996 14968 14938 14917 15075 15148 15296 15214 15153 15140 15177 15192 15159 15008 14971 15041 15075 15093 15087
15013 15000 14992 14969 15018 15063 15124 15316 15253 15191 15100 15125 15216 15229 15094 15073 15094 15112 15132 15137 15130
14998 14986 15035 15052 15102 15163 15333 15222 15183 15161 15181 15254 15246 15159 15167 15160 15147 15158 15163 15157 15153
14990 15019 15078 15150 15186 15358 15321 15287 15279 15272 15314 15307 15255 15250 15259 15262 15254 15165 15199 15200 15181
15016 15142 15192 15227 15362 15352 15346 15350 15332 15318 15300 15283 15256 15248 15266 15265 15220 15206 15252 15232 15231
15121 15184 15240 15257 15319 15377 15406 15434 15420 15360 15313 15258 15238 15287 15318 15326 15312 15333 15306 15280 15134
15255 15289 15239 15289 15366 15397 15456 15467 15414 15358 15263 15257 15326 15346 15327 15282 15256 15292 15297 15160 15079
15396 15417 15378 15374 15385 15427 15465 15433 15362 15349 15274 15263 15297 15306 15247 15254 15278 15298 15145 15078 15070
15425 15374 15373 15378 15410 15418 15374 15337 15334 15278 15253 15258 15259 15318 15319 15329 15297 15291 15232 15186 15122
15394 15393 15401 15405 15405 15333 15310 15332 15291 15273 15259 15258 15311 15312 15315 15354 15321 15266 15188 15130 15079
15381 15390 15387 15403 15339 15308 15313 15330 15335 15281 15269 15298 15299 15275 15274 15235 15203 15164 15159 15112 15076
15347 15377 15392 15361 15342 15333 15326 15355 15285 15286 15319 15280 15245 15225 15180 15103 15074 15088 15112 15120 15105
15364 15396 15374 15329 15320 15313 15304 15369 15306 15387 15331 15263 15228 15177 15083 15033 14999 15002 15027 15034 15034
15424 15426 15392 15254 15270 15302 15372 15384 15393 15359 15330 15248 15213 15147 15096 15049 15009 14997 14944 15029 15032
15429 15433 15275 15268 15405 15462 15458 15390 15383 15362 15339 15305 15243 15193 15063 15031 14997 14963 14922 14999 14941
