inst/extdata/modis/lst/modgrid/Lat43.00075Lon-78.78820Start2001-01-01End2013-12-31___MOD11A2/GRID_Lat43.00075Lon-78.78820Start2001-01-01End2013-12-31___MOD11A2_LST_Day_1km_A2011305.asc
ncols		 21
nrows		 21
xllcorner	 -6416881.12
yllcorner	 4772121.02
cellsize	 926.625433055834
NODATA_value	 0
14253 14261 14261 14262 14346 14344 14330 14324 14309 14300 14309 14260 14258 14262 14263 14247 14250 14249 14277 14276 14276
14226 14228 14232 14220 14223 14184 14182 14174 14169 14229 14253 14258 14271 14279 14290 14274 14263 14255 14252 14278 14281
14189 14192 14191 14241 14152 14153 14165 14167 14223 14294 14247 14261 14271 14292 14283 14276 14262 14248 14239 14243 14245
14179 14171 14177 14142 14199 14165 14173 14179 14188 14253 14274 14287 14304 14292 14288 14272 14262 14251 14244 14246 14248
14179 14199 14196 14137 14162 14169 14175 14188 14266 14297 14306 14314 14295 14291 14288 14286 14270 14249 14246 14249 14250
14304 14303 14219 14227 14227 14220 14223 14276 14294 14311 14306 14287 14292 14305 14315 14303 14275 14261 14263 14267 14274
14312 14233 14232 14235 14243 14248 14275 14293 14315 14308 14294 14299 14319 14329 14326 14306 14290 14287 14286 14283 14279
14282 14296 14242 14249 14254 14324 14302 14307 14313 14309 14311 14320 14326 14322 14313 14299 14301 14301 14301 14302 14303
14291 14242 14256 14259 14331 14305 14309 14317 14319 14321 14326 14331 14323 14316 14313 14313 14316 14316 14320 14317 14327
14311 14327 14276 14279 14340 14345 14315 14314 14324 14338 14344 14341 14333 14329 14329 14325 14324 14324 14319 14324 14320
14268 14272 14281 14346 14351 14316 14313 14326 14338 14346 14347 14330 14325 14330 14330 14335 14336 14334 14337 14335 14328
14320 14339 14348 14356 14355 14357 14339 14347 14380 14365 14344 14317 14326 14329 14364 14365 14361 14354 14357 14354 14334
14341 14350 14381 14388 14394 14405 14384 14395 14379 14360 14327 14329 14331 14363 14362 14359 14360 14372 14369 14347 14324
14355 14380 14388 14388 14382 14385 14394 14378 14370 14364 14360 14356 14359 14364 14358 14358 14366 14369 14352 14336 14303
14384 14394 14393 14380 14380 14382 14365 14360 14359 14358 14357 14356 14362 14361 14364 14369 14370 14351 14331 14311 14295
14389 14388 14371 14368 14383 14364 14353 14355 14357 14357 14354 14350 14355 14365 14370 14374 14354 14329 14302 14292 14285
14396 14379 14374 14392 14377 14363 14361 14359 14357 14355 14349 14353 14353 14354 14355 14334 14317 14294 14292 14289 14224
14379 14376 14377 14389 14383 14375 14364 14360 14358 14356 14354 14348 14344 14341 14323 14308 14292 14293 14291 14288 14226
14373 14378 14378 14388 14379 14367 14367 14364 14361 14361 14360 14358 14354 14344 14320 14299 14291 14288 14288 14286 14288
14384 14384 14392 14354 14351 14363 14385 14394 14383 14388 14382 14373 14366 14312 14292 14280 14294 14291 14293 14299 14298
14399 14382 14367 14360 14375 14388 14408 14394 14397 14361 14355 14363 14340 14308 14291 14242 14235 14290 14294 14260 14261
