inst/extdata/modis/lst/modgrid/Lat43.00075Lon-78.78820Start2001-01-01End2013-12-31___MOD11A2/GRID_Lat43.00075Lon-78.78820Start2001-01-01End2013-12-31___MOD11A2_LST_Day_1km_A2006121.asc
ncols		 21
nrows		 21
xllcorner	 -6416881.12
yllcorner	 4772121.02
cellsize	 926.625433055834
NODATA_value	 0
15026 15092 15135 15119 15122 15097 15064 15046 15054 15012 15003 15015 15003 14989 14965 14913 14917 14961 14964 14937 14922
14747 14902 14896 14912 14933 14924 14921 14953 14962 14956 14973 14992 15001 15004 14980 14951 14937 14929 14927 14931 14922
14337 14444 14491 14561 14571 14645 14726 14852 14905 14914 14933 14964 15008 15013 15002 14948 14931 14925 14908 14905 14905
14428 14450 14461 14445 14509 14433 14463 14686 14847 14944 14982 15026 15045 15030 14972 14914 14890 14876 14865 14885 14907
14721 14778 14796 14743 14682 14607 14548 14645 14895 15032 15086 15090 15039 14976 14920 14910 14879 14843 14867 14896 14909
14856 14885 14869 14864 14810 14704 14618 14733 15027 15099 15067 14985 14955 14974 14988 14937 14861 14845 14891 14917 14921
14869 14895 14932 14906 14850 14784 14710 15002 15091 15059 14975 14969 15012 15061 15029 14943 14893 14946 14959 14950 14922
14855 14890 14905 14903 14862 14793 14942 15088 15079 15014 14982 14996 15059 15060 15003 14947 14974 14980 14978 14945 14914
14865 14896 14922 14873 14838 14954 15072 15071 15021 15002 15018 15040 15010 15008 15007 15014 15014 15013 14992 14968 14960
14832 14801 14833 14885 15043 15099 15096 15050 15029 15061 15086 15050 15035 15029 15030 15018 14952 14911 14919 14935 14997
14802 14870 15021 15133 15129 15120 15105 15074 15107 15123 15082 15070 15037 15011 14993 14967 14923 14909 14930 14943 14947
15018 15062 15129 15124 15140 15149 15161 15183 15212 15145 15096 15056 15019 15030 15043 15005 14980 14995 15012 15087 15040
15102 15154 15147 15151 15163 15183 15206 15241 15192 15118 15062 15021 15027 15026 15008 14977 14957 14992 15080 15034 14882
15195 15206 15157 15156 15163 15194 15217 15155 15112 15080 15041 14999 14989 15023 14997 14964 14981 15044 14919 14894 14903
15237 15186 15162 15150 15166 15150 15125 15081 15063 15042 15002 14975 15010 14989 14971 15069 15092 14933 14885 14888 14889
15251 15196 15160 15180 15147 15112 15074 15070 15067 15058 15025 14998 14995 15068 15096 15136 15099 14949 14889 14836 14840
15237 15205 15207 15188 15146 15089 15080 15077 15078 15068 15035 15021 15075 15070 14998 14983 14942 14909 14892 14883 14889
15198 15214 15223 15206 15147 15128 15109 15097 15108 15108 15082 15097 15047 14949 14924 14883 14852 14883 14919 14946 14943
15204 15229 15222 15160 15126 15118 15107 15118 15191 15197 15176 15115 14985 14941 14875 14840 14821 14848 14887 14894 14885
15216 15215 15168 15120 15122 15121 15135 15149 15214 15208 15158 15126 15031 14966 14916 14883 14857 14862 14887 14908 14903
15242 15197 15148 15138 15144 15168 15176 15232 15214 15177 15161 15097 15044 14984 14939 14915 14877 14870 14876 14893 14882
