inst/extdata/modis/lst/modgrid/Lat43.00075Lon-78.78820Start2001-01-01End2013-12-31___MOD11A2/GRID_Lat43.00075Lon-78.78820Start2001-01-01End2013-12-31___MOD11A2_LST_Day_1km_A2003033.asc
ncols		 21
nrows		 21
xllcorner	 -6416881.12
yllcorner	 4772121.02
cellsize	 926.625433055834
NODATA_value	 0
13438 13481 0 13399 13404 13413 0 0 0 13264 13266 13263 13290 13292 13322 13269 13249 13240 13241 13241 13240
13533 13489 13442 13431 13460 13493 0 13279 13273 13271 13262 13287 13288 13257 13252 13251 13251 13250 13247 13244 0
13528 13509 13495 13494 13489 13469 13437 13388 13275 13264 13257 13255 13255 13276 13274 13265 13259 13259 13247 13225 13245
13472 13472 13479 13472 13471 13494 13486 13481 13464 13369 13311 13321 13301 13294 13269 13251 13251 13254 13225 13236 13333
13428 13441 13431 13403 13501 13495 13494 13502 13482 13385 13351 13334 13326 13276 13276 13274 0 13225 13225 13235 13245
0 13369 0 0 13420 13473 13523 13509 13455 13355 13341 13341 13271 13272 13273 0 0 0 13257 13257 13258
0 0 0 0 0 13517 13527 13440 13403 0 13370 13269 13269 13269 0 0 0 0 13257 13259 13272
0 0 0 13355 13433 13434 13431 13392 13374 13366 0 0 0 0 0 0 0 0 0 0 0
13357 13357 13377 13404 13407 13421 13347 13345 13346 13335 13328 0 0 0 0 0 0 0 13303 13299 13295
13374 13419 13403 13389 13386 13359 13334 13336 13333 13328 0 0 13268 13268 0 0 0 13303 13303 13301 13299
13466 13547 0 13378 13364 0 0 0 13328 0 0 13270 13341 13319 13309 13321 0 13306 13306 13306 13297
13286 13314 13314 0 0 0 0 0 0 13287 13287 13347 13334 13327 13325 0 0 0 13313 13314 13307
13293 13300 0 0 0 0 0 0 0 13287 13308 13314 13354 13321 0 13310 13310 13317 13317 13298 13273
13286 0 0 0 0 0 0 0 0 13314 13312 13311 13339 13395 13325 13317 13310 0 13273 13258 13210
0 0 0 0 0 0 0 0 0 13307 13307 13342 13395 13349 13347 13375 0 0 13251 13207 13208
0 0 0 0 0 0 0 0 0 0 13359 13395 13326 13327 13367 0 0 13305 0 13325 13263
0 0 0 0 0 0 0 0 0 0 0 0 0 0 0 13300 13303 13300 13292 13276 13264
0 0 13372 0 13379 13372 13365 13361 0 0 0 0 13286 13286 13298 13300 13298 13286 13282 13283 13284
0 13372 13372 13363 13361 13355 13361 0 0 0 0 13289 13287 13286 0 0 0 13268 13270 13268 13267
13372 13372 13354 13380 13369 13430 0 0 0 0 13302 13302 13317 13317 13303 13299 13280 13274 13266 13260 13268
0 0 13430 13369 13430 0 0 0 0 13317 13317 13317 13317 13302 13299 13288 13285 13278 13275 13275 13276
