inst/extdata/modis/lst/modgrid/Lat43.00075Lon-78.78820Start2001-01-01End2013-12-31___MOD11A2/GRID_Lat43.00075Lon-78.78820Start2001-01-01End2013-12-31___MOD11A2_LST_Day_1km_A2006065.asc
ncols		 21
nrows		 21
xllcorner	 -6416881.12
yllcorner	 4772121.02
cellsize	 926.625433055834
NODATA_value	 0
14238 14226 14074 14054 14067 14067 14036 14019 14154 14140 14135 14145 13994 14139 14138 14088 14072 14097 14126 14109 14096
14010 14048 13960 13975 13987 13985 13977 14118 14119 14120 14132 13982 14138 14143 14116 14090 14090 13946 13943 14090 14087
13882 13869 13865 13869 13889 13862 14027 14045 14076 14086 14128 14136 13993 13992 13999 14082 13921 13921 14075 14069 14078
13843 13864 13870 13912 13906 13904 13930 14000 14060 14143 14145 14196 14050 14028 14080 14068 14051 14038 14039 14061 14087
14017 14006 14035 14009 14001 13965 13941 13984 14133 14189 14213 14205 14174 14106 14078 14063 14026 14016 14038 14067 14065
14046 14093 14085 14085 14043 13971 13970 14028 14173 14205 14161 14128 14151 14147 14172 13950 13859 14018 14039 14062 14064
14121 14141 14157 14118 14059 14034 14035 14166 14209 14164 14117 14104 14155 14177 14179 13898 14029 14057 14084 14077 14074
14087 14098 14113 14097 14070 14054 14155 14189 14181 13974 13943 14150 14165 14161 14116 13918 13947 14093 14100 14097 14093
14076 14088 14102 14089 14086 13996 14174 14159 14142 14132 14171 14187 14149 14133 13963 13981 13977 13976 13941 14098 14107
14043 14055 14068 14124 14206 14204 14167 14163 14168 14228 14225 14032 13992 14003 14007 14001 13951 13916 13933 13924 13940
14025 14118 14167 14211 14214 14076 14176 14175 14088 14086 14043 14025 0 13994 14004 13980 13949 13951 13981 14013 13996
14096 14146 14195 14201 14088 14093 14108 14117 14110 14059 14025 14020 13994 14021 14014 14013 14012 14016 14047 14038 13984
14089 14086 14086 14082 14222 14232 14129 14128 14086 14053 0 0 14007 14008 14214 14199 14207 14051 14051 14194 14154
14134 14152 14115 14236 14238 14124 14116 14094 14070 14036 14019 14155 14159 14193 14215 14186 14188 14030 14171 14161 14151
14151 14108 14116 14110 14107 14095 14069 14037 14017 14111 14118 14146 14333 14371 14173 14179 14187 14133 14138 14130 14283
14154 14121 14112 14104 14081 14036 14013 14010 14109 14114 14138 14294 14295 14156 14173 14179 14337 14124 14115 14277 14278
14136 14115 14107 14078 14025 14011 14019 14011 14118 14240 14237 14237 14251 14270 14297 14302 14287 14277 14257 14257 14227
14099 14082 14101 14105 14048 14031 14019 14120 14240 14227 14216 14212 14206 14214 14202 14175 13931 13935 14236 14243 14191
14098 14119 14124 14068 14042 0 14236 14240 14226 14217 14230 14233 14232 14010 14000 13968 13960 13989 14235 14239 14203
14105 14125 14126 0 0 0 0 0 14276 14270 14253 14248 14018 14007 13995 13987 13980 14224 14240 14223 14209
14124 0 0 0 0 0 0 14235 14252 14246 14250 14266 14260 14012 14001 14170 14179 14194 14194 14192 14179
