inst/extdata/modis/lst/modgrid/Lat43.00075Lon-78.78820Start2001-01-01End2013-12-31___MOD11A2/GRID_Lat43.00075Lon-78.78820Start2001-01-01End2013-12-31___MOD11A2_LST_Day_1km_A2006025.asc
ncols		 21
nrows		 21
xllcorner	 -6416881.12
yllcorner	 4772121.02
cellsize	 926.625433055834
NODATA_value	 0
13865 14036 14082 14064 14063 14066 14043 14047 14034 14035 14036 14037 14042 14061 14061 14027 14011 13829 13836 13836 14029
13852 13870 14002 13889 13868 13927 14026 14026 14025 14028 14032 14039 14052 14055 13844 13838 13827 13823 13826 14016 14022
13819 13875 13833 13819 13827 13845 13861 13886 14005 14008 14039 14051 14050 13855 13852 13825 13815 13814 13809 13996 14005
13844 13891 13900 13840 13825 13823 13841 13902 13970 14046 14052 14061 14065 14055 13812 13809 13810 13811 13997 13994 13994
13973 13955 13957 13972 13950 13926 13896 13900 14011 14028 14066 14075 14068 13835 13829 13830 13823 13835 13829 13989 13810
14018 14020 14019 14008 13992 13947 13913 13995 14027 14068 14068 14035 14026 13835 13850 14061 13854 13839 13994 13812 13813
14030 14031 14035 14032 14023 14012 13968 14007 14060 14059 14029 14020 14046 14070 14067 14047 14032 14032 14030 14019 14024
14033 14041 14038 14027 14025 13990 14019 14053 14058 14041 14037 14051 14067 14069 14056 14054 14049 14045 14036 14047 14046
14033 14040 14030 14026 14000 14018 14026 14051 14051 14045 14048 14050 14053 14066 14067 14057 14058 14054 14050 14049 14053
13890 13883 13836 13845 14042 14035 14056 14061 14063 14070 14064 14054 14066 14072 14108 14101 14089 14052 14048 14043 14045
13872 13830 14041 14048 14047 14046 13841 13853 14076 14091 14058 14067 14075 14095 14099 14097 14093 14091 14058 14047 14041
13875 13896 14051 14059 13908 13890 13860 14085 14097 14088 13926 13924 13922 13932 13943 13938 14094 14087 14080 14080 14066
13959 14086 14095 13982 13916 14092 14090 14099 14089 13931 13934 13930 13930 13943 13940 13934 13930 13937 13939 13840 13812
14076 14098 14099 14079 13879 13881 14090 14088 14081 13930 13928 13930 13960 13976 13947 13929 13949 13931 13826 13886 13881
14093 14094 14080 13875 13877 14089 14093 14084 14078 13929 13934 13930 13932 13929 13925 13867 13832 13821 13885 13881 13870
14069 14092 14090 14090 13914 13959 13925 14068 14065 13902 13956 13917 13914 13911 13824 13829 13806 13807 13793 13774 13866
14086 14089 14096 13907 13876 13856 13861 13840 13831 13832 13817 13821 13815 13811 13809 13802 13810 13784 13770 13766 13758
13925 14086 14088 13868 13868 13859 13842 13843 13832 13815 13810 13810 13805 13802 13807 13826 13783 13778 13774 13768 13762
14077 14084 13867 13867 13842 13835 13835 13823 13819 13815 13820 13812 13810 13813 13819 13781 13782 13781 13778 13772 13759
14060 13871 13866 13827 13839 13840 13838 13837 13838 13831 13825 13825 13821 13803 13787 13787 13773 13769 13768 13761 13845
13877 13873 13850 13834 13839 13842 13845 13849 13844 13846 13843 13836 13814 13805 13792 13766 13763 13766 13863 13865 13857
