inst/extdata/modis/lst/modgrid/Lat43.00075Lon-78.78820Start2001-01-01End2013-12-31___MOD11A2/GRID_Lat43.00075Lon-78.78820Start2001-01-01End2013-12-31___MOD11A2_LST_Day_1km_A2013337.asc
ncols		 21
nrows		 21
xllcorner	 -6416881.12
yllcorner	 4772121.02
cellsize	 926.625433055834
NODATA_value	 0
13805 13818 13796 13918 13796 13792 13788 13507 13514 13514 13513 13513 13514 13531 13618 13618 13615 13626 13618 13610 13607
13780 13783 13778 13780 13781 13882 13736 13735 13713 13925 0 13790 13671 13674 13684 13638 13632 13617 13610 13606 13512
13804 13774 13772 13865 13872 13743 13738 13744 13699 13516 13776 13782 13791 13803 13809 13785 13631 13616 13506 13524 13531
13759 13746 13743 13747 13844 13787 13787 13784 13799 13790 13785 13793 13811 13814 13802 13635 13636 13649 13651 13660 13538
13732 13729 13737 13830 13777 13781 13791 13817 13843 13813 13807 13807 13813 13801 13811 13810 13789 13758 13747 13724 13515
13727 13718 13718 13711 13819 13737 13755 13781 13875 13798 13780 13779 13800 13813 13826 13807 13765 13758 13760 13668 13753
13684 13689 13699 13833 13744 13758 13774 13874 13964 13787 13790 13803 13821 13835 13822 13802 13789 13788 13791 13780 13771
13675 13923 13839 13764 13777 13804 13943 13854 13859 13952 13945 13807 13819 13824 13814 13815 13821 13813 13785 13782 13786
13712 13722 13811 13833 13861 13863 13857 13862 13962 13958 13816 13817 13827 13818 13823 13837 13839 13938 13924 13781 13790
13740 13811 13845 13851 13853 13860 13746 13753 13761 13986 13904 13833 13833 13830 13833 13981 13866 13961 13945 13930 13924
13835 13822 13739 13621 13856 13751 13721 13777 13836 14003 13831 13754 13778 13797 13993 13879 13862 13871 13863 13948 14081
13813 13809 0 13969 13974 13833 13724 13850 14016 13849 13729 13688 13773 13819 13866 13869 13875 13898 13876 13884 13964
13752 13874 13884 13892 13911 13928 13727 13946 13730 13734 13743 13922 13843 13860 13892 13888 13882 13888 13893 13962 13935
13880 13898 13915 13901 13906 14034 14041 14032 14022 14014 13984 13978 13882 14031 14013 13878 13885 14003 13947 13832 13819
13891 13912 14019 14013 14037 14038 13908 13904 14012 13988 13955 13988 14010 14025 14012 14016 13993 13950 13838 13840 13939
14034 14040 14043 13918 13917 13911 13902 13887 13884 13990 13974 13992 14119 14011 14019 13995 13950 13942 13959 0 14033
14053 14052 14051 13919 14038 14025 13892 13883 13875 13854 13851 13877 14011 13994 13995 14078 14082 14048 14012 0 0
14050 14055 14056 13912 13908 14040 14014 13886 13886 13852 13874 13589 13801 13807 13897 14055 14015 14010 14012 13714 13710
14040 13902 13908 13915 14062 14038 14035 14036 13880 13620 13589 13669 13806 13826 13820 13752 13745 13741 13718 13715 13713
13902 13900 14157 14157 13909 14035 14038 13880 13631 13640 13640 13839 13830 13827 14009 13742 13860 13720 13721 13719 13599
13940 13940 0 13903 14030 14039 14042 13640 13640 13639 13597 13587 13608 0 13732 13728 13721 13720 13715 13710 13698
