inst/extdata/modis/lst/modgrid/Lat43.00075Lon-78.78820Start2001-01-01End2013-12-31___MOD11A2/GRID_Lat43.00075Lon-78.78820Start2001-01-01End2013-12-31___MOD11A2_LST_Day_1km_A2012337.asc
ncols		 21
nrows		 21
xllcorner	 -6416881.12
yllcorner	 4772121.02
cellsize	 926.625433055834
NODATA_value	 0
14072 13957 13963 13968 13972 13974 13973 13969 13967 13969 13991 13993 13989 13988 13987 13958 13957 13964 13963 13955 13951
14037 13978 13975 13970 14007 13957 13959 13959 13959 13972 13978 13988 13998 14000 13991 13978 13968 13960 13949 13953 13948
13968 14011 14009 14106 14022 14020 14020 13975 13970 13966 13967 13972 13984 13991 13986 13972 13957 13948 13946 13943 13942
14005 14004 13993 14002 14139 14013 14036 13975 13972 13972 13988 13994 14003 13993 13979 13965 13951 13949 13931 13936 13937
14043 14060 14041 14014 14009 14152 13995 14003 13990 14002 14003 14001 13987 13986 13990 13994 14249 13935 13936 13938 13944
14054 14054 13947 13946 13932 14167 13982 14005 14020 14009 13998 13975 13986 14001 14011 14003 13958 13953 13952 13954 13957
13961 13965 13973 13966 13959 13978 14032 14031 14015 14007 13976 14006 14013 14015 14010 13974 13976 13981 13982 13958 13955
13958 13963 13964 13973 13985 14043 14032 14018 14011 14002 14020 14020 14021 14019 13990 13994 13991 13986 13979 13982 13970
13894 13897 13990 14007 14044 14038 14021 14010 14014 14031 14035 14031 14021 14007 14007 14002 13996 13992 13990 13985 13979
13918 14024 14037 14040 14033 14021 14010 14021 14033 14038 14042 14038 14021 14018 14008 14001 14000 13985 13982 13972 13964
14011 14008 14020 14023 14018 14010 14024 14031 14036 14034 14027 14020 14020 14015 14007 14007 14000 13998 13995 13989 13974
14008 14012 14018 14019 14025 14041 14042 14042 14037 14023 14014 13812 13813 13819 13850 13871 13865 13864 13868 13867 13867
14009 14016 14026 14043 14043 14047 14048 14042 14027 13853 13833 13824 13820 13846 13869 13864 13865 13873 13874 13854 13830
14015 14031 14047 14043 14046 14046 14039 14026 13860 13859 13860 13859 13871 13882 13876 13871 13861 13855 13836 13826 13821
13779 14048 14044 14043 14042 14033 14025 13871 13871 13871 13869 13876 13888 13880 14036 14035 14003 13983 13974 13944 13918
13794 13799 13787 14031 14024 14013 13884 13885 13886 13885 13897 13908 13903 14056 14061 13914 13903 13889 13946 14209 13841
13800 13786 14026 14024 14022 13912 13904 13897 13890 13894 13896 13898 13899 13903 13901 13899 13879 13922 13918 13834 13834
13774 14022 14026 14027 13917 13915 13914 13909 13906 13905 13889 13888 13888 13884 13872 13837 13834 13823 13814 13817 13829
13748 13761 13765 14021 13910 13907 13904 13903 13900 13888 13886 13886 13883 13872 13838 13836 14024 14001 14172 14110 13949
13750 13752 13743 13718 13739 13739 13732 13720 13706 13698 13692 13696 13975 13935 13934 14199 14293 14173 14176 13987 13992
13756 13760 13750 13743 13748 13746 13735 13725 13700 13695 13692 13690 13673 13934 14199 14291 14291 14395 14417 14305 14303
