inst/extdata/modis/lst/modgrid/Lat43.00075Lon-78.78820Start2001-01-01End2013-12-31___MOD11A2/GRID_Lat43.00075Lon-78.78820Start2001-01-01End2013-12-31___MOD11A2_LST_Day_1km_A2010249.asc
ncols		 21
nrows		 21
xllcorner	 -6416881.12
yllcorner	 4772121.02
cellsize	 926.625433055834
NODATA_value	 0
15036 15048 15011 14979 15049 15036 14998 14988 14954 15129 14989 14984 15116 14920 14915 14835 14803 14774 15082 14922 14914
14911 14909 14918 14976 14981 14949 14932 14915 14850 14861 14938 14864 14878 14897 14857 14824 14885 14869 14810 14807 14784
14537 14524 14551 14757 14766 14725 14737 14788 14812 14851 15062 14923 14899 15122 14950 14768 14740 14779 14771 14761 14761
14530 14592 14649 14643 14734 14732 14771 14681 14718 14740 14926 14933 15153 14994 14805 14790 14735 14737 14749 14753 14761
14660 14720 14733 14826 14770 14956 14664 14670 14784 14877 14884 15164 14986 14961 14766 14794 14734 14990 14989 15028 15055
14994 14980 14951 14825 14848 14810 14657 14844 14875 14953 15175 14899 14891 14947 14991 14949 14847 14672 14683 14776 14838
14945 14937 14926 14907 14858 14771 14812 14819 15032 15058 15165 15115 14988 15008 14945 14871 14683 14687 14681 14839 14898
14931 14876 14891 14864 14815 14835 14772 14930 15055 15168 15129 15143 15018 14968 14899 14877 14883 14882 15156 14883 14884
14853 14885 14868 14830 14846 14813 14907 15188 15172 14972 14977 15062 15028 15017 15175 15187 14977 14962 14945 14891 14856
14852 14623 14891 14911 14914 15006 15006 15225 15008 15010 14966 14956 14951 15197 15218 14833 14787 14931 15151 14930 14936
14642 14932 15056 15034 15014 15011 15244 15256 14923 14932 14950 14962 15218 14798 14838 14806 14834 15219 14977 14934 15033
14746 14826 14847 15236 15241 15273 15281 15304 14977 14964 15247 14839 14845 14867 14874 14872 14996 15250 14942 15057 15021
14809 14842 15089 15280 15291 15292 15188 15174 15136 15076 15068 14897 14870 14878 14864 14920 15016 15092 15007 14991 14921
15069 15096 15294 15156 15154 15177 15181 14956 14926 14909 14912 14905 14904 14880 14871 14864 14928 15020 14990 15012 14980
15074 15132 15134 15135 15129 14898 14894 14909 14916 14924 14908 14877 14871 14881 14935 14968 14919 15129 15289 14855 14936
15145 15131 15111 15082 14900 14878 14917 14935 14927 14925 14909 14880 14880 14942 14982 14960 14969 14843 14791 14837 14799
15178 15039 15059 15059 15300 15029 14935 14902 14945 14887 14895 14928 14931 14931 14895 14874 14997 14965 14835 14938 14988
15083 15073 15071 15354 15050 15028 15102 15115 14961 14947 14933 14922 14885 14879 14856 14949 14913 14834 14846 14919 14895
15083 15060 15217 15215 15189 15117 15122 15137 15127 15120 14958 14943 14918 14875 14996 14918 14797 14809 14878 14877 14882
15115 15140 15129 15110 15137 15129 15134 15138 15134 15112 15073 15032 14874 14863 15223 15216 14826 14843 14861 14778 14735
15136 15140 15133 15136 15165 15178 15164 15146 15108 15099 15026 15097 15334 15236 14966 14846 14813 14813 14768 14770 14746
