inst/extdata/modis/lst/modgrid/Lat43.00075Lon-78.78820Start2001-01-01End2013-12-31___MOD11A2/GRID_Lat43.00075Lon-78.78820Start2001-01-01End2013-12-31___MOD11A2_LST_Day_1km_A2007257.asc
ncols		 21
nrows		 21
xllcorner	 -6416881.12
yllcorner	 4772121.02
cellsize	 926.625433055834
NODATA_value	 0
15028 15045 15057 15058 15006 14997 14978 14982 14983 14931 14932 15000 15005 14919 14889 14862 14954 14900 14899 14893 14874
14893 14923 14933 14923 14925 14922 14920 14922 14895 14888 14906 14918 14919 14917 14896 14887 14884 14884 14894 14875 14842
14775 14789 14788 14781 14788 14808 14823 14837 14876 14852 14866 14872 14893 14903 14901 14880 14867 14951 14918 14838 14903
14746 14742 14735 14753 14797 14766 14779 14792 14909 14952 14956 14977 14921 14988 14962 14929 14915 14887 14873 14890 14899
14825 14826 14828 14781 14768 14806 14757 14851 14952 15002 15016 15004 14978 14964 14962 14951 14902 14863 14866 14890 14888
14893 14908 14870 14853 14817 14787 14829 14911 15006 15025 14995 14941 14942 14974 14984 14950 14888 14859 14892 14906 14925
14960 15004 14988 14937 14899 14815 14918 14997 15033 15010 14966 14965 14986 15027 14934 14860 14893 14923 14876 14888 14891
14913 14902 14953 14929 14924 14850 14983 15032 15023 14989 14964 14986 15032 14955 14908 14950 14960 14888 14913 14912 14888
14868 14879 14967 14968 14957 14995 15042 15031 15006 14995 15011 15035 15022 15006 15011 15015 15008 14942 14946 14931 14930
14857 14919 14950 15010 15042 15067 15049 15042 15059 15083 15088 15063 15050 15051 15056 14967 14938 14920 14929 15001 15019
14920 14978 15046 15071 15086 15080 15081 15101 15127 15122 15097 15091 15078 15070 15072 14979 14957 15030 15039 15058 14957
15016 15060 15078 15089 15101 15112 15129 15156 15156 15128 15115 15109 15102 15095 15109 15095 15078 15077 15102 15097 14946
15088 15104 15111 15119 15127 15139 15161 15179 15165 15131 15121 15111 15107 15116 15101 15086 15083 15109 15106 15048 14924
15128 15141 15139 15138 15084 15099 15126 15166 15127 15116 15099 15083 15092 15115 15097 15074 15099 15103 15044 15004 14925
15098 15097 15092 15088 15095 15094 15069 15030 15025 15087 15073 15064 15088 15097 15094 15112 15136 15063 15013 14941 14904
15119 15113 15102 15085 15077 15061 15019 15014 15082 15087 15084 15077 15098 15112 15121 15133 15089 15044 14923 14872 14830
15129 15103 15101 15097 15080 15109 15095 15091 15095 15097 15088 15093 15101 15093 15092 15053 15031 14912 14884 14874 14813
15113 15128 15118 15112 15103 15130 15128 15128 15132 15122 15094 15078 15078 15064 15010 14990 14878 14880 14889 14888 14835
15104 15115 15137 15120 15147 15139 15135 15144 15149 15139 15124 15097 15076 15029 14991 14875 14857 14860 14932 14917 14817
15115 15143 15131 15145 15148 15146 15153 15166 15169 15152 15123 15121 15102 14993 14945 14916 14893 14923 14861 14865 14848
15192 15129 15114 15112 15159 15166 15179 15182 15169 15143 15133 15129 15028 14980 14949 14921 14899 14865 14850 14851 14850
