inst/extdata/modis/lst/modgrid/Lat43.00075Lon-78.78820Start2001-01-01End2013-12-31___MOD11A2/GRID_Lat43.00075Lon-78.78820Start2001-01-01End2013-12-31___MOD11A2_LST_Day_1km_A2001297.asc
ncols		 21
nrows		 21
xllcorner	 -6416881.12
yllcorner	 4772121.02
cellsize	 926.625433055834
NODATA_value	 0
14226 14240 14287 14287 14280 14266 14252 14156 14177 14171 14189 14228 14242 14236 14212 14199 14178 14192 14198 14184 14167
14206 14217 14219 14229 14245 14240 14140 14141 14162 14193 14221 14235 14235 14236 14226 14187 14159 14164 14152 14154 14141
14068 14184 14074 14225 14113 14135 14152 14158 14173 14190 14209 14216 14201 14179 14147 14133 14069 14064 14116 14118 14065
14163 14089 14138 14107 14207 14159 14207 14201 14199 14191 14201 14208 14222 14195 14156 14063 14067 14065 14064 14065 14068
14105 14113 14230 14212 14129 14211 14164 14188 14180 14224 14232 14232 14209 14167 14156 14133 14095 14043 14073 14079 14088
14242 14187 14174 14245 14238 14236 14205 14240 14288 14293 14276 14239 14182 14182 14190 14198 14047 14056 14079 14062 14075
14177 14183 14270 14256 14179 14212 14245 14280 14274 14261 14238 14208 14242 14184 14194 14164 14132 14118 14031 14101 14100
14159 14173 14171 14185 14216 14261 14275 14276 14268 14257 14258 14183 14186 14199 14179 14158 14181 14172 14170 14169 14162
14169 14176 14205 14231 14274 14281 14283 14277 14265 14269 14260 14271 14258 14227 14219 14200 14199 14199 14185 14173 14182
14271 14276 14284 14240 14257 14297 14298 14295 14292 14223 14219 14260 14241 14236 14218 14204 14184 14175 14172 14166 14179
14265 14109 14125 14249 14282 14275 14249 14260 14217 14209 14248 14229 14190 14184 14187 14181 14172 14177 14183 14183 14158
14323 14115 14128 14237 14234 14242 14240 14244 14233 14225 14206 14173 14178 14193 14188 14186 14165 14167 14174 14163 14286
14188 14237 14249 14269 14243 14268 14279 14284 14327 14174 14166 14170 14196 14186 14195 14185 14179 14184 14181 14249 14218
14285 14298 14312 14303 14311 14319 14321 14315 14229 14200 14185 14152 14173 14191 14279 14190 14204 14203 14217 14224 14214
14301 14279 14205 14284 14272 14251 14242 14228 14230 14231 14213 14204 14202 14273 14131 14135 14142 14149 14224 14222 14213
14287 14206 14206 14262 14243 14234 14231 14204 14242 14165 14161 14141 14221 14229 14210 14213 14223 14210 14201 14194 14200
14228 14213 14226 14212 14277 14222 14262 14250 14246 14243 14181 14224 14232 14238 14149 14145 14201 14189 14190 14188 14201
14207 14234 14314 14288 14224 14290 14258 14227 14213 14227 14213 14177 14171 14152 14167 14176 14169 14178 14186 14197 14192
14312 14331 14305 14299 14288 14258 14224 14221 14210 14189 14179 14164 14158 14176 14184 14166 14169 14178 14182 14181 14196
14333 14339 14283 14269 14269 14225 14219 14218 14211 14199 14174 14164 14185 14199 14173 14168 14174 14175 14180 14203 14201
14303 14296 14274 14266 14292 14293 14293 14293 14278 14268 14308 14234 14212 14195 14177 14172 14173 14178 14194 14199 14212
