inst/extdata/modis/lst/modgrid/Lat43.00075Lon-78.78820Start2001-01-01End2013-12-31___MOD11A2/GRID_Lat43.00075Lon-78.78820Start2001-01-01End2013-12-31___MOD11A2_LST_Day_1km_A2004265.asc
ncols		 21
nrows		 21
xllcorner	 -6416881.12
yllcorner	 4772121.02
cellsize	 926.625433055834
NODATA_value	 0
14959 14982 15001 14990 14983 14978 14968 14960 14976 14962 14847 14878 14856 14834 14830 14802 14782 14794 14781 14764 14785
14882 14919 14910 14907 14908 14893 14899 14906 14917 14812 14857 14841 14847 14846 14829 14840 14821 14777 14769 14760 14752
14689 14741 14775 14751 14759 14791 14838 14898 14954 14866 14839 14841 14874 14880 14878 14842 14779 14766 14755 14742 14765
14641 14676 14699 14714 14718 14716 14744 14821 14802 14810 14798 14908 14905 14899 14820 14794 14782 14761 14750 14770 14770
14759 14780 14808 14792 14755 14782 14678 14712 14868 14894 14859 14884 14870 14840 14837 14823 14786 14759 14763 14776 14780
14818 14863 14770 14751 14725 14684 14664 14837 14901 14863 14860 14835 14834 14870 14886 14845 14800 14786 14802 14813 14818
14836 14826 14815 14793 14769 14772 14825 14855 14874 14888 14841 14865 14897 14923 14921 14859 14839 14847 14857 14897 14887
14804 14803 14797 14795 14821 14814 14873 14920 14907 14865 14878 14944 14969 14935 14898 14874 14869 14873 14926 14924 14913
14788 14797 14809 14837 14838 14880 14925 14905 14867 14900 14939 14940 14928 14913 14904 14885 14881 14940 14947 14931 14930
14782 14784 14833 14877 14917 14941 14926 14916 14933 14960 14970 14960 14947 14929 14946 14932 14990 14930 14921 14921 14920
14786 14855 14912 14974 14979 14966 14962 14962 14978 14974 14950 14939 14915 14907 14985 14982 14972 14976 14936 14959 14934
14870 14920 14959 14968 14975 14984 14992 15003 15016 15013 14923 14903 14926 15001 15017 15018 15019 14959 14983 14959 14909
14948 14984 15014 14979 14987 14991 15001 15078 15039 14941 14914 14898 14936 15026 15022 15011 15005 15052 14969 14907 14860
15084 15096 15041 15019 15011 15058 15071 15027 14937 14919 14889 14892 14971 14999 14916 14905 14974 14961 14881 14850 14837
15127 15095 15062 15047 15044 15035 14990 14917 14910 14901 14884 14883 14903 14920 14907 14931 14961 14920 14874 14840 14811
15136 15106 15048 15038 15012 14948 14937 14920 14854 14905 14900 14911 14953 14972 14969 14973 14942 14898 14852 14799 14785
15085 15063 15051 15042 14924 14905 14896 14888 14908 14909 14944 14984 15008 14989 14970 14949 14924 14876 14908 14895 14916
15002 15008 15021 15002 14975 14921 14919 14952 15023 14990 14985 14969 14974 14956 14930 14896 14860 14905 14852 14887 14926
15006 15014 15008 14988 14967 14967 15007 14997 15008 15025 15014 15000 15037 14953 14886 14845 14880 14840 14870 14876 14869
14999 15009 14980 14945 14967 15020 14996 15076 15097 15098 15104 15093 15089 15036 14975 14937 14859 14863 14876 14881 14879
15017 14991 14961 15086 15096 15076 15099 15108 15091 15104 15104 15027 14998 14953 14970 14957 14936 14864 14854 14866 14870
