inst/extdata/modis/lst/modgrid/Lat43.00075Lon-78.78820Start2001-01-01End2013-12-31___MOD11A2/GRID_Lat43.00075Lon-78.78820Start2001-01-01End2013-12-31___MOD11A2_LST_Day_1km_A2003137.asc
ncols		 21
nrows		 21
xllcorner	 -6416881.12
yllcorner	 4772121.02
cellsize	 926.625433055834
NODATA_value	 0
14799 14812 14806 14768 14753 14749 14618 14692 14682 14668 14676 14696 14675 14675 14641 14608 14609 14602 14601 14577 14557
14600 14661 14651 14597 14612 14604 14636 14634 14622 14604 14636 14658 14686 14679 14647 14621 14594 14554 14509 14532 14612
14276 14357 14343 14422 14460 14460 14490 14522 14552 14591 14626 14638 14657 14639 14617 14585 14558 14516 14615 14609 14630
14276 14328 14364 14357 14403 14354 14372 14421 14534 14626 14648 14657 14603 14639 14572 14524 14594 14602 14599 14609 14620
14505 14545 14553 14521 14448 14379 14342 14403 14607 14672 14677 14612 14635 14592 14544 14512 14598 14576 14585 14611 14531
14630 14643 14624 14586 14530 14437 14372 14495 14617 14616 14587 14605 14587 14581 14582 14543 14576 14483 14601 14544 14565
14639 14633 14610 14585 14517 14411 14481 14587 14607 14594 14605 14603 14626 14764 14646 14549 14545 14568 14590 14599 14618
14611 14603 14577 14547 14455 14448 14603 14645 14622 14648 14633 14647 14774 14777 14570 14589 14613 14623 14641 14660 14658
14622 14551 14551 14540 14540 14619 14707 14637 14680 14659 14677 14675 14669 14680 14693 14719 14695 14665 14677 14704 14700
14522 14505 14561 14585 14687 14751 14752 14729 14727 14772 14757 14725 14726 14733 14738 14731 14696 14660 14690 14708 14728
14558 14586 14653 14698 14722 14726 14716 14769 14822 14830 14775 14765 14742 14735 14742 14737 14720 14722 14740 14766 14742
14698 14745 14782 14778 14745 14828 14850 14870 14878 14868 14838 14750 14726 14738 14794 14795 14784 14772 14794 14778 14744
14782 14827 14823 14832 14848 14880 14899 14851 14898 14849 14772 14756 14761 14796 14801 14804 14786 14820 14828 14785 14719
14870 14876 14876 14873 14897 14932 14948 14923 14835 14769 14759 14754 14773 14798 14810 14800 14831 14828 14789 14739 14708
14916 14885 14883 14910 14989 14953 14930 14821 14724 14723 14735 14762 14793 14815 14799 14842 14856 14823 14752 14719 14685
14919 14908 14932 14947 14929 14889 14851 14729 14757 14773 14784 14793 14819 14829 14832 14866 14839 14758 14710 14664 14641
14929 14929 14940 14936 14885 14855 14776 14783 14822 14827 14830 14836 14853 14828 14879 14813 14717 14685 14682 14680 14671
14901 14906 14856 14849 14842 14838 14840 14806 14845 14839 14819 14795 14792 14799 14756 14677 14652 14670 14752 14751 14731
14925 14891 14881 14865 14857 14864 14831 14864 14891 14840 14824 14804 14830 14790 14671 14625 14622 14709 14726 14721 14710
14901 14930 14864 14813 14820 14835 14866 14896 14899 14840 14815 14817 14806 14741 14690 14664 14650 14644 14663 14679 14673
14917 14841 14859 14882 14891 14902 14927 14924 14899 14835 14854 14828 14779 14719 14677 14670 14658 14643 14640 14652 14694
