inst/extdata/modis/lst/modgrid/Lat43.00075Lon-78.78820Start2001-01-01End2013-12-31___MOD11A2/GRID_Lat43.00075Lon-78.78820Start2001-01-01End2013-12-31___MOD11A2_LST_Day_1km_A2009081.asc
ncols		 21
nrows		 21
xllcorner	 -6416881.12
yllcorner	 4772121.02
cellsize	 926.625433055834
NODATA_value	 0
14362 14372 14373 14276 14420 14431 14412 14342 14344 14312 14328 14358 14357 14358 14346 14308 14283 14304 14311 14297 14284
14128 14195 14227 14253 14267 14274 14273 14287 14283 14291 14324 14344 14359 14369 14346 14329 14321 14310 14300 14295 14284
14007 14027 14032 14052 14088 14132 14173 14208 14240 14281 14303 14323 14342 14356 14355 14335 14321 14301 14289 14281 14285
13958 13998 14002 13993 14013 14007 14029 14116 14259 14316 14351 14358 14381 14378 14339 14321 14293 14266 14260 14274 14280
14187 14218 14205 14181 14118 14115 14013 14112 14241 14378 14390 14400 14390 14360 14345 14323 14277 14254 14264 14280 14295
14293 14293 14282 14255 14220 14182 14122 14151 14374 14391 14380 14361 14350 14363 14360 14334 14287 14260 14284 14304 14315
14310 14324 14328 14313 14267 14204 14179 14332 14377 14405 14378 14367 14388 14399 14399 14338 14308 14333 14337 14338 14342
14307 14313 14310 14285 14273 14228 14280 14372 14434 14417 14400 14406 14417 14423 14376 14360 14368 14367 14367 14355 14349
14294 14309 14313 14301 14266 14315 14384 14427 14423 14423 14432 14434 14418 14407 14406 14416 14413 14415 14408 14402 14400
14255 14245 14291 14316 14380 14424 14451 14446 14453 14469 14485 14464 14445 14440 14450 14451 14439 14409 14410 14417 14411
14235 14289 14416 14475 14479 14486 14495 14518 14533 14535 14509 14481 14464 14450 14466 14465 14444 14447 14461 14460 14444
14354 14439 14462 14478 14507 14523 14537 14552 14557 14524 14499 14493 14462 14474 14492 14502 14495 14490 14497 14478 14424
14460 14482 14504 14523 14539 14552 14573 14584 14566 14528 14487 14477 14489 14501 14501 14489 14489 14508 14504 14446 14405
14497 14533 14542 14544 14551 14567 14544 14536 14505 14497 14482 14477 14487 14491 14474 14470 14486 14492 14441 14420 14404
14554 14558 14549 14547 14534 14536 14530 14505 14499 14490 14484 14476 14486 14477 14471 14484 14490 14450 14425 14405 14370
14574 14570 14560 14538 14526 14517 14503 14505 14500 14494 14490 14480 14478 14480 14495 14505 14468 14440 14386 14353 14322
14568 14558 14538 14535 14526 14514 14512 14507 14494 14485 14473 14471 14477 14461 14454 14422 14404 14350 14348 14342 14333
14550 14556 14550 14546 14532 14522 14512 14524 14511 14496 14444 14440 14424 14420 14392 14361 14329 14339 14341 14353 14334
14540 14568 14567 14554 14537 14524 14527 14532 14525 14424 14425 14476 14417 14396 14366 14337 14325 14320 14337 14328 14322
14565 14568 14551 14526 14528 14533 14537 14534 14467 14534 14522 14518 14451 14406 14364 14340 14330 14327 14328 14331 14321
14569 14563 14539 14532 14537 14554 14561 14571 14557 14544 14505 14497 14470 14433 14355 14335 14327 14325 14331 14323 14324
