inst/extdata/modis/lst/modgrid/Lat43.00075Lon-78.78820Start2001-01-01End2013-12-31___MOD11A2/GRID_Lat43.00075Lon-78.78820Start2001-01-01End2013-12-31___MOD11A2_LST_Day_1km_A2010337.asc
ncols		 21
nrows		 21
xllcorner	 -6416881.12
yllcorner	 4772121.02
cellsize	 926.625433055834
NODATA_value	 0
13351 13289 13296 13334 13360 13357 13346 13335 13343 0 0 0 13315 13360 13396 13341 13340 13334 13334 0 13306
13350 13307 13318 13401 13419 13392 13398 13332 0 0 0 13340 13336 13336 13338 13332 13324 13293 13293 13306 13306
13541 13501 13505 13492 13512 13520 13499 13444 13416 13407 13334 13345 13333 13337 13314 13320 13293 13314 0 0 0
13523 13570 13565 13575 13574 13565 13539 13494 13427 13407 13377 13334 13341 13352 13334 13319 13317 13316 0 0 0
13409 13440 13377 13370 13544 13558 13537 13494 13436 13411 13387 13367 13357 13338 13329 13047 0 0 0 13337 13337
13305 13327 13328 13427 13483 13497 13541 13540 13430 13397 13388 13326 13328 13057 13059 13354 0 0 13341 13339 13345
13306 13329 13361 13383 13390 13403 13462 13441 13416 13411 13321 13331 13356 13369 13352 0 0 13365 13347 13342 13338
13308 13375 13383 13403 13431 13459 13450 13409 13435 13390 0 13460 13414 13365 0 0 13425 13354 13341 13339 13336
0 13404 13385 13421 13432 13427 13398 13390 13390 13390 13375 13379 13369 13367 13361 13357 13345 13339 13337 13312 13307
13416 13424 13432 13373 13364 13370 13389 13389 13378 13355 13363 13367 13369 13369 13372 13335 13331 13332 13310 13306 13300
13429 13382 13344 13335 13365 13350 13351 13337 13356 13373 13367 13385 13386 13354 13326 13333 13333 13303 13299 13295 13303
13366 13323 13324 13331 13349 13328 13326 13333 13341 13367 13380 13372 13353 13342 13342 13321 13321 13307 13308 13329 12991
13315 13321 13326 13326 13326 13325 13337 13343 13372 13360 13346 13324 13340 13338 13317 13324 13320 13321 13327 13454 13430
13328 13337 13339 13326 13326 13331 13339 13334 13351 13352 13309 13304 13307 13317 13322 13318 13295 13462 13452 13383 13421
13335 13336 13326 13324 13317 13325 13321 13306 13310 13308 13306 13304 13319 13322 13298 13310 13422 13407 13388 13382 13375
13348 13332 13325 13318 13318 13310 13303 13305 13305 13309 13322 13325 13325 13314 13312 13426 13412 13394 13380 13369 13364
13367 13349 13328 13321 13304 13302 13307 13306 13303 13307 13317 13323 13437 13662 13652 13629 13391 13422 13422 13411 13398
13360 13348 13347 13338 13405 13396 13392 13300 13300 13316 13316 0 13480 13384 13417 13376 13385 13380 13549 13504 13506
13351 13355 13359 13416 13396 13393 13296 13292 13313 13508 13294 13293 13362 13356 13362 13376 13374 13405 13510 13509 13235
13342 13353 13409 13386 13387 13301 13309 13302 13495 13300 13145 13437 13364 13357 13369 13362 13399 13503 13508 13273 13272
13432 13421 13385 13380 13383 13388 13284 13265 13431 13367 13370 13367 13423 13415 13399 13394 13378 13385 13248 13229 13229
