inst/extdata/modis/lst/modgrid/Lat43.00075Lon-78.78820Start2001-01-01End2013-12-31___MOD11A2/GRID_Lat43.00075Lon-78.78820Start2001-01-01End2013-12-31___MOD11A2_LST_Day_1km_A2003081.asc
ncols		 21
nrows		 21
xllcorner	 -6416881.12
yllcorner	 4772121.02
cellsize	 926.625433055834
NODATA_value	 0
14341 14349 14416 14419 14432 14433 14447 14434 14411 14393 14386 14392 14400 14400 14383 14344 14337 14333 14353 14355 14352
14173 14220 14220 14215 14311 14381 14387 14380 14365 14353 14374 14406 14434 14430 14384 14355 14342 14349 14348 14356 14338
13929 13976 13995 14002 14107 14179 14252 14298 14304 14344 14375 14400 14421 14404 14377 14352 14345 14333 14361 14362 14369
13916 14011 13993 13998 14053 14055 14076 14185 14349 14433 14446 14435 14446 14410 14361 14332 14335 14330 14334 14363 14376
14216 14253 14274 14242 14170 14089 14030 14134 14326 14491 14514 14502 14408 14409 14394 14386 14338 14317 14330 14375 14377
14356 14369 14344 14304 14270 14182 14099 14255 14471 14513 14477 14411 14405 14424 14431 14403 14336 14315 14346 14357 14379
14388 14390 14393 14365 14288 14225 14210 14385 14529 14477 14426 14418 14461 14495 14455 14367 14348 14381 14393 14392 14393
14368 14403 14387 14376 14280 14244 14356 14508 14492 14460 14441 14472 14503 14516 14423 14401 14409 14420 14423 14416 14384
14393 14390 14404 14364 14290 14384 14482 14510 14489 14467 14499 14502 14495 14482 14471 14476 14505 14439 14434 14488 14420
14332 14232 14278 14366 14448 14487 14519 14511 14510 14561 14560 14541 14525 14520 14515 14528 14481 14447 14491 14502 14503
14257 14320 14428 14515 14607 14590 14571 14540 14576 14578 14564 14531 14510 14500 14527 14514 14563 14502 14542 14541 14549
14486 14535 14582 14601 14605 14562 14574 14591 14603 14581 14524 14518 14519 14527 14538 14630 14627 14582 14586 14604 14557
14563 14600 14583 14584 14582 14591 14604 14616 14597 14556 14535 14527 14542 14552 14620 14601 14590 14623 14632 14548 14507
14618 14596 14594 14584 14591 14607 14624 14589 14561 14521 14498 14503 14599 14641 14607 14577 14630 14635 14542 14514 14492
14597 14598 14581 14570 14560 14569 14551 14536 14514 14503 14497 14567 14610 14623 14612 14651 14639 14557 14530 14492 14382
14603 14581 14562 14637 14556 14529 14526 14540 14521 14507 14587 14581 14645 14649 14652 14655 14626 14550 14496 14394 14361
14689 14576 14652 14634 14544 14536 14538 14529 14521 14622 14611 14632 14641 14618 14602 14578 14505 14473 14465 14494 14500
14677 14677 14598 14583 14568 14559 14547 14548 14655 14632 14609 14571 14530 14534 14546 14480 14445 14442 14508 14528 14457
14574 14594 14604 14585 14575 14550 14553 14667 14650 14639 14625 14611 14584 14558 14498 14448 14421 14477 14509 14453 14450
14592 14596 14572 14555 14641 14657 14661 14667 14676 14659 14652 14662 14656 14607 14537 14491 14493 14484 14461 14465 14463
14598 14577 14553 14639 14668 14686 14693 14698 14681 14627 14637 14664 14648 14596 14540 14486 14451 14448 14464 14462 14457
