inst/extdata/modis/lst/modgrid/Lat43.00075Lon-78.78820Start2001-01-01End2013-12-31___MOD11A2/GRID_Lat43.00075Lon-78.78820Start2001-01-01End2013-12-31___MOD11A2_LST_Day_1km_A2001225.asc
ncols		 21
nrows		 21
xllcorner	 -6416881.12
yllcorner	 4772121.02
cellsize	 926.625433055834
NODATA_value	 0
15129 15160 15174 15147 15131 15150 15146 15151 14913 15054 14887 14951 14912 14919 14927 14899 14940 14930 14954 14944 14906
14823 14981 14900 15012 14960 14976 14993 14965 14935 14844 14843 14895 14948 14960 14947 14873 14895 14924 14921 14908 14905
14749 14753 14791 14887 14851 14861 14858 14872 14880 14863 14869 14880 14947 14923 14834 14825 14850 14863 14868 14877 14883
14704 14711 14752 14749 14839 14762 14749 14820 14844 14884 14880 14962 14954 14834 14805 14803 14838 14859 14834 14851 14868
14748 14773 14778 14795 14757 14794 14799 14820 14868 14929 14973 14905 14868 14853 14845 14841 14834 14792 14825 14833 14847
14804 14817 14821 14799 14780 14807 14758 14820 14907 14980 14905 14839 14854 14894 14910 14901 14876 14847 14842 14845 14847
14856 14833 14838 14842 14841 14766 14853 14907 14925 14918 14880 14876 14895 14953 14948 14920 14884 14874 14875 14851 14853
14880 14868 14850 14872 14870 14911 14912 14949 14936 14914 14882 14911 14963 14965 14943 14913 14899 14890 14870 14859 14833
14847 14875 14920 14925 14929 14930 14932 14946 14928 14898 14923 14959 14965 14959 14951 14947 14926 14902 14878 14836 14939
14813 14895 14902 14914 14925 14946 14943 14952 14910 14901 14925 14962 14948 14931 14936 14922 14929 14895 15072 15093 15143
14893 14895 14904 14915 14939 14942 14966 14938 14938 14964 15080 15068 14949 15052 15144 15098 15168 15154 15163 15183 15058
14887 14913 14910 14897 14963 14983 15128 15124 15176 15170 15164 15170 15167 15163 15113 15120 15213 15171 15176 15134 15063
14888 0 15091 14976 14967 15159 15160 15219 15219 15219 15217 15217 15217 15129 15132 15235 15176 15181 15230 15193 15105
0 15116 15201 15197 15196 15200 15211 15211 15207 15203 15205 15207 15224 15152 15154 15242 15245 15231 15209 15070 15070
15215 15214 15208 15203 15207 15069 15069 15067 15195 15196 15197 15129 15111 15145 15180 15187 15119 15092 15091 15091 15135
15241 15270 15270 15267 15089 15087 15083 15206 15202 15201 15079 15085 15135 15181 15191 15228 15148 15078 15199 15133 14951
15272 15272 15271 15262 15256 15248 15212 15207 15204 15095 15083 15161 15183 15182 15224 15205 15125 15192 15060 15050 15076
15278 15290 15328 15328 15317 15270 15086 15084 15181 15174 15174 15179 15162 15118 15147 15112 15034 15024 15036 15102 15098
15278 15331 15330 15322 15095 15153 15167 15306 15344 15244 15192 15170 15121 15111 15066 15053 14969 14966 15124 15132 15132
15334 15334 15257 15243 15288 15319 15366 15400 15294 15220 15184 15170 15207 15178 15152 15168 15025 15104 15171 15196 15189
15319 15289 15255 15329 15352 15392 15413 15333 15313 15283 15315 15259 15185 15164 15134 15202 15182 15188 15193 15192 15084
