inst/extdata/modis/lst/modgrid/Lat43.00075Lon-78.78820Start2001-01-01End2013-12-31___MOD11A2/GRID_Lat43.00075Lon-78.78820Start2001-01-01End2013-12-31___MOD11A2_LST_Day_1km_A2004169.asc
ncols		 21
nrows		 21
xllcorner	 -6416881.12
yllcorner	 4772121.02
cellsize	 926.625433055834
NODATA_value	 0
15142 15147 15157 15137 15140 15114 15080 15069 15045 14995 14968 14986 14966 14949 14916 14838 14828 14839 14839 14823 14805
14975 15020 15021 15045 15042 15020 14976 14953 14922 14891 14923 14948 14963 14964 14935 14893 14888 14873 14853 14825 14797
14726 14768 14777 14749 14763 14739 14771 14790 14850 14869 14909 14943 14971 14969 14961 14914 14874 14828 14812 14798 14801
14672 14694 14735 14747 14670 14657 14670 14739 14839 14884 14954 14989 15041 15030 14960 14893 14829 14810 14780 14792 14800
14811 14830 14843 14751 14714 14694 14694 14757 14896 14983 15053 15049 15025 14978 14918 14875 14833 14762 14765 14781 14789
14884 14899 14860 14825 14771 14729 14737 14849 15060 15070 14971 14909 14893 14933 14944 14899 14795 14773 14819 14841 14889
14900 14929 14877 14834 14783 14788 14842 14973 15050 14997 14904 14892 14952 14999 14952 14857 14825 14876 14874 14886 14896
14853 14852 14849 14801 14824 14854 14926 15046 15022 14927 14898 14927 14990 14986 14933 14899 14912 14899 14928 14922 14886
14809 14830 14848 14877 14894 14953 15053 14989 14948 14928 14971 14984 14980 14961 14959 14942 14924 14920 14932 14918 14931
14817 14825 14882 14932 14986 15030 15079 15074 15004 15028 15029 14996 14998 15011 15021 14972 14929 14900 14885 14941 14934
14826 14901 14996 15063 15080 15132 15109 15073 15118 15103 15059 15002 15006 14997 14994 14986 14932 14934 14968 14978 14932
14950 14994 15058 15129 15142 15115 15119 15151 15160 15113 15064 15002 14992 15021 15039 15027 14986 14994 15021 15072 14970
15045 15099 15120 15122 15134 15142 15176 15209 15171 15088 15063 15029 15029 15039 15030 14984 14967 15018 15055 14961 14906
15146 15170 15164 15149 15147 15170 15203 15172 15112 15077 15045 15020 15019 15041 14977 14977 15022 15044 14952 14915 14907
15186 15178 15157 15155 15145 15136 15109 15073 15060 15037 15010 14994 15029 14991 14991 15027 15111 15050 14955 14913 14860
15277 15238 15168 15177 15150 15099 15060 15027 15019 15012 15005 14994 15001 15046 15098 15108 15069 15013 14927 14827 14792
15215 15183 15183 15170 15113 15069 15043 15039 15035 15030 15010 15005 15031 15074 15045 15011 14972 14925 14868 14840 14845
15187 15187 15186 15149 15097 15064 15079 15077 15094 15092 15055 15043 15018 14986 14940 14917 14864 14858 14867 14866 14831
15192 15197 15158 15117 15095 15098 15094 15167 15126 15113 15129 15069 15023 14993 14913 14842 14801 14818 14834 14823 14814
15201 15201 15148 15103 15100 15109 15181 15181 15199 15148 15097 15089 15069 15004 14904 14860 14821 14836 14862 14854 14847
15215 15185 15140 15111 15169 15217 15225 15198 15164 15129 15146 15134 15096 15007 14925 14907 14848 14839 14867 14861 14826
