inst/extdata/modis/lst/modgrid/Lat43.00075Lon-78.78820Start2001-01-01End2013-12-31___MOD11A2/GRID_Lat43.00075Lon-78.78820Start2001-01-01End2013-12-31___MOD11A2_LST_Day_1km_A2013121.asc
ncols		 21
nrows		 21
xllcorner	 -6416881.12
yllcorner	 4772121.02
cellsize	 926.625433055834
NODATA_value	 0
15229 15247 15272 15272 15269 15239 15212 15201 15199 15130 15121 15148 15139 15123 15110 15064 15069 15091 15077 15073 15068
15014 15080 15067 15084 15094 15083 15073 15086 15074 15064 15097 15109 15129 15142 15136 15108 15082 15058 15051 15051 15047
14492 14597 14654 14765 14689 14704 14880 14970 15019 15030 15065 15102 15142 15156 15148 15103 15054 15027 15019 15016 15035
14508 14528 14536 14562 14642 14529 14579 14845 14976 15066 15109 15162 15196 15197 15134 15065 15011 15004 14996 15019 15054
14822 14849 14934 14891 14802 14709 14561 14647 15024 15177 15229 15228 15211 15146 15087 15062 15026 14980 14999 15045 15061
14952 14958 15044 15030 14957 14792 14596 14876 15140 15244 15201 15133 15113 15129 15143 15099 14997 14993 15053 15094 15130
14981 15104 15120 15071 14993 14910 14836 15105 15247 15206 15119 15117 15169 15238 15189 15091 15048 15090 15117 15136 15116
15051 15062 15071 15061 15002 14893 15075 15247 15234 15169 15134 15172 15257 15251 15166 15105 15134 15134 15147 15143 15123
15029 15051 15078 15023 14950 15090 15232 15242 15194 15179 15210 15226 15205 15199 15188 15194 15191 15196 15180 15166 15163
14987 14934 14976 15069 15217 15280 15270 15242 15241 15293 15315 15262 15237 15243 15258 15249 15195 15145 15174 15182 15179
14950 15098 15197 15296 15313 15303 15297 15298 15344 15353 15303 15272 15233 15211 15226 15234 15200 15205 15218 15232 15205
15160 15226 15294 15303 15313 15338 15371 15395 15423 15347 15303 15262 15230 15246 15278 15284 15280 15262 15300 15278 15188
15243 15316 15323 15325 15348 15378 15414 15447 15385 15324 15282 15258 15266 15291 15288 15275 15248 15323 15307 15210 15140
15339 15368 15368 15365 15373 15398 15426 15382 15337 15307 15272 15241 15251 15283 15275 15233 15299 15307 15210 15162 15122
15397 15385 15364 15353 15361 15364 15335 15297 15284 15271 15250 15241 15272 15281 15251 15294 15333 15252 15191 15149 15108
15425 15391 15372 15376 15361 15310 15285 15293 15286 15282 15276 15274 15296 15306 15311 15338 15303 15222 15144 15086 15069
15416 15393 15383 15381 15324 15295 15302 15300 15299 15298 15271 15266 15273 15278 15289 15255 15176 15126 15116 15111 15105
15390 15389 15400 15398 15356 15342 15324 15319 15328 15315 15277 15257 15241 15222 15178 15125 15072 15092 15120 15117 15089
15396 15414 15416 15357 15321 15331 15326 15339 15347 15336 15312 15264 15241 15192 15114 15066 15042 15064 15101 15097 15080
15408 15402 15357 15307 15324 15332 15352 15374 15388 15369 15319 15304 15272 15203 15143 15110 15090 15103 15131 15141 15135
15425 15375 15332 15327 15347 15392 15411 15412 15378 15337 15341 15331 15278 15197 15161 15132 15115 15114 15108 15119 15112
