inst/extdata/modis/lst/modgrid/Lat43.00075Lon-78.78820Start2001-01-01End2013-12-31___MOD11A2/GRID_Lat43.00075Lon-78.78820Start2001-01-01End2013-12-31___MOD11A2_LST_Day_1km_A2001105.asc
ncols		 21
nrows		 21
xllcorner	 -6416881.12
yllcorner	 4772121.02
cellsize	 926.625433055834
NODATA_value	 0
14840 14868 14867 14851 14851 14840 14818 14793 14770 14703 14696 14752 14742 14735 14723 14675 14642 14665 14684 14694 14688
14428 14564 14658 14749 14760 14733 14698 14712 14684 14662 14677 14722 14740 14754 14726 14677 14666 14671 14686 14686 14686
14212 14221 14160 14228 14394 14443 14554 14604 14634 14667 14712 14726 14744 14745 14714 14670 14661 14664 14664 14662 14679
14200 14292 14313 14247 14223 14189 14263 14464 14651 14752 14758 14771 14788 14773 14675 14640 14641 14631 14626 14658 14681
14527 14600 14640 14621 14500 14321 14168 14294 14338 14758 14815 14843 14816 14724 14682 14679 14610 14573 14589 14645 14681
14671 14701 14698 14673 14618 14512 14367 14246 14769 14826 14791 14752 14725 14731 14749 14714 14637 14604 14643 14683 14711
14702 14721 14730 14685 14597 14452 14207 14685 14825 14828 14764 14730 14783 14819 14808 14713 14672 14709 14722 14470 14729
14698 14693 14685 14644 14551 14407 14561 14794 14826 14782 14751 14765 14824 14856 14765 14749 14771 14763 14764 14757 14726
14681 14686 14655 14615 14481 14564 14787 14799 14781 14776 14788 14819 14805 14780 14799 14814 14805 14816 14812 14787 14788
14579 14501 14547 14574 14742 14825 14804 14797 14818 14854 14881 14841 14801 14811 14837 14831 14795 14771 14784 14800 14785
14471 14598 14734 14802 14825 14813 14826 14855 14890 14901 14851 14818 14790 14785 14824 14828 14808 14801 14812 14821 14804
14639 14690 14767 14805 14818 14848 14886 14925 14929 14876 14847 14823 14809 14825 14872 14865 14839 14820 14823 14843 14797
14733 14769 14795 14816 14853 14879 14924 14938 14919 14872 14846 14820 14814 14856 14854 14835 14841 14875 14864 14796 14720
14809 14849 14855 14862 14876 14902 14911 14896 14854 14844 14805 14789 14798 14841 14823 14814 14831 14837 14786 14732 14735
14869 14858 14838 14843 14860 14866 14855 14815 14807 14795 14789 14778 14825 14816 14788 14816 14848 14796 14734 14548 14529
14872 14855 14846 14852 14840 14818 14791 14801 14796 14799 14797 14775 14790 14822 14813 14849 14802 14569 14529 14525 14522
14865 14845 14845 14838 14815 14790 14793 14797 14797 14806 14782 14798 14820 14795 14789 14748 14698 14613 14649 14549 14537
14827 14837 14848 14840 14826 14811 14806 14799 14808 14792 14761 14750 14752 14749 14708 14508 14463 14512 14556 14550 14550
14816 14840 14846 14828 14793 14796 14802 14806 14792 14776 14766 14755 14744 14702 14638 14590 14478 14527 14552 14557 14548
14837 14848 14820 14791 14786 14795 14796 14796 14825 14792 14774 14781 14781 14571 14527 14501 14511 14529 14563 14571 14569
14846 14823 14797 14784 14792 14811 14824 14846 14826 14798 14813 14659 14618 14578 14530 14521 14520 14556 14559 14576 14584
