inst/extdata/modis/lst/modgrid/Lat43.00075Lon-78.78820Start2001-01-01End2013-12-31___MOD11A2/GRID_Lat43.00075Lon-78.78820Start2001-01-01End2013-12-31___MOD11A2_LST_Day_1km_A2010081.asc
ncols		 21
nrows		 21
xllcorner	 -6416881.12
yllcorner	 4772121.02
cellsize	 926.625433055834
NODATA_value	 0
14108 14103 14106 14103 14134 14136 14128 14130 14117 14097 14100 14103 14102 14098 14086 14083 14066 14043 14042 14036 14024
14024 14043 14061 14087 14107 14092 14090 14082 14064 14065 14075 14089 14093 14100 14101 14081 14048 14047 14040 14026 14017
13861 13886 13895 13896 13913 13930 13954 14001 14008 14044 14085 14090 14103 14104 14093 14056 14056 14047 14027 14014 14017
13905 13905 13904 13911 13908 13915 13951 13953 14027 14074 14100 14131 14133 14118 14075 14073 14056 14025 14009 14014 14015
13968 13968 13979 13973 13969 13953 13949 14016 14056 14093 14144 14149 14127 14092 14091 14072 14047 14020 14017 14017 14026
14018 14043 14041 14030 14011 14007 14002 14034 14076 14136 14141 14126 14108 14107 14099 14084 14061 14040 14036 14048 14062
14060 14061 14057 14050 14047 14028 14041 14080 14144 14149 14139 14125 14124 14128 14120 14102 14083 14078 14079 14085 14083
14048 14056 14063 14062 14046 14062 14098 14148 14152 14150 14146 14144 14141 14135 14124 14111 14109 14109 14110 14109 14107
14049 14061 14062 14060 14079 14118 14158 14159 14162 14167 14165 14159 14157 14150 14138 14136 14134 14127 14127 14124 14122
14056 14058 14070 14097 14138 14177 14178 14184 14186 14184 14178 14177 14167 14152 14151 14145 14132 14132 14130 14125 14114
14053 14105 14124 14151 14176 14176 14199 14215 14211 14195 14186 14164 14147 14148 14149 14147 14147 14149 14146 14137 14126
14112 14132 14158 14180 14179 14203 14220 14217 14191 14186 14169 14155 14155 14171 14174 14172 14173 14175 14170 14165 14159
14141 14172 14194 14194 14203 14270 14265 14202 14201 14187 14172 14170 14177 14179 14180 14181 14183 14182 14182 14177 14093
14184 14204 14204 14209 14247 14246 14216 14214 14200 14186 14184 14168 14165 14164 14163 14163 14156 14155 14153 14087 14076
14258 14261 14253 14250 14242 14231 14216 14198 14189 14187 14167 14162 14161 14157 14158 14150 14145 14143 14082 14068 14057
14264 14260 14258 14244 14233 14215 14196 14191 14189 14173 14169 14162 14155 14150 14142 14140 14138 14071 14052 14042 14025
14259 14260 14252 14241 14225 14205 14199 14196 14174 14166 14156 14146 14133 14116 14116 14105 14058 14042 14031 14021 14003
14246 14246 14246 14240 14216 14211 14205 14178 14161 14138 14127 14111 14092 14091 14079 14035 14025 14018 14018 14005 14004
14220 14226 14224 14207 14202 14198 14176 14158 14137 14127 14106 14103 14102 14088 14038 14022 14008 14005 14006 14010 14010
14213 14210 14192 14186 14182 14171 14214 14205 14197 14145 14142 14139 14128 14076 14053 14034 14026 14012 14009 14009 14003
14205 14193 14188 14181 14171 14213 14214 14214 14165 14162 14161 14156 14103 14090 14061 14046 14010 13997 13998 14000 13992
