inst/extdata/modis/lst/modgrid/Lat43.00075Lon-78.78820Start2001-01-01End2013-12-31___MOD11A2/GRID_Lat43.00075Lon-78.78820Start2001-01-01End2013-12-31___MOD11A2_LST_Day_1km_A2012057.asc
ncols		 21
nrows		 21
xllcorner	 -6416881.12
yllcorner	 4772121.02
cellsize	 926.625433055834
NODATA_value	 0
14013 14041 14063 14076 14095 14113 14101 14086 14072 14070 14072 14105 14100 14098 14082 14049 14034 13952 13942 13934 13909
13873 13955 13997 14039 14068 14051 14043 14043 14035 14043 14090 14100 14102 14096 14087 14071 14045 13937 13927 13966 13959
13695 13700 13737 13747 13743 13758 13770 13840 13857 14038 14067 14080 14089 14101 14083 14046 14005 13992 13970 13953 13965
13742 13778 13783 13763 13745 13735 13749 13786 13905 14111 14127 14134 14133 13942 13919 13886 13881 13886 13878 13873 13877
13834 13816 13828 13792 13768 13760 13770 13831 13929 13960 14168 14150 13948 13926 13902 13904 13907 13884 13880 13884 13882
13822 13835 13843 13840 14001 13833 13856 13888 13962 14172 14139 14079 13913 13927 13932 13933 13901 13892 13890 13891 14051
13894 14041 14051 14050 14022 13991 13990 14099 14158 14150 14093 14076 14085 14118 14133 14104 14090 14096 14097 14071 14062
14026 14031 14044 14066 14037 14026 14051 14134 14146 14109 14084 14086 14121 14134 14121 14102 14117 14124 14121 14125 14104
14021 14035 14056 14046 14041 14017 14118 14133 14121 14119 14126 14140 14129 14119 14106 14132 14140 14146 14134 14125 14114
14012 14013 14023 14072 14151 14151 14145 14135 14159 14166 14179 14146 14149 14149 14154 14159 14153 14111 14112 14105 14094
13947 14067 14097 14133 14159 14156 14151 14196 14192 14188 14160 14147 14140 14142 14164 14161 14116 14132 14139 14136 14103
14077 14095 14116 14154 14166 14173 14212 14226 14224 14184 14156 14144 14139 14169 14179 14178 14163 14162 14164 14143 14106
14079 14101 14139 14177 14204 14226 14239 14237 14209 14173 14160 14160 14181 14185 14183 14154 14166 14179 14172 14131 14092
14090 14155 14183 14201 14223 14235 14236 14225 14194 14182 14176 14175 14185 14194 14171 14176 14185 14178 14150 14129 14098
14157 14196 14207 14216 14225 14225 14220 14204 14194 14183 14193 14193 14196 14189 14190 14190 14200 14163 14137 14107 14062
14176 14195 14205 14214 14214 14210 14203 14200 14196 14201 14196 14191 14177 14200 14209 14202 14176 14137 14088 14060 14050
14152 14172 14155 14163 14170 14184 14194 14201 14200 14195 14188 14173 14155 14155 14159 14148 14114 14052 14078 14072 14064
14118 14119 14141 14154 14164 14171 14184 14195 14183 14165 14131 14134 14130 14124 14103 14077 14048 14054 14059 14056 14031
14112 14125 14132 14136 14128 14137 14150 14149 14131 14125 14137 14140 14134 14106 14057 14020 14021 14020 14018 13991 14006
14150 14140 14116 14082 14096 14104 14119 14114 14119 14134 14149 14162 14157 14102 14063 14035 14001 13981 13964 13981 13979
14177 14164 14145 14133 14131 14135 14127 14121 14119 14121 14158 14170 14142 14079 14042 14017 13975 13970 13973 13977 13970
