inst/extdata/modis/lst/modgrid/Lat43.00075Lon-78.78820Start2001-01-01End2013-12-31___MOD11A2/GRID_Lat43.00075Lon-78.78820Start2001-01-01End2013-12-31___MOD11A2_LST_Day_1km_A2006257.asc
ncols		 21
nrows		 21
xllcorner	 -6416881.12
yllcorner	 4772121.02
cellsize	 926.625433055834
NODATA_value	 0
14856 14862 14869 14877 14865 14826 14924 14860 14844 14837 14823 14767 14765 14830 14842 14477 14475 14485 14496 14794 14778
14635 14664 14642 14634 14659 14584 14714 14721 14720 14673 14797 14834 14839 14863 14824 14814 14805 14799 14578 14581 14574
14552 14521 14496 14469 14533 14681 14540 14479 14470 14549 14626 14639 14664 14672 14673 14657 14675 14576 14581 14578 14585
14500 14493 14487 14495 14593 14446 14410 14452 14485 14540 14644 14663 14696 14687 14660 14795 14674 14573 14570 14574 14774
14702 14703 14645 14480 14472 14565 14460 14502 14557 14586 14705 14703 14664 14644 14802 14814 14751 14713 14728 14753 14765
14740 14605 14676 14527 14464 14657 14449 14586 14643 14921 14875 14782 14797 14831 14871 14847 14749 14748 14776 14801 14628
14779 14800 14603 14571 14551 14468 14565 14624 14900 14869 14589 14820 14878 14931 14950 14816 14801 14815 14842 14643 14627
14793 14608 14411 14571 14566 14571 14613 14652 14874 14611 14608 14623 14689 14699 14672 14667 14668 14671 14846 14849 14824
14562 14560 14603 14580 14584 14603 14658 14898 14631 14632 14648 14693 14654 14643 14652 14665 14655 14632 14850 14839 14827
14553 14586 14617 14869 14647 14680 14940 14929 14946 14978 14655 14629 14634 14667 14677 14660 14630 14852 14839 14834 14848
14720 14822 14900 14954 14977 14963 14971 14996 15023 15015 14949 14948 14923 14902 14915 14893 14871 14869 14892 14936 14905
14816 14868 14819 14836 14841 14861 15019 15051 15083 14976 14956 14918 14889 14900 14959 14951 14937 14927 14957 14948 14877
14942 14846 14851 14850 14868 15034 15068 15085 15014 14962 14939 14922 14931 14960 14943 14780 14782 14965 14967 14887 14692
14876 14892 14891 14877 14866 14873 14848 14830 14802 14952 14933 14906 14902 14976 14778 14775 14802 14978 14883 14719 14701
14912 14905 14864 14859 14861 14830 14818 14796 14799 14792 14766 14752 14778 14777 14775 14797 14844 14786 14707 14708 14592
14940 14909 14862 14866 14828 14810 14791 14797 14792 14774 14764 14758 14780 14784 14803 14825 14715 14698 14690 14610 14596
14931 14895 14898 15028 14983 14810 14807 14801 14792 14788 14773 14770 14766 14763 14768 14754 14643 14618 14617 14613 14605
14885 14892 14894 14893 14861 14834 14826 14816 14816 14816 14762 14751 14738 14738 14662 14613 14611 14619 14635 14641 14612
14885 14890 14889 14842 14814 14821 14812 14817 14817 14799 14784 14756 14735 14658 14604 14578 14578 14599 14616 14608 14622
14884 14889 14808 14783 14784 14759 14762 14766 14757 14753 14735 14742 14741 14622 14604 14602 14605 14602 14598 14628 14624
14887 14846 14794 14785 14737 14744 14741 14719 14716 14676 14986 14988 14630 14601 14602 14596 14581 14573 14575 14589 14597
