inst/extdata/modis/lst/modgrid/Lat43.00075Lon-78.78820Start2001-01-01End2013-12-31___MOD11A2/GRID_Lat43.00075Lon-78.78820Start2001-01-01End2013-12-31___MOD11A2_LST_Day_1km_A2004097.asc
ncols		 21
nrows		 21
xllcorner	 -6416881.12
yllcorner	 4772121.02
cellsize	 926.625433055834
NODATA_value	 0
14534 14500 14478 14484 14492 14483 14457 14429 14427 14388 14378 14398 14401 14389 14356 14300 14284 14304 14292 14296 14298
14188 14263 14319 14353 14379 14396 14372 14373 14352 14333 14370 14391 14402 14392 14362 14321 14309 14289 14295 14305 14291
13989 14056 14079 14053 14049 14090 14146 14222 14266 14330 14348 14374 14401 14406 14369 14335 14287 14274 14272 14267 14267
13998 14018 14033 14090 14100 14070 14085 14199 14320 14388 14392 14433 14459 14433 14385 14312 14278 14243 14239 14254 14268
14254 14278 14270 14238 14187 14167 14061 14108 14333 14426 14471 14477 14441 14407 14364 14355 14292 14242 14234 14257 14270
14338 14358 14333 14314 14284 14213 14152 14221 14410 14473 14449 14397 14386 14394 14409 14379 14289 14262 14281 14294 14298
14385 14372 14390 14376 14313 14248 14197 14379 14486 14466 14404 14390 14412 14443 14434 14337 14314 14339 14346 14341 14334
14369 14367 14372 14360 14318 14243 14328 14492 14477 14435 14405 14416 14445 14450 14382 14354 14368 14371 14384 14370 14326
14355 14368 14372 14340 14273 14351 14480 14477 14447 14430 14436 14447 14422 14396 14388 14394 14392 14382 14381 14354 14332
14330 14276 14303 14384 14511 14552 14528 14499 14497 14521 14521 14484 14459 14452 14455 14446 14380 14330 14348 14358 14366
14281 14366 14497 14542 14550 14527 14503 14483 14495 14494 14471 14460 14443 14455 14447 14449 14445 14379 14384 14391 14380
14425 14475 14490 14486 14493 14526 14551 14501 14500 14460 14434 14405 14397 14467 14500 14502 14475 14446 14412 14423 14391
14476 14541 14519 14519 14545 14548 14596 14597 14557 14466 14439 14422 14467 14473 14465 14461 14444 14462 14450 14372 14271
14562 14608 14609 14570 14551 14597 14598 14563 14519 14479 14421 14425 14449 14479 14465 14440 14454 14433 14292 14250 14273
14624 14615 14597 14541 14566 14567 14529 14485 14453 14415 14403 14411 14453 14441 14443 14458 14490 14358 14311 14241 14193
14650 14616 14592 14572 14567 14505 14477 14462 14437 14448 14435 14403 14428 14440 14474 14493 14462 14391 14299 14181 14245
14637 14612 14602 14589 14539 14500 14487 14477 14471 14455 14411 14412 14415 14428 14449 14438 14377 14285 14304 14308 14224
14615 14618 14560 14611 14584 14545 14529 14491 14468 14431 14395 14367 14362 14380 14380 14322 14270 14306 14328 14321 14255
14559 14560 14561 14532 14499 14527 14529 14516 14499 14468 14416 14401 14400 14384 14322 14259 14234 14262 14285 14257 14247
14559 14559 14523 14490 14518 14520 14522 14515 14518 14480 14428 14368 14359 14369 14320 14229 14222 14264 14256 14263 14266
14573 14543 14504 14524 14536 14554 14474 14476 14450 14403 14392 14384 14346 14309 14245 14228 14207 14207 14207 14201 14240
