inst/extdata/modis/lst/modgrid/Lat43.00075Lon-78.78820Start2001-01-01End2013-12-31___MOD11A2/GRID_Lat43.00075Lon-78.78820Start2001-01-01End2013-12-31___MOD11A2_LST_Day_1km_A2001305.asc
ncols		 21
nrows		 21
xllcorner	 -6416881.12
yllcorner	 4772121.02
cellsize	 926.625433055834
NODATA_value	 0
14154 14189 14320 14326 14233 14356 14353 14355 14335 14338 14350 14378 14382 14387 14384 14365 14351 14352 14328 14321 14292
14111 14156 14173 14173 14236 14236 14181 14224 14239 14333 14361 14384 14382 14378 14370 14340 14339 14338 14336 14301 14311
14098 14134 14140 14189 14195 14150 14196 14209 14233 14326 14343 14349 14346 14344 14323 14314 14324 14334 14297 14300 14228
14167 14182 14195 14195 14140 14177 14193 14235 14351 14382 14368 14354 14352 14339 14310 14313 14326 14278 14280 14213 14216
14281 14311 14317 14312 14298 14207 14214 14246 14288 14377 14370 14364 14352 14325 14334 14353 14296 14291 14217 14217 14216
14337 14358 14353 14338 14254 14227 14240 14273 14377 14381 14355 14331 14324 14349 14382 14382 14366 14345 14341 14233 14148
14369 14373 14375 14270 14257 14251 14258 14391 14407 14373 14338 14331 14353 14393 14404 14398 14366 14353 14321 14140 14152
14368 14372 14273 14276 14268 14262 14385 14402 14390 14372 14335 14352 14390 14396 14271 14193 14358 14334 14325 14321 14166
14372 14372 14385 14370 14365 14388 14414 14417 14373 14352 14351 14361 14361 14259 14241 14244 14202 14346 14343 14337 14247
14368 14366 14363 14369 14399 14410 14393 14341 14339 14331 14322 14358 14250 14239 14244 14211 14334 14329 14321 14312 14315
14340 14360 14379 14401 14392 14355 14348 14334 14315 14289 14341 14331 14328 14235 14343 14352 14348 14340 14324 14325 14306
14356 14373 14374 14375 14350 14334 14328 14337 14343 14354 14328 14336 14341 14350 14359 14275 14273 14320 14348 14337 14308
14374 14369 14368 14356 14327 14313 14330 14342 14379 14360 14363 14354 14362 14354 14308 14271 14304 14361 14356 14325 14205
14381 14389 14379 14362 14352 14348 14350 14356 14358 14368 14358 14357 14348 14355 14349 14355 14374 14368 14344 14231 14188
14401 14393 14379 14367 14348 14339 14309 14315 14334 14338 14339 14349 14356 14348 14355 14379 14386 14373 14337 14316 14262
14403 14393 14379 14377 14359 14262 14270 14290 14304 14312 14326 14340 14340 14367 14377 14386 14374 14304 14247 14233 14270
14422 14410 14383 14369 14242 14253 14274 14291 14298 14316 14330 14341 14355 14340 14344 14327 14280 14244 14242 14267 14276
14369 14349 14386 14263 14261 14269 14288 14286 14338 14323 14333 14333 14317 14311 14291 14271 14253 14258 14266 14255 14250
14342 14395 14398 14379 14361 14353 14293 14348 14335 14331 14325 14335 14347 14264 14240 14233 14259 14270 14265 14191 14197
14392 14394 14381 14363 14356 14355 14358 14406 14378 14354 14360 14375 14382 14352 14321 14316 14268 14162 14173 14204 14222
14419 14414 14376 14362 14369 14373 14418 14426 14432 14417 14413 14370 14359 14334 14322 14268 14153 14170 14257 14284 14312
