inst/extdata/modis/lst/modgrid/Lat43.00075Lon-78.78820Start2001-01-01End2013-12-31___MOD11A2/GRID_Lat43.00075Lon-78.78820Start2001-01-01End2013-12-31___MOD11A2_LST_Day_1km_A2008105.asc
ncols		 21
nrows		 21
xllcorner	 -6416881.12
yllcorner	 4772121.02
cellsize	 926.625433055834
NODATA_value	 0
14898 14818 14820 14892 14892 14869 14863 14851 14845 14839 14836 14823 14827 14826 14821 14799 14781 14751 14754 14754 14772
14419 14524 14557 14707 14725 14752 14739 14744 14738 14790 14807 14825 14827 14814 14795 14774 14732 14735 14737 14764 14771
14190 14249 14351 14398 14381 14415 14448 14534 14623 14746 14797 14814 14773 14836 14796 14730 14714 14773 14783 14780 14757
14288 14324 14320 14360 14377 14396 14401 14509 14632 14727 14791 14760 14772 14779 14733 14717 14750 14740 14719 14721 14715
14538 14595 14567 14511 14466 14404 14349 14432 14598 14795 14840 14791 14789 14811 14800 14783 14759 14722 14715 14727 14733
14660 14663 14725 14730 14702 14673 14476 14541 14686 14832 14840 14817 14806 14804 14789 14784 14730 14717 14713 14722 14724
14673 14763 14788 14725 14674 14594 14583 14669 14884 14893 14866 14814 14835 14842 14838 14774 14760 14748 14745 14745 14732
14765 14776 14732 14706 14672 14599 14657 14829 14870 14862 14850 14838 14857 14860 14817 14798 14781 14771 14768 14756 14757
14773 14771 14737 14672 14635 14702 14837 14871 14872 14873 14923 14939 14926 14914 14915 14907 14893 14893 14879 14815 14806
14720 14636 14637 14711 14793 14859 14888 14885 14892 14976 14986 14969 14943 14939 14940 14934 14925 14895 14892 14876 14847
14628 14687 14780 14919 14947 14957 14952 14968 15008 15009 14982 14945 14932 14929 14937 14936 14920 14919 14922 14910 14873
14761 14822 14921 14932 14964 14968 14989 15038 15040 15002 14949 14925 14917 14942 14960 14973 14970 14968 14960 14939 14865
14835 14933 14953 14992 14999 15017 15039 15050 15021 14983 14961 14940 14942 14959 14975 14966 14962 14975 14965 14891 14865
14904 14991 15021 15022 15026 15031 15037 15012 14994 14981 14953 14926 14935 14965 14954 14950 14971 14966 14922 14909 14884
15021 15042 15033 14967 14962 14964 14948 14938 14926 14913 14920 14913 14931 14923 14925 14950 14959 14948 14932 15053 14925
15064 15057 14982 14975 14972 14949 14941 14933 14926 14958 14944 14938 14929 14928 14926 14936 14926 14905 14820 14799 14762
15058 14995 14992 14987 14958 14943 14942 14932 14959 14943 14925 14922 14916 14834 14843 14881 14845 14751 14783 14787 14775
15040 15046 15045 15033 15016 14987 14972 14962 14942 14924 14906 14883 14815 14814 14794 14762 14745 14777 14790 14793 14782
15036 15045 15037 15022 14985 14972 14971 14955 14939 14933 14913 14846 14831 14792 14759 14740 14746 14777 14787 14808 14804
15053 15042 15028 14976 14967 14975 14982 14983 14977 14946 14930 14915 14842 14780 14749 14737 14868 14884 14815 14821 14818
15056 15038 15001 14983 14990 15013 15017 15014 15136 15118 14947 14937 14960 14919 14885 14874 14750 14799 14819 14818 14813
