inst/extdata/modis/lst/modgrid/Lat43.00075Lon-78.78820Start2001-01-01End2013-12-31___MOD11A2/GRID_Lat43.00075Lon-78.78820Start2001-01-01End2013-12-31___MOD11A2_LST_Day_1km_A2003105.asc
ncols		 21
nrows		 21
xllcorner	 -6416881.12
yllcorner	 4772121.02
cellsize	 926.625433055834
NODATA_value	 0
14574 14674 14674 14674 14674 0 14580 14610 14616 14624 14619 14605 14604 14610 14640 14640 14646 14683 14688 14688 14693
14273 14314 14333 14474 14184 14580 14572 14569 14569 14587 14617 14617 14627 14648 14649 14650 14660 14664 14665 14668 14675
14039 14063 14184 14184 14186 14288 14341 14370 14520 14580 14585 14629 14674 14669 14665 14665 14665 14663 14661 14666 14666
14065 14108 14094 14248 14249 14223 14214 14178 14528 14528 14632 14753 14753 14746 14711 14711 14711 14702 14658 14657 14707
14601 14601 14601 14599 14599 14582 14188 14175 14178 14592 14749 14749 14749 14740 14735 14731 14714 14665 14663 14717 14724
14635 14662 14677 14665 14643 14338 14292 14258 14573 14746 14746 14752 14781 14781 14781 14763 14713 14714 14713 14705 14711
14705 14754 14754 14734 14428 14420 14420 14692 14725 14726 14769 14805 14804 14805 14771 14751 14746 14733 14720 14718 14714
14751 14751 14736 14676 14661 14660 14702 14726 14724 14772 14812 14812 14817 14780 14780 14779 14773 14771 14773 14774 14788
14748 14737 14701 14693 14696 14734 14761 14760 14800 14825 14824 14817 14801 14800 14798 14779 14777 14782 14774 14803 14803
14701 14684 14684 14691 14752 14775 14771 14802 14827 14826 14817 14796 14794 14796 14803 14805 14803 14773 14796 14796 14811
14671 14676 14685 14786 14834 14834 14836 14838 14838 14836 14793 14790 14788 14786 14788 14789 14773 14797 14797 14859 14917
14720 14722 14792 14826 14827 14832 14838 14838 14839 14800 14789 14784 14778 14777 14777 14775 14765 14807 14856 14943 14961
14744 14799 14819 14819 14819 0 0 14848 14841 14841 14830 14790 14780 14779 14768 14762 14797 14827 14958 14984 14971
14794 14819 14819 14819 0 0 14834 14835 14837 14829 14791 14781 14780 14765 14757 14805 14838 14970 15008 14988 14979
0 0 0 0 0 14810 14810 14810 14805 14794 14794 14793 14763 14757 14805 14840 15002 15024 15003 14988 14971
0 0 0 0 14778 14781 14785 14789 14790 14791 14792 0 0 15102 15102 15114 15009 14982 14978 14934 14830
0 0 0 14757 14757 14757 14763 14783 14783 14783 14876 14876 15040 15096 15102 14984 14890 14896 14922 14839 14853
0 0 14754 14754 14754 14758 14783 14783 14783 14894 14876 14959 15041 15051 14961 14902 14893 14906 14961 15008 14975
0 14753 14753 14753 14753 0 0 0 15051 15051 15097 15134 15108 15090 14776 14768 14754 14806 14988 14972 14832
0 14753 14753 14753 0 15022 15022 15075 15135 15161 15182 15160 15140 14847 14834 14815 14830 14970 14999 14997 14980
0 0 0 15082 15094 15108 15137 15198 15208 15212 15212 15207 15055 15030 15003 14862 14858 14860 14870 14866 14862
