inst/extdata/modis/lst/modgrid/Lat43.00075Lon-78.78820Start2001-01-01End2013-12-31___MOD11A2/GRID_Lat43.00075Lon-78.78820Start2001-01-01End2013-12-31___MOD11A2_LST_Day_1km_A2013025.asc
ncols		 21
nrows		 21
xllcorner	 -6416881.12
yllcorner	 4772121.02
cellsize	 926.625433055834
NODATA_value	 0
13019 0 0 0 0 0 12962 12957 12964 12991 13023 13033 13039 13046 13050 13062 13048 13042 13029 13013 13007
13299 13305 13597 13581 13566 13269 13235 13230 12988 13006 13005 13012 13028 13043 13036 13027 13036 13026 13001 12990 13181
13307 13598 13588 13564 13563 13513 13237 13240 13261 13252 12975 12983 13011 13410 13410 13410 0 0 13336 13366 13357
13600 13597 13562 13558 13533 13508 13508 13521 13527 13530 13531 0 13410 13410 13410 0 0 13336 13336 13353 13363
13601 13556 13556 13549 13521 13517 13511 13513 13518 13527 0 13410 13410 13410 0 0 0 0 13359 13379 13384
0 0 0 0 13502 13509 13510 13510 13504 13500 13500 0 0 0 0 0 0 0 13376 13387 13409
0 0 0 0 13514 13514 13505 13501 13500 13500 0 0 0 0 13320 13320 0 13348 13358 13355 13338
0 0 13451 13451 13451 13479 13501 13501 13470 13459 13459 0 0 13320 13292 13268 13286 13272 13283 13293 13294
0 13463 13461 13458 13478 13500 13502 13465 13459 13459 0 13281 13281 13265 13258 13251 13245 13250 13255 13278 13291
13481 13481 13481 13478 13476 13476 13443 13440 13445 13463 13372 13372 13272 13269 13265 13261 13261 13264 13290 13285 13293
13444 13449 13455 13459 13463 13441 13436 13442 13463 13463 13403 13328 13297 13285 13295 13313 13318 13314 13291 13285 13283
13428 13434 13438 13438 13438 0 0 0 13463 13423 13423 13411 13398 13316 13333 13337 13334 13308 13311 13309 13289
13434 13438 13438 13438 0 13616 13616 13616 13437 13428 13421 13413 13421 13426 13365 13357 13328 13327 13313 13290 13291
0 0 0 0 13555 13586 13593 13616 13381 13439 13415 13420 13423 13438 13438 13431 13329 13310 13294 13285 13295
0 0 0 13523 13533 13538 13564 0 0 13481 13482 13528 13533 13525 13495 0 0 0 13285 13298 13300
0 0 13524 13525 13523 13512 13502 13503 13504 13504 13559 13543 13540 13501 0 13454 13454 13454 13454 0 0
0 0 0 13502 13544 13555 13553 13509 13507 13508 13502 13502 13502 0 13454 13454 13454 13454 0 0 0
0 0 13660 13647 13633 13595 13515 13512 13512 13513 13513 0 0 0 0 13454 13454 0 0 0 0
0 13614 13625 13634 13577 13516 13518 13514 13513 13513 0 0 0 0 0 0 0 0 0 0 0
13562 13562 13562 13530 13500 13500 13511 13513 13504 13470 13470 13470 0 0 0 0 0 0 0 0 0
13562 13562 13559 13548 13539 13514 13513 13501 13470 13470 13470 0 0 0 0 0 0 0 0 0 0
