inst/extdata/modis/lst/modgrid/Lat43.00075Lon-78.78820Start2001-01-01End2013-12-31___MOD11A2/GRID_Lat43.00075Lon-78.78820Start2001-01-01End2013-12-31___MOD11A2_LST_Day_1km_A2005137.asc
ncols		 21
nrows		 21
xllcorner	 -6416881.12
yllcorner	 4772121.02
cellsize	 926.625433055834
NODATA_value	 0
15063 15081 15104 15101 15044 14987 14924 14903 15007 14834 14822 14845 14834 14803 14767 14737 14756 14790 14802 14783 14752
14856 14816 14842 14856 14866 14859 14844 14846 14803 14794 14817 14816 14814 14786 14784 14794 14801 14804 14790 14764 14762
14394 14522 14576 14564 14522 14544 14566 14633 14740 14764 14796 14808 14731 14739 14737 14797 14785 14775 14750 14729 14751
14420 14458 14497 14546 14542 14524 14504 14663 14748 14873 14874 14862 14783 14964 14799 14755 14733 14700 14688 14726 14750
14669 14706 14698 14644 14573 14486 14468 14641 14816 14936 14894 14792 14742 14785 14750 14742 14691 14654 14680 14719 14763
14843 14847 14810 14809 14637 14575 14617 14702 14948 14976 14898 14794 14770 14790 14809 14720 14817 14614 14672 14742 14779
14852 14854 14849 14702 14654 14601 14722 14910 14976 14914 14822 14800 14840 14884 15022 14896 14836 14691 14739 14750 14746
14802 14805 14800 14712 14667 14665 14901 14946 14942 14852 14819 14825 14875 14865 14808 14760 14931 14941 14967 14771 14761
14784 14784 14742 14735 14705 14885 14956 14959 14882 14852 14859 14905 14879 14823 14844 15026 15011 14999 14977 14979 14978
14750 14667 14797 14857 14943 15019 15111 14951 14963 14966 14975 14945 14918 14893 14886 14863 15005 14924 14945 14983 14997
14725 14841 14928 15034 15056 15069 15052 15032 15043 15055 15017 14981 14926 14885 14868 14861 15024 15029 15049 15073 15049
14883 14954 15010 15049 15069 15084 15106 15124 15113 15081 15029 14974 14923 14910 14918 14911 14903 15078 15129 15104 15059
15001 15127 15142 15144 15164 15118 15148 15178 15139 15062 15006 14944 14915 14947 14920 14907 14909 15142 15121 15063 14933
15168 15190 15186 15183 15185 15217 15231 15214 15060 15041 14993 14928 14931 14963 14899 14892 15117 15129 15032 14763 14740
15218 15198 15171 15173 15184 15079 15063 15007 15008 14989 14958 14935 14957 14949 15066 15098 15146 15055 14787 14771 14738
15234 15210 15190 15193 15074 15042 14991 14993 15002 15005 14981 14949 14955 15104 15125 15155 15091 14808 14775 14705 14694
15228 15204 15200 15094 15055 15000 15001 15004 15025 15014 14978 14969 14982 14951 14937 15040 14797 14768 14741 14748 14761
15089 15215 15235 15084 15043 15033 15027 15034 15058 15056 15005 14966 14923 14897 14822 14787 14899 14898 14939 14800 14793
15220 15242 15098 15056 15036 15032 15040 15060 15080 15075 15056 14985 14942 14840 14772 14840 14658 14706 14776 14779 14757
15245 15225 15030 14992 14999 15031 15067 15081 15194 15065 15019 14989 14956 14885 14808 14706 14700 14735 14762 14786 14774
15259 15079 15033 15026 15050 15092 15099 15107 15196 15165 15155 15139 14931 14854 14772 14755 14908 14753 14753 14776 14767
