inst/extdata/modis/lst/modgrid/Lat43.00075Lon-78.78820Start2001-01-01End2013-12-31___MOD11A2/GRID_Lat43.00075Lon-78.78820Start2001-01-01End2013-12-31___MOD11A2_LST_Day_1km_A2012217.asc
ncols		 21
nrows		 21
xllcorner	 -6416881.12
yllcorner	 4772121.02
cellsize	 926.625433055834
NODATA_value	 0
15244 15327 15353 15340 15283 15248 15294 15300 15285 15309 15329 15329 15321 15307 15276 15239 15265 15275 15284 15255 15151
15148 15182 15205 15136 15112 15174 15153 15185 15255 15269 15274 15292 15316 15317 15316 15299 15293 15304 15293 15263 15074
14963 14989 14967 15047 15006 14971 14946 14966 15075 15076 15100 15233 15194 15309 15330 15320 15199 15189 15172 15136 15112
14938 14968 14980 14970 14942 14874 14896 14955 15028 15071 15235 15201 15335 15356 15317 15183 15170 15059 15032 15044 15042
15102 15115 15105 15040 15004 15130 14960 15009 15089 15321 15349 15358 15341 15323 15218 15197 15190 15014 15026 15051 15064
15225 15224 15139 15107 15053 15084 15000 15072 15340 15377 15360 15297 15315 15333 15341 15270 15148 15030 15081 15093 15231
15277 15288 15276 15132 15072 15069 15099 15331 15389 15377 15309 15308 15345 15363 15305 15224 15187 15212 15228 15250 15243
15203 15214 15209 15187 15186 15183 15320 15379 15390 15350 15315 15317 15321 15325 15289 15248 15245 15257 15277 15275 15245
15182 15193 15235 15231 15210 15338 15376 15384 15361 15335 15340 15344 15330 15328 15325 15317 15305 15299 15284 15269 15275
15181 15185 15203 15346 15365 15381 15396 15394 15384 15397 15410 15367 15362 15354 15346 15330 15306 15271 15282 15295 15297
15185 15238 15387 15405 15418 15442 15436 15435 15452 15460 15404 15378 15375 15353 15356 15341 15302 15309 15332 15348 15326
15302 15382 15409 15435 15475 15484 15480 15478 15495 15456 15433 15410 15374 15381 15394 15353 15341 15309 15320 15338 15257
15411 15437 15466 15484 15486 15486 15494 15504 15485 15436 15407 15366 15376 15384 15361 15341 15309 15367 15368 15270 15245
15441 15480 15478 15473 15479 15483 15492 15474 15437 15403 15389 15381 15387 15363 15350 15312 15348 15336 15299 15280 15233
15456 15452 15450 15458 15444 15453 15434 15401 15417 15399 15379 15356 15336 15349 15340 15365 15347 15313 15294 15230 15186
15448 15438 15428 15424 15433 15399 15343 15412 15411 15411 15372 15340 15354 15380 15384 15399 15371 15323 15234 15194 15155
15443 15415 15407 15417 15396 15344 15413 15411 15421 15369 15343 15319 15331 15336 15394 15380 15277 15239 15227 15216 15192
15401 15403 15419 15408 15360 15353 15347 15365 15387 15345 15328 15303 15325 15318 15295 15203 15174 15178 15190 15197 15181
15405 15415 15396 15359 15357 15352 15354 15377 15382 15337 15313 15345 15315 15276 15199 15159 15145 15140 15156 15131 15148
15403 15406 15612 15335 15340 15345 15357 15363 15361 15337 15368 15369 15346 15286 15229 15200 15172 15158 15149 15199 15162
15401 15603 15576 15568 15544 15359 15369 15369 15339 15321 15331 15361 15326 15287 15231 15199 15187 15207 15188 15162 15152
