inst/extdata/modis/lst/modgrid/Lat43.00075Lon-78.78820Start2001-01-01End2013-12-31___MOD11A2/GRID_Lat43.00075Lon-78.78820Start2001-01-01End2013-12-31___MOD11A2_LST_Day_1km_A2009321.asc
ncols		 21
nrows		 21
xllcorner	 -6416881.12
yllcorner	 4772121.02
cellsize	 926.625433055834
NODATA_value	 0
14204 14197 14206 14229 14233 14194 14184 14178 14176 14176 14184 14198 14196 14191 14184 14173 14162 14162 14164 14157 14156
14164 14166 14156 14166 14173 14109 14107 14162 14161 14171 14182 14188 14191 14190 14184 14163 14158 14159 14155 14154 14152
14150 14149 14144 14139 14086 14090 14095 14156 14164 14174 14180 14179 14177 14180 14168 14157 14153 14147 14148 14149 14147
14132 14136 14138 14136 14137 14087 14091 14171 14184 14194 14196 14193 14196 14184 14161 14153 14151 14144 14140 14143 14143
14149 14152 14151 14140 14078 14143 14164 14185 14202 14211 14208 14202 14191 14178 14177 14176 14153 14135 14134 14137 14135
14171 14176 14168 14158 14151 14159 14177 14200 14213 14223 14209 14185 14182 14198 14203 14188 14165 14148 14152 14150 14145
14173 14180 14181 14173 14174 14184 14207 14217 14227 14221 14196 14198 14205 14212 14209 14190 14168 14173 14168 14150 14146
14168 14174 14178 14187 14194 14216 14221 14232 14227 14209 14216 14212 14213 14208 14196 14189 14193 14190 14179 14165 14158
14177 14181 14201 14214 14222 14225 14230 14228 14216 14220 14218 14217 14211 14211 14212 14207 14203 14197 14196 14188 14170
14204 14215 14218 14224 14230 14234 14228 14221 14224 14227 14232 14225 14220 14219 14220 14216 14209 14194 14189 14166 14156
14201 14210 14217 14225 14230 14227 14224 14228 14236 14236 14218 14213 14203 14207 14212 14211 14202 14177 14173 14170 14155
14205 14210 14215 14254 14264 14270 14271 14272 14277 14255 14199 14200 14206 14210 14207 14207 14194 14202 14206 14183 14168
14244 14251 14256 14258 14264 14268 14266 14264 14250 14208 14209 14210 14215 14200 14212 14199 14206 14209 14190 14193 14184
14251 14251 14254 14260 14262 14263 14262 14257 14221 14221 14196 14190 14193 14200 14197 14188 14191 14191 14200 14194 14181
14267 14267 14270 14272 14242 14235 14227 14201 14215 14215 14221 14220 14205 14193 14191 14191 14193 14211 14179 14169 14168
14282 14267 14288 14259 14253 14243 14206 14219 14218 14227 14222 14206 14204 14212 14219 14219 14213 14197 14171 14161 14152
14276 14282 14257 14254 14250 14219 14219 14240 14231 14230 14222 14212 14214 14219 14222 14212 14183 14160 14157 14153 14153
14251 14275 14278 14282 14247 14239 14251 14246 14239 14227 14218 14184 14215 14210 14201 14170 14156 14160 14162 14161 14162
14275 14280 14288 14277 14265 14265 14275 14276 14263 14226 14249 14227 14223 14213 14179 14171 14168 14167 14169 14163 14167
14286 14293 14288 14278 14273 14274 14277 14274 14273 14268 14235 14240 14238 14217 14194 14177 14168 14163 14158 14156 14152
14299 14294 14287 14283 14283 14284 14283 14284 14280 14276 14252 14244 14227 14200 14177 14170 14159 14153 14157 14165 14162
