inst/extdata/modis/lst/modgrid/Lat43.00075Lon-78.78820Start2001-01-01End2013-12-31___MOD11A2/GRID_Lat43.00075Lon-78.78820Start2001-01-01End2013-12-31___MOD11A2_LST_Day_1km_A2013345.asc
ncols		 21
nrows		 21
xllcorner	 -6416881.12
yllcorner	 4772121.02
cellsize	 926.625433055834
NODATA_value	 0
13321 13300 13299 13302 13311 13301 13279 13262 13277 13275 13273 13279 13261 13260 13278 13255 13238 13249 13240 13159 13168
13423 13406 13388 13369 13332 13304 13254 13277 13274 13275 13280 13277 13182 13194 13197 13184 13174 13169 13177 13191 13199
13574 13514 13503 13527 13531 13517 13412 13354 13211 13288 13291 13202 13206 13203 13194 13178 13161 13166 13190 13209 13210
13518 13492 13493 13448 13440 13504 13528 13454 13388 13206 13204 13209 13214 13212 13216 13189 13191 13227 13233 13203 13187
13361 13334 13287 13277 13316 13469 13547 13514 13470 13239 13220 13215 13209 13221 13202 13203 13231 13231 13221 13189 13191
13192 13186 13183 13253 13277 13401 13543 13516 13283 13224 13206 13198 13192 13205 13211 13256 13267 13219 13202 13211 13207
13190 13183 13186 13203 13235 13376 13458 13312 13236 13211 13190 13184 13230 13225 13262 13264 13221 13202 13194 13198 13209
13196 13193 13183 13218 13252 13424 13431 13274 13243 13220 13201 13226 13235 13233 13217 13204 13191 13192 13193 13193 13198
13191 13192 13266 13301 13397 13407 13292 13256 13238 13224 13220 13232 13239 13234 13231 13202 13196 13183 13188 13197 13184
13334 13327 13323 13321 13272 13242 13227 13217 13210 13219 13228 13233 13219 13232 13213 13204 13179 13182 13195 13188 13192
13313 13233 13199 13196 13207 13213 13212 13204 13212 13240 13233 13235 13222 13199 13201 13202 13196 13194 13191 13199 13201
13213 13188 13191 13200 13199 13205 13203 13211 13245 13235 13229 13217 13193 13199 13194 13197 13198 13195 13205 13213 13202
13222 13204 13205 13204 13204 13209 13212 13273 13242 13230 13205 13188 13200 13193 13194 13192 13193 13203 13210 13194 13148
13204 13207 13215 13217 13222 13233 13263 13230 13224 13205 13196 13191 13198 13201 13192 13174 13185 13203 13160 13156 13163
13229 13223 13220 13221 13209 13216 13215 13207 13211 13199 13186 13177 13196 13192 13177 13186 13216 13189 13171 13172 13163
13227 13223 13243 13263 13216 13208 13192 13199 13205 13218 13216 13207 13201 13204 13191 13227 13196 13182 13174 13161 13161
13245 13268 13264 13218 13205 13192 13197 13203 13205 13210 13210 13208 13211 13196 13207 13181 13202 13192 13166 13147 13143
13243 13226 13222 13222 13210 13214 13204 13210 13214 13213 13207 13191 13172 13174 13182 13197 13197 13162 13153 13155 13137
13227 13233 13235 13219 13190 13210 13218 13221 13224 13225 13211 13191 13179 13187 13177 13178 0 13169 13162 13150 13139
13244 13242 13216 13187 13206 13229 13233 13234 13240 13214 13187 13185 13190 13183 13181 13163 13158 13158 13159 13153 13142
13243 13236 13218 13214 13232 13251 13245 13234 13220 13209 13208 13209 13200 13199 13187 13175 13171 13172 13171 13159 13141
