inst/extdata/modis/lst/modgrid/Lat43.00075Lon-78.78820Start2001-01-01End2013-12-31___MOD11A2/GRID_Lat43.00075Lon-78.78820Start2001-01-01End2013-12-31___MOD11A2_LST_Day_1km_A2007225.asc
ncols		 21
nrows		 21
xllcorner	 -6416881.12
yllcorner	 4772121.02
cellsize	 926.625433055834
NODATA_value	 0
15158 15172 15166 15145 15163 15155 15152 15145 15118 15069 15066 15085 15068 15052 15024 14993 14995 15021 15025 15014 14979
14997 14959 14961 15005 15011 15041 15037 15016 14997 15003 15017 15049 15053 15045 15021 15010 15012 15011 14986 14970 14946
14852 14860 14876 14879 14921 14949 14958 14908 14906 14931 15009 15031 15062 15063 15058 15027 15009 14982 14952 14932 14936
14831 14843 14861 14873 14869 14867 14832 14887 14929 15023 15031 15085 15118 15100 15051 15013 14982 14941 14917 14946 14950
14900 14891 14908 14900 14879 14885 14858 14912 15039 15080 15133 15129 15106 15070 15043 14978 14908 14887 14907 14945 14954
14948 14966 14932 14904 14885 14901 14885 14975 15085 15155 15124 15054 14997 15036 15008 14947 14914 14899 14962 14974 14990
15062 15057 15052 15008 14945 14945 14980 15082 15186 15165 15040 15045 15107 15092 15070 14954 14909 14963 14990 15008 15008
15015 15013 15025 15006 14999 15010 15071 15195 15180 15101 15077 15106 15140 15140 15073 15032 15036 15043 15062 15066 15034
15013 15033 15057 15072 15087 15135 15216 15203 15160 15136 15172 15190 15172 15143 15135 15133 15114 15102 15106 15094 15099
15017 15030 15076 15152 15214 15245 15238 15225 15223 15251 15249 15220 15208 15203 15188 15157 15108 15052 15033 15108 15136
15057 15127 15197 15258 15279 15281 15280 15290 15309 15314 15273 15256 15227 15193 15191 15156 15109 15086 15160 15204 15184
15161 15206 15266 15289 15301 15317 15326 15350 15364 15307 15292 15276 15249 15234 15228 15273 15256 15242 15261 15251 15199
15277 15314 15324 15323 15328 15334 15358 15375 15351 15312 15289 15258 15256 15279 15269 15186 15199 15245 15264 15222 15125
15342 15365 15360 15347 15351 15361 15363 15343 15304 15289 15247 15219 15207 15243 15208 15206 15238 15252 15207 15067 15024
15366 15364 15358 15368 15362 15350 15328 15295 15278 15240 15210 15185 15223 15238 15239 15254 15272 15227 15115 15072 15047
15377 15370 15372 15361 15343 15295 15273 15266 15253 15252 15236 15242 15278 15305 15286 15281 15250 15181 15110 15061 15021
15371 15359 15359 15357 15321 15293 15287 15276 15288 15281 15271 15283 15301 15281 15261 15215 15179 15144 15119 15110 15107
15341 15362 15378 15370 15354 15340 15316 15321 15338 15336 15305 15245 15203 15188 15161 15122 15097 15106 15119 15104 15073
15372 15393 15393 15393 15392 15357 15336 15352 15362 15337 15281 15246 15221 15192 15093 15020 14962 15002 15068 15061 15042
15395 15399 15397 15396 15385 15352 15360 15363 15364 15300 15275 15276 15280 15228 15174 15096 15059 15060 15071 15077 15047
15390 15385 15379 15368 15378 15390 15392 15393 15344 15305 15294 15304 15280 15204 15112 15081 15051 15048 15040 15042 15047
