inst/extdata/modis/lst/modgrid/Lat43.00075Lon-78.78820Start2001-01-01End2013-12-31___MOD11A2/GRID_Lat43.00075Lon-78.78820Start2001-01-01End2013-12-31___MOD11A2_LST_Day_1km_A2007129.asc
ncols		 21
nrows		 21
xllcorner	 -6416881.12
yllcorner	 4772121.02
cellsize	 926.625433055834
NODATA_value	 0
15186 15213 15235 15190 15188 15159 15124 15121 15125 14865 15074 15071 15047 15034 14980 14860 14937 14990 14987 14958 14938
14682 15033 15014 15041 15020 15014 14990 14997 14788 14970 15008 15028 15061 15077 15041 15016 15001 14999 14974 14965 14931
14313 14416 14429 14564 14519 14558 14627 14714 14935 14954 14971 14985 15026 15056 15076 15017 14809 14789 14753 14733 14932
14368 14495 14459 14437 14516 14373 14451 14580 14706 15013 15019 15064 15113 15108 15035 14962 14924 14894 14717 14925 14964
14696 14699 14723 14658 14627 14647 14484 14576 14698 15154 15159 15150 15119 15067 14988 14987 14923 14864 14906 14955 14970
14793 14797 14788 14792 14738 14592 14462 14551 14775 15182 14907 14846 14993 15038 15098 15018 14869 14841 14948 15006 14880
14822 14848 14845 14811 14744 14685 14662 14854 15194 14911 14848 15020 15074 15164 15133 14951 14926 15011 15029 14900 14886
14799 14807 14807 14798 14790 14706 14839 14988 14965 15105 14842 15078 15160 15202 15068 15005 15046 15039 15050 15035 14867
14772 14795 14720 14805 14732 14874 14978 14957 15083 15071 15113 15129 15089 15080 15106 15106 15090 15100 15084 14810 14810
14732 14641 14654 14964 14963 15015 14994 15152 15147 15202 15205 15171 15147 15139 15149 15142 15108 15032 14808 14831 14853
14682 14862 15140 15219 15244 15228 15197 15201 15249 15246 15186 15171 15136 15095 15118 15144 15118 14871 14878 15020 14991
14949 15006 15226 15237 15233 15242 15242 15282 15321 15240 15198 15158 15101 15117 15183 15187 14919 14901 15077 15053 14979
15018 15240 15237 15250 15268 15270 15305 15330 15282 15215 15180 15137 15166 15179 15031 15007 15012 15103 15116 15005 14952
15265 15290 15271 15256 15271 15305 15309 15267 15205 15179 15139 15112 15132 14979 14937 14970 15084 15088 15018 14974 14956
15296 15277 15237 15234 15236 15235 15215 15181 15171 15150 15119 15103 14968 14906 14924 15011 15037 15062 15012 14984 14948
15292 15248 15228 15247 15220 15176 15160 15168 15173 15160 15143 14969 14927 14963 15016 15109 15021 14980 14953 14901 14879
15270 15238 15238 15224 15179 15155 15165 15029 15152 15164 14937 14941 14942 14968 14994 14976 14946 14935 14923 14921 14924
15247 15252 15242 15225 15191 15183 15034 15026 15173 14949 14883 14919 14949 14960 14927 14901 14836 14838 14867 14954 14934
15251 15256 15257 15189 15149 15027 15028 15161 15174 15035 14988 15042 15022 14984 14906 14771 14786 14820 14913 14914 14892
15249 15241 15189 15122 15137 15158 15177 15065 15079 15082 15055 15044 15029 14989 14970 14897 14884 14894 14913 14925 14910
15253 15223 15163 15136 15157 15201 15082 15091 15089 15069 15057 15150 15109 15034 14926 14909 14897 14898 14887 14880 14880
