inst/extdata/modis/lst/modgrid/Lat43.00075Lon-78.78820Start2001-01-01End2013-12-31___MOD11A2/GRID_Lat43.00075Lon-78.78820Start2001-01-01End2013-12-31___MOD11A2_LST_Day_1km_A2008089.asc
ncols		 21
nrows		 21
xllcorner	 -6416881.12
yllcorner	 4772121.02
cellsize	 926.625433055834
NODATA_value	 0
14145 14214 14193 14299 14288 14343 14327 14332 14336 14282 14289 14296 14187 14182 14157 14103 14108 14123 14125 14118 14204
13860 13887 13987 14019 14022 14067 14073 14133 14221 14240 14278 14322 14331 14326 14246 14135 14127 14126 14117 14207 14203
13769 13813 13840 13930 13883 13905 13945 14092 14103 14199 14260 14284 14327 14292 14174 14149 14140 14126 14203 14199 14097
13819 13844 13844 13855 13870 13862 13882 13926 14004 14176 14271 14309 14314 14316 14274 14152 14136 14197 14192 14091 14098
13972 13993 14022 14003 13912 13894 13871 13951 14059 14277 14339 14343 14335 14296 14291 14268 14214 14182 14088 14096 14112
14095 14042 14039 14074 13973 13948 13967 14024 14260 14353 14326 14310 14293 14314 14315 14283 14226 14219 14226 14132 14178
14199 14216 14229 14118 14097 14018 14079 14258 14396 14359 14327 14310 14336 14357 14339 14299 14261 14268 14286 14294 14287
14229 14238 14244 14235 14224 14124 14194 14318 14330 14346 14336 14344 14367 14358 14348 14313 14321 14334 14338 14324 14318
14241 14249 14185 14197 14184 14257 14364 14340 14368 14363 14367 14391 14370 14359 14356 14377 14377 14371 14366 14358 14354
14158 14171 14214 14246 14344 14393 14370 14369 14374 14393 14404 14403 14398 14391 14400 14401 14390 14363 14369 14365 14361
14177 14250 14299 14424 14462 14377 14379 14391 14418 14417 14421 14415 14399 14394 14407 14410 14401 14396 14394 14390 14374
14296 14328 14374 14403 14416 14450 14479 14496 14447 14402 14383 14367 14393 14393 14398 14394 14425 14428 14430 14419 14231
14352 14403 14427 14433 14452 14477 14504 14467 14451 14416 14432 14428 14398 14404 14404 14403 14394 14399 14440 14257 14222
14431 14467 14475 14487 14495 14500 14469 14457 14433 14414 14404 14392 14395 14412 14433 14384 14395 14299 14267 14239 14251
14476 14482 14482 14477 14490 14461 14450 14432 14413 14406 14392 14381 14392 14425 14421 14432 14301 14288 14245 14244 14225
14483 14499 14491 14497 14446 14435 14421 14410 14405 14397 14390 14387 14380 14381 14389 14306 14296 14244 14227 14205 14134
14503 14494 14491 14461 14458 14422 14413 14409 14395 14388 14382 14368 14369 14369 14396 14319 14278 14152 14147 14150 14075
14478 14476 14458 14462 14440 14420 14415 14390 14391 14416 14394 14373 14227 14228 14199 14169 14147 14143 14160 14141 14060
14469 14486 14491 14460 14431 14434 14433 14434 14420 14451 14441 14272 14260 14214 14161 14142 14137 14142 14127 14112 14102
14473 14480 14451 14417 14419 14427 14435 14435 14492 14485 14452 14441 14243 14203 14177 14149 14127 14237 14240 14105 14098
14474 14457 14427 14424 14431 14434 14506 14458 14452 14475 14471 14463 14419 14370 14198 14171 14143 14107 14099 14099 14127
