inst/extdata/modis/lst/modgrid/Lat43.00075Lon-78.78820Start2001-01-01End2013-12-31___MOD11A2/GRID_Lat43.00075Lon-78.78820Start2001-01-01End2013-12-31___MOD11A2_LST_Day_1km_A2003281.asc
ncols		 21
nrows		 21
xllcorner	 -6416881.12
yllcorner	 4772121.02
cellsize	 926.625433055834
NODATA_value	 0
14801 14781 14812 14803 14779 14802 14756 14595 14596 14603 14683 14716 14715 14719 14722 14715 14724 14745 14752 14765 14743
14525 14528 14539 14562 14526 14491 14525 14546 14560 14574 14698 14716 14739 14762 14747 14743 14744 14744 14747 14741 14731
14427 14432 14446 14489 14417 14416 14450 14520 14623 14598 14693 14724 14754 14760 14757 14742 14724 14722 14716 14719 14715
14420 14442 14432 14434 14522 14396 14427 14502 14588 14708 14742 14778 14793 14775 14746 14714 14704 14702 14710 14707 14708
14591 14552 14605 14467 14442 14476 14439 14509 14690 14776 14793 14794 14772 14753 14738 14727 14706 14697 14698 14695 14702
14592 14691 14647 14545 14531 14562 14483 14573 14744 14782 14778 14744 14739 14759 14763 14742 14707 14695 14697 14704 14724
14688 14686 14580 14640 14562 14548 14579 14715 14777 14778 14737 14750 14760 14775 14778 14733 14715 14730 14673 14667 14664
14671 14588 14571 14581 14652 14583 14703 14768 14780 14748 14743 14746 14762 14776 14748 14736 14739 14679 14682 14681 14678
14544 14565 14586 14580 14569 14709 14753 14764 14744 14742 14747 14758 14753 14764 14773 14721 14711 14702 14693 14706 14707
14556 14527 14546 14591 14749 14759 14759 14755 14767 14772 14775 14761 14786 14782 14727 14720 14707 14694 14706 14702 14705
14504 14571 14728 14761 14761 14764 14762 14778 14778 14782 14738 14721 14776 14734 14736 14724 14723 14736 14747 14753 14748
14697 14737 14754 14778 14789 14767 14785 14784 14789 14731 14716 14715 14738 14743 14752 14773 14767 14765 14771 14773 14747
14792 14803 14783 14785 14800 14819 14782 14773 14746 14728 14732 14749 14755 14758 14766 14768 14770 14771 14779 14751 14705
14826 14805 14799 14799 14804 14746 14763 14741 14727 14732 14729 14726 14745 14766 14761 14760 14766 14768 14730 14765 14683
14860 14812 14804 14795 14736 14738 14719 14714 14726 14721 14716 14718 14748 14754 14757 14816 14840 14742 14768 14747 14726
14880 14821 14803 14744 14742 14716 14702 14716 14715 14732 14719 14718 14742 14751 14824 14841 14806 14771 14733 14701 14697
14877 14826 14824 14825 14797 14722 14722 14716 14719 14777 14722 14738 14802 14804 14808 14787 14755 14720 14712 14719 14708
14829 14839 14853 14844 14821 14802 14788 14728 14797 14805 14790 14778 14780 14776 14756 14728 14701 14706 14720 14728 14707
14849 14862 14854 14836 14806 14796 14795 14806 14820 14826 14817 14799 14791 14773 14734 14698 14688 14699 14731 14710 14707
14868 14860 14843 14800 14805 14812 14822 14840 14868 14857 14831 14830 14824 14789 14748 14728 14721 14718 14728 14736 14739
14879 14873 14837 14819 14837 14856 14871 14888 14881 14860 14849 14849 14825 14779 14750 14741 14726 14727 14734 14741 14746
