inst/extdata/modis/lst/modgrid/Lat43.00075Lon-78.78820Start2001-01-01End2013-12-31___MOD11A2/GRID_Lat43.00075Lon-78.78820Start2001-01-01End2013-12-31___MOD11A2_LST_Day_1km_A2004177.asc
ncols		 21
nrows		 21
xllcorner	 -6416881.12
yllcorner	 4772121.02
cellsize	 926.625433055834
NODATA_value	 0
15092 15118 15127 15139 15153 15153 15111 15047 15028 15005 14993 14998 14979 14946 14928 14861 14846 14846 14925 14884 14800
14977 15013 14996 14930 14921 14917 14898 14975 14969 14922 14930 14934 14957 14929 14904 14970 14935 14915 14900 14875 14798
14624 14776 14797 14857 14777 14729 14791 14829 14831 14865 14885 14986 15018 15047 15035 14990 14869 14919 14881 14875 14808
14684 14691 14708 14733 14719 14644 14660 14779 14857 15001 15009 15042 15088 15080 15021 14892 14858 14829 14809 14795 14786
14880 14828 14820 14786 14641 14745 14646 14727 15029 15077 15092 15095 15075 15028 14935 14903 14853 14794 14778 14791 14771
14953 14959 14946 14897 14837 14797 14712 14941 15056 15109 15055 15009 14950 14962 14962 14913 14838 14791 14808 14854 14846
14971 14912 14911 14868 14834 14854 14919 15048 15124 15061 14920 14912 14965 15012 14997 14897 14863 14869 14897 14904 14912
14820 14874 14849 14847 14854 14933 15050 15127 15078 14941 14920 14957 14976 15008 14938 14904 14908 14924 14930 14939 14918
14761 14764 14783 14878 14978 15061 15137 15091 15071 15063 14985 14985 14984 14974 14957 14942 14951 14978 14972 14958 14949
14753 14767 14960 15015 15076 15135 15150 15132 15121 15151 15024 14998 15065 15087 15097 15098 15062 15037 15038 14966 14967
14941 14989 15089 15137 15152 15164 15163 15177 15199 15160 15122 15093 15094 15069 15087 15088 15072 15063 15011 15016 15013
15045 15110 15139 15165 15173 15192 15215 15238 15225 15164 15148 15125 15080 15095 15134 15038 15034 15033 15054 15061 14989
15168 15179 15203 15203 15220 15239 15265 15274 15232 15182 15144 15025 15030 15126 15028 15023 15032 15072 15098 15016 14947
15224 15244 15252 15239 15248 15243 15249 15224 15195 15141 15023 15000 14995 15021 15015 15005 15042 15055 14985 14961 14939
15261 15163 15140 15225 15233 15225 15186 15146 15000 15000 14991 14983 15007 15108 14996 15038 15161 15123 15040 14911 14867
15179 15155 15232 15161 15120 15081 15057 15095 15000 15005 14997 14992 15108 15119 15125 15134 15121 15040 15008 14926 14899
15262 15251 15133 15096 15065 15041 15100 15097 15103 15047 14992 15003 15005 15073 15067 15051 15018 14992 14868 14851 14859
15176 15156 15124 15199 15159 15137 15071 15074 15073 15080 15030 15031 15012 15025 14993 14886 14866 14862 14887 14907 14869
15266 15265 15200 15157 15103 15089 15083 15104 15116 15144 15083 15043 14955 14940 14882 14809 14799 14824 14850 14829 14788
15223 15227 15182 15137 15153 15165 15144 15187 15178 15150 15073 14973 14978 14952 14885 14850 14835 14834 14803 14847 14842
15228 15207 15177 15160 15159 15193 15203 15147 15143 15084 15069 15093 15006 14933 14885 14851 14840 14825 14825 14836 14835
