inst/extdata/modis/lst/modgrid/Lat43.00075Lon-78.78820Start2001-01-01End2013-12-31___MOD11A2/GRID_Lat43.00075Lon-78.78820Start2001-01-01End2013-12-31___MOD11A2_LST_Day_1km_A2011177.asc
ncols		 21
nrows		 21
xllcorner	 -6416881.12
yllcorner	 4772121.02
cellsize	 926.625433055834
NODATA_value	 0
15211 15204 15326 15333 15323 15308 15291 15259 15238 15216 15202 15005 15001 14991 14980 15038 14964 14974 15016 15084 15052
15003 15068 15066 15165 15175 15184 14971 14943 14952 14995 15172 15188 15051 15046 15049 15018 14971 15008 15066 15046 14862
14767 14800 14816 14915 14810 14787 14773 14801 14831 14854 15038 15146 15174 15185 15177 15071 15026 15082 14936 14866 14870
14763 14742 14732 14720 14841 14698 14683 14732 14882 14979 15125 15177 15220 15230 15207 15045 15103 15043 15007 14868 14890
14834 14854 14835 14793 14748 14864 14695 14823 14977 15156 15217 15227 15218 15203 15156 15126 15053 15000 14921 14935 15034
14894 14880 14855 14793 14728 14707 14790 15004 15215 15240 15223 15187 15179 15184 15194 15113 15049 15028 14960 15092 15103
14982 15072 15066 14918 14877 14888 15114 15212 15254 15247 15192 15181 15207 15243 15185 15129 15088 15119 15126 15139 15133
15041 15036 15077 15056 15073 15143 15199 15260 15264 15235 15208 15225 15246 15241 15215 15167 15173 15165 15165 15173 15156
15007 15072 15085 15113 15179 15213 15274 15278 15267 15243 15262 15260 15239 15232 15239 15238 15221 15203 15202 15188 15186
15055 15062 15099 15247 15270 15305 15323 15323 15314 15324 15319 15300 15282 15280 15284 15274 15221 15192 15197 15209 15207
14986 15124 15273 15307 15327 15356 15356 15365 15375 15372 15328 15316 15307 15281 15276 15268 15239 15235 15249 15259 15238
15188 15283 15317 15335 15380 15396 15425 15444 15457 15381 15356 15342 15289 15295 15315 15309 15306 15314 15318 15292 15137
15333 15358 15367 15401 15412 15448 15479 15496 15429 15409 15380 15311 15316 15330 15330 15309 15317 15335 15317 15156 15115
15387 15422 15440 15439 15438 15455 15337 15304 15404 15374 15307 15298 15315 15330 15307 15312 15327 15324 15238 15202 15157
15449 15438 15425 15414 15421 15289 15266 15253 15337 15304 15277 15270 15278 15290 15300 15309 15340 15256 15217 15152 15118
15465 15448 15421 15419 15389 15253 15237 15325 15312 15308 15295 15286 15288 15303 15311 15320 15263 15208 15136 15081 15046
15456 15433 15423 15399 15370 15349 15336 15318 15311 15311 15298 15275 15284 15273 15263 15227 15177 15132 15117 15067 15048
15424 15425 15424 15406 15395 15371 15345 15334 15337 15324 15284 15248 15235 15205 15154 15098 15060 14931 14938 15075 15076
15403 15427 15426 15414 15370 15354 15352 15360 15367 15353 15315 15270 15225 15174 15107 14935 14919 14914 15058 15062 15044
15419 15420 15401 15366 15348 15354 15367 15373 15375 15368 15338 15313 15268 15207 14988 14972 14942 15065 15066 15061 15045
15425 15410 15369 15359 15369 15389 15399 15398 15382 15368 15353 15326 15279 15190 15164 15087 15052 15056 15055 15025 15013
