inst/extdata/modis/lst/modgrid/Lat43.00075Lon-78.78820Start2001-01-01End2013-12-31___MOD11A2/GRID_Lat43.00075Lon-78.78820Start2001-01-01End2013-12-31___MOD11A2_LST_Day_1km_A2007177.asc
ncols		 21
nrows		 21
xllcorner	 -6416881.12
yllcorner	 4772121.02
cellsize	 926.625433055834
NODATA_value	 0
15474 15479 15492 15460 15427 15405 15383 15385 15416 15305 15380 15410 15416 15380 15255 15129 15230 15299 15312 15191 15098
15258 15304 15305 15309 15322 15295 15269 15260 15287 15284 15307 15347 15373 15298 15283 15262 15304 15327 15181 15133 15101
14832 14920 14938 14987 14979 15016 15118 15174 15212 15258 15258 15300 15330 15343 15346 15254 15275 15159 15101 15099 15132
14816 14839 14850 14881 14932 14876 14895 15008 15198 15255 15283 15313 15379 15365 15297 15186 15114 14998 15008 15070 15172
15094 15118 15130 15063 14947 14958 14908 15102 15266 15379 15385 15370 15225 15236 15219 15163 15047 14966 15056 15095 15232
15221 15237 15194 15125 15045 14986 14942 15123 15380 15421 15397 15175 15196 15214 15212 15138 15019 14938 15058 15119 15227
15282 15268 15237 15193 15095 15082 15115 15354 15455 15435 15244 15195 15253 15380 15197 15090 15043 15095 15119 15117 15155
15224 15211 15209 15184 15162 15140 15298 15458 15376 15308 15278 15352 15342 15309 15187 15141 15066 15178 15201 15186 15137
15170 15190 15221 15228 15214 15315 15464 15376 15333 15300 15341 15361 15332 15235 15251 15256 15263 15246 15209 15170 15183
15127 15158 15208 15239 15409 15497 15436 15407 15358 15353 15412 15397 15373 15375 15361 15255 15214 15135 15179 15250 15228
15174 15260 15373 15406 15522 15476 15453 15460 15424 15435 15468 15451 15401 15358 15350 15263 15197 15197 15341 15405 15283
15267 15280 15365 15399 15468 15472 15482 15494 15450 15488 15461 15442 15393 15383 15365 15367 15341 15310 15377 15437 15276
15356 15393 15391 15394 15452 15462 15504 15433 15442 15398 15411 15360 15422 15434 15412 15354 15289 15364 15369 15249 15155
15460 15388 15402 15399 15408 15421 15441 15425 15399 15445 15342 15335 15380 15423 15371 15344 15439 15435 15324 15214 15167
15447 15490 15481 15467 15402 15473 15441 15424 15407 15301 15292 15335 15426 15419 15309 15351 15446 15380 15299 15217 15167
15496 15489 15476 15478 15469 15430 15401 15398 15393 15387 15417 15423 15353 15364 15366 15473 15417 15307 15220 15186 15147
15498 15470 15475 15473 15448 15413 15427 15420 15351 15348 15410 15327 15331 15328 15346 15259 15216 15233 15150 15188 15153
15475 15493 15501 15509 15490 15460 15441 15433 15436 15481 15419 15386 15354 15263 15217 15176 15082 15075 15156 15185 15145
15467 15476 15455 15463 15467 15455 15452 15459 15515 15502 15459 15408 15357 15280 15159 15076 14989 15067 15117 15113 15097
15469 15464 15455 15461 15465 15462 15513 15524 15531 15495 15390 15382 15302 15293 15181 15135 15118 15106 15125 15129 15096
15504 15475 15459 15430 15437 15486 15522 15549 15503 15319 15327 15337 15380 15250 15185 15159 15128 15119 15097 15108 15104
