inst/extdata/modis/lst/modgrid/Lat43.00075Lon-78.78820Start2001-01-01End2013-12-31___MOD11A2/GRID_Lat43.00075Lon-78.78820Start2001-01-01End2013-12-31___MOD11A2_LST_Day_1km_A2007073.asc
ncols		 21
nrows		 21
xllcorner	 -6416881.12
yllcorner	 4772121.02
cellsize	 926.625433055834
NODATA_value	 0
13682 13622 13622 13622 13645 13645 13645 13645 0 13664 13664 13604 13543 13594 13594 13591 13626 13623 13537 13539 13668
13680 13682 13684 13640 13641 13688 13687 13679 13637 13634 13664 13664 0 13663 13663 13619 13614 0 0 13534 13568
13655 13656 13676 13671 13670 13678 13672 13634 13634 13634 13664 0 0 13663 13619 13622 13580 13577 13574 0 13592
13628 13634 13635 13653 13633 13635 13640 13636 13635 0 0 0 0 13574 13584 13583 13583 13587 0 0 0
13623 13679 13663 13650 13661 13694 13695 13698 13714 13714 0 0 0 13592 13590 13586 13591 0 0 0 0
13678 0 0 0 13692 13698 13708 13715 13716 13649 13649 0 0 0 0 13592 0 0 0 0 0
0 0 0 0 13756 13704 13707 13711 13650 13649 0 0 0 0 0 0 0 0 0 0 0
0 0 0 13685 13687 13699 13708 13660 13660 0 0 0 0 0 0 0 0 0 0 0 0
0 13802 13721 13673 13670 13660 13660 13660 0 0 0 0 0 0 0 0 0 13862 13862 0 0
13709 13711 13709 13767 0 0 0 0 0 0 0 0 0 0 0 0 13861 13859 13863 13890 13890
13711 13711 13802 0 0 0 0 0 0 0 0 0 0 0 13942 13935 13906 13884 13894 13893 13889
13619 0 0 0 0 0 0 0 14027 14027 0 0 0 13968 13960 13954 13956 13947 13931 13911 13893
0 0 0 0 13976 13976 13976 14027 14027 14027 0 0 13984 13984 13978 13958 13955 13960 13960 13955 13887
13984 13984 13984 13979 13976 13979 14016 14020 14011 13962 0 13968 13973 13975 13960 13958 13959 13957 13952 13890 13877
13996 13985 13989 13989 13990 14009 14014 13975 13962 13965 13972 13968 13978 13986 13979 13971 13964 13932 13884 13879 13841
14007 13996 13994 13993 13993 13993 13969 13965 13970 13979 13979 13980 13983 13985 13986 13986 13938 13904 13889 13806 13805
14000 13999 14006 14005 13996 13978 13971 13978 13981 13981 13980 13979 13964 13956 13968 13914 13920 13899 13839 13826 13808
14005 14008 14008 14005 14004 14001 13996 13990 13988 13992 13990 13965 13952 13933 13844 13854 13837 13826 13844 13830 13826
14008 14010 14015 14012 14005 14005 14008 14024 14021 14010 13979 13971 13952 13899 13866 13783 13766 13780 13823 13826 13817
14013 14016 14013 13992 13989 14005 14034 14033 14041 14045 14030 13997 13963 13942 13859 13826 13806 13820 13819 13831 13827
14022 14020 14011 13997 14012 14053 14052 14057 14057 14053 14036 14030 13962 13908 13877 13843 13831 13825 13821 13834 13826
