inst/extdata/modis/lst/modgrid/Lat43.00075Lon-78.78820Start2001-01-01End2013-12-31___MOD11A2/GRID_Lat43.00075Lon-78.78820Start2001-01-01End2013-12-31___MOD11A2_LST_Day_1km_A2009161.asc
ncols		 21
nrows		 21
xllcorner	 -6416881.12
yllcorner	 4772121.02
cellsize	 926.625433055834
NODATA_value	 0
15258 15272 15297 15280 15292 15267 15226 15219 15201 15151 15140 15145 15097 15069 15022 14968 14987 15021 15009 14951 14914
15038 15139 15112 15115 15118 15100 15084 15083 15069 15058 15075 15069 15084 15080 15029 15034 15029 15002 14940 14947 14934
14664 14740 14783 14836 14799 14808 14865 14955 15008 15003 15009 15062 15094 15123 15121 15101 15031 14974 14957 14959 14972
14648 14672 14657 14706 14691 14682 14727 14886 14956 15084 15093 15136 15200 15164 15119 15046 14994 14949 14922 14958 15017
14891 14928 14926 14850 14773 14709 14697 14778 15038 15127 15148 15198 15130 15105 15071 15035 14973 14886 14907 15000 15041
15013 15023 14965 14907 14810 14749 14738 14948 15141 15197 15134 15051 15055 15103 15131 15031 14891 14895 14987 15041 15087
15047 15065 15061 15008 14841 14879 14956 15127 15259 15184 15052 15061 15122 15175 15102 14936 14929 15032 15072 15083 15068
14998 14979 15007 14988 14960 14988 15071 15265 15235 15148 15081 15126 15221 15178 15105 15060 15068 15100 15117 15127 15077
14937 14963 15007 15004 15010 15103 15268 15248 15164 15102 15144 15232 15200 15172 15167 15166 15178 15169 15119 15134 15133
14907 14925 14991 15084 15192 15257 15275 15213 15200 15238 15306 15259 15244 15251 15254 15242 15186 15083 15101 15141 15177
14931 15084 15189 15260 15301 15293 15285 15286 15375 15374 15309 15300 15261 15219 15232 15215 15141 15156 15188 15232 15172
15116 15213 15272 15300 15307 15322 15336 15419 15436 15366 15338 15293 15220 15232 15313 15232 15226 15237 15279 15251 15171
15231 15340 15350 15350 15365 15413 15459 15482 15438 15372 15322 15282 15278 15273 15300 15228 15239 15279 15326 15206 15113
15357 15379 15376 15380 15423 15452 15475 15443 15380 15325 15281 15242 15261 15311 15285 15269 15321 15332 15198 15152 15110
15415 15391 15386 15415 15425 15421 15358 15322 15295 15279 15232 15225 15279 15292 15290 15333 15370 15270 15200 15115 15039
15396 15392 15410 15431 15417 15319 15295 15282 15279 15287 15285 15286 15301 15311 15325 15340 15310 15225 15115 14982 14948
15408 15393 15423 15427 15365 15326 15338 15269 15275 15315 15296 15307 15309 15285 15274 15262 15207 15150 15083 15010 15010
15393 15409 15434 15425 15361 15322 15304 15306 15347 15344 15311 15278 15243 15204 15162 15086 15041 15000 15015 15039 15037
15391 15440 15453 15386 15340 15313 15339 15384 15424 15408 15361 15276 15233 15183 15062 14972 14946 14978 15017 15014 14988
15403 15422 15380 15329 15364 15376 15388 15411 15444 15416 15347 15322 15312 15253 15130 15057 15004 15007 15040 15053 15030
15423 15400 15351 15321 15323 15351 15392 15400 15375 15363 15365 15358 15314 15178 15090 15019 15012 15053 14953 14957 14979
