inst/extdata/modis/lst/modgrid/Lat43.00075Lon-78.78820Start2001-01-01End2013-12-31___MOD11A2/GRID_Lat43.00075Lon-78.78820Start2001-01-01End2013-12-31___MOD11A2_LST_Day_1km_A2005305.asc
ncols		 21
nrows		 21
xllcorner	 -6416881.12
yllcorner	 4772121.02
cellsize	 926.625433055834
NODATA_value	 0
14197 14203 14253 14245 14223 14209 14206 14206 14206 14214 14222 14240 14248 14208 14232 14186 14188 14200 14226 14226 14226
14171 14203 14143 14208 14207 14200 14193 14226 14228 14216 14250 14253 14245 14254 14216 14204 14214 14226 14228 14229 14228
14128 14094 14136 14200 14180 14195 14210 14228 14243 14246 14250 14260 14258 14250 14244 14232 14229 14231 14233 14230 14226
14134 14124 14126 14129 14136 14183 14193 14238 14247 14247 14264 14265 14269 14261 14239 14235 14230 14231 14226 14226 14229
14141 14135 14133 14128 14131 14198 14156 14160 14185 14208 14272 14275 14272 14242 14240 14249 14239 14219 14212 14217 14221
14196 14141 14155 14156 14149 14157 14154 14180 14200 14263 14261 14263 14257 14255 14268 14262 14235 14229 14231 14222 14224
14165 14164 14164 14173 14171 14166 14177 14184 14251 14253 14258 14261 14270 14274 14268 14252 14249 14260 14256 14239 14231
14154 14164 14199 14198 14166 14185 14190 14256 14254 14254 14258 14266 14269 14272 14271 14270 14268 14262 14251 14239 14242
14145 14172 14194 14206 14210 14213 14258 14253 14232 14242 14258 14262 14273 14276 14277 14275 14272 14270 14264 14260 14257
14166 14184 14187 14190 14195 14232 14244 14215 14245 14264 14267 14276 14279 14283 14281 14276 14275 14265 14265 14269 14267
14204 14209 14257 14262 14234 14255 14255 14258 14264 14268 14273 14272 14272 14275 14274 14281 14275 14273 14283 14272 14255
14201 14199 14200 14221 14259 14292 14250 14251 14268 14267 14256 14255 14261 14262 14274 14282 14281 14284 14272 14282 14270
14201 14201 14215 14228 14246 14271 14286 14316 14317 14264 14263 14261 14257 14265 14269 14273 14271 14269 14215 14214 14197
14242 14283 14232 14256 14266 14266 14293 14297 14262 14249 14252 14258 14247 14254 14270 14271 14249 14194 14198 14200 14179
14324 14329 14234 14233 14231 14293 14295 14172 14208 14208 14228 14245 14247 14256 14257 14262 14190 14186 14191 14177 14170
14333 14235 14247 14245 14278 14316 14199 14246 14238 14250 14249 14251 14256 14257 14267 14176 14164 14163 14148 14151 14206
14306 14299 14280 14283 14314 14274 14252 14252 14266 14255 14255 14258 14263 14279 14182 14175 14168 14142 14139 14201 14202
14296 14287 14276 14285 14255 14251 14254 14263 14256 14265 14260 14253 14262 14261 14260 14259 14169 14192 14195 14200 14202
14292 14270 14273 14239 14231 14254 14279 14299 14324 14325 14324 14277 14163 14161 14232 14219 14206 14174 14176 14204 14207
14256 14257 14213 14204 14222 14240 14257 14290 14318 14333 14298 14178 14180 14178 14172 14182 14186 14190 14180 14178 14213
14266 14199 14192 14229 14247 14239 14259 14300 14311 14289 14177 14190 14189 14180 14184 14188 14181 14161 14159 14185 14124
