inst/extdata/modis/lst/modgrid/Lat43.00075Lon-78.78820Start2001-01-01End2013-12-31___MOD11A2/GRID_Lat43.00075Lon-78.78820Start2001-01-01End2013-12-31___MOD11A2_LST_Day_1km_A2008017.asc
ncols		 21
nrows		 21
xllcorner	 -6416881.12
yllcorner	 4772121.02
cellsize	 926.625433055834
NODATA_value	 0
13343 13421 0 0 13321 13321 0 0 0 0 0 13265 13276 13283 13349 13339 13267 13272 13330 13326 13326
13564 13573 13577 13529 13332 13363 13326 13326 13326 13243 13261 13273 13286 13277 13251 13272 13227 13249 13249 13303 13302
13562 13547 13556 13559 13512 13469 13447 13489 13243 13263 13278 13284 13277 13227 13242 13234 13230 13171 13224 13278 13228
13508 13468 13495 13525 13490 13502 13539 13513 13461 13272 13274 13274 13222 13190 13181 13174 13212 13252 13341 13278 13278
13430 13431 13309 13405 13459 13524 13497 13506 13467 13272 13269 13223 13178 13240 13237 13224 13247 13341 0 0 13275
0 0 0 0 13457 13448 13467 13516 13430 13269 13267 13189 13240 13263 13259 13267 13317 0 0 13326 13322
0 0 0 13285 13389 13403 13461 13473 0 0 13189 13189 13260 13333 13346 13317 13278 13355 13310 13299 13295
0 0 0 13274 13348 13420 13415 13464 13340 13203 13201 13285 13372 13459 0 13309 13305 13264 13285 13259 13256
0 0 13388 13411 13413 13411 13464 13340 13209 13203 13232 13229 13215 0 13260 13259 13268 13295 13293 13225 13217
0 13413 13400 13399 13407 13404 13205 13207 12991 13224 13218 13223 13229 13227 13213 13223 13245 13178 13189 13205 13173
13331 13326 13278 13279 13360 13273 13103 13051 13048 13191 13229 13238 13239 13220 13200 13197 13189 13208 13199 13197 13155
13316 13348 13271 13261 13261 13323 13050 13316 13334 13319 13280 13277 13228 13219 13189 13183 13089 13128 13200 13211 13134
13226 0 13258 13255 13238 13234 13236 13330 13321 13231 13225 13215 13211 13177 13173 13076 13126 13138 13137 13127 13110
0 13280 13279 13238 13236 13239 13327 13323 13230 13188 13216 13214 13165 13067 13058 13109 13121 13125 13121 13108 13168
13263 13261 13188 13184 13208 13202 13197 13178 13189 13205 13216 13188 13155 13152 13103 13112 13119 13115 13107 13171 13172
13205 13227 13221 13202 13199 13196 13161 13177 13205 13208 13184 13180 13183 13187 13176 13173 13172 13170 13172 13152 13160
13247 13244 13241 13239 13219 13211 13197 13199 13199 13178 13180 13182 13188 13187 13173 13195 13189 13184 13165 13161 13149
13235 13235 13237 13237 13218 13200 13201 13196 13174 13164 13166 13188 13189 13188 13188 13199 13210 13184 13169 13162 13159
13234 13233 13231 13192 13179 13196 13185 13189 13186 13238 13170 13190 13194 13187 13173 13171 13170 13169 13162 13158 13150
13219 13217 13202 13191 13115 13192 13204 13208 13196 13193 13198 13205 13152 13184 13147 13144 13138 13186 13130 13148 13154
13228 13214 13204 13119 13121 13134 13189 13184 13177 13169 13190 13186 13153 13149 13150 13147 13145 13131 13120 13104 13091
