inst/extdata/modis/lst/modgrid/Lat43.00075Lon-78.78820Start2001-01-01End2013-12-31___MOD11A2/GRID_Lat43.00075Lon-78.78820Start2001-01-01End2013-12-31___MOD11A2_LST_Day_1km_A2004121.asc
ncols		 21
nrows		 21
xllcorner	 -6416881.12
yllcorner	 4772121.02
cellsize	 926.625433055834
NODATA_value	 0
14854 14637 14644 14866 14882 14870 14843 14835 14817 14777 14762 14595 14597 14597 14581 14715 14705 14726 14714 14707 14707
14268 14472 14681 14735 14750 14774 14548 14756 14728 14711 14741 14780 14793 14805 14780 14736 14725 14715 14715 14697 14558
14192 14279 14289 14427 14434 14354 14427 14475 14490 14525 14755 14771 14570 14570 14648 14612 14582 14580 14476 14524 14705
14148 14228 14289 14331 14444 14179 14193 14272 14369 14755 14801 14679 14593 14677 14626 14582 14568 14462 14468 14694 14543
14461 14398 14418 14408 14321 14366 14216 14284 14406 14548 14690 14710 14692 14650 14615 14599 14585 14463 14569 14591 14604
14576 14480 14471 14447 14505 14428 14253 14395 14549 14630 14629 14663 14644 14662 14675 14511 14582 14567 14585 14593 14612
14597 14519 14520 14512 14552 14494 14603 14541 14642 14645 14607 14657 14696 14738 14711 14642 14611 14615 14625 14630 14632
14496 14495 14507 14490 14448 14448 14521 14636 14650 14614 14599 14703 14729 14727 14697 14677 14672 14601 14607 14638 14590
14486 14557 14476 14464 14484 14557 14626 14629 14605 14612 14727 14723 14720 14716 14730 14728 14626 14626 14684 14632 14632
14500 14407 14423 14484 14589 14661 14649 14640 14672 14719 14718 14677 14668 14704 14687 14688 14680 14641 14644 14646 14647
14438 14611 14672 14745 14781 14767 14750 14680 14720 14711 14685 14671 14663 14660 14686 14701 14664 14668 14706 14705 14667
14643 14689 14728 14746 14767 14784 14733 14746 14743 14718 14704 14695 14681 14700 14730 14733 14736 14736 14735 14712 14694
14717 14740 14757 14798 14822 14840 14849 14902 14775 14736 14717 14697 14711 14772 14783 14741 14743 14752 14754 14786 14654
14788 14803 14824 14840 14847 14861 14908 14788 14760 14753 14720 14700 14716 14777 14703 14704 14765 14798 14787 14750 14720
14841 14842 14848 14849 14865 14870 14851 14834 14833 14733 14719 14694 14731 14754 14724 14758 14795 14752 14720 14676 14647
14871 14868 14871 14881 14872 14835 14827 14835 14744 14747 14750 14737 14826 14837 14761 14777 14748 14715 14651 14622 14602
14880 14889 14895 14895 14861 14844 14850 14852 14850 14849 14821 14811 14832 14824 14756 14723 14681 14612 14616 14644 14632
14888 14888 14925 14919 14877 14862 14854 14846 14851 14825 14800 14777 14768 14768 14748 14633 14607 14626 14658 14648 14616
14775 14813 14944 14892 14856 14854 14843 14839 14830 14827 14808 14776 14771 14746 14684 14595 14594 14611 14620 14594 14566
14815 14818 14890 14841 14842 14838 14851 14854 14855 14840 14804 14886 14792 14756 14690 14663 14651 14588 14673 14656 14642
14832 14927 14880 14857 14859 14886 14876 14859 14851 14844 14842 14832 14797 14733 14703 14685 14570 14573 14533 14643 14636
