inst/extdata/modis/lst/modgrid/Lat43.00075Lon-78.78820Start2001-01-01End2013-12-31___MOD11A2/GRID_Lat43.00075Lon-78.78820Start2001-01-01End2013-12-31___MOD11A2_LST_Day_1km_A2005289.asc
ncols		 21
nrows		 21
xllcorner	 -6416881.12
yllcorner	 4772121.02
cellsize	 926.625433055834
NODATA_value	 0
14425 14369 14384 14366 14421 14389 14377 14384 14490 14372 14362 14303 14427 14418 14403 14380 14394 14392 14396 14388 14387
14237 14248 14264 14390 14384 14365 14347 14375 14338 14348 14382 14410 14436 14414 14402 14388 14389 14391 14388 14395 14386
14212 14215 14364 14351 14360 14367 14395 14317 14323 14345 14355 14383 14404 14412 14412 14400 14394 14388 14383 14384 14402
14355 14252 14288 14292 14255 14276 14312 14321 14330 14385 14397 14410 14424 14416 14403 14392 14384 14370 14374 14390 14383
14281 14295 14321 14255 14268 14365 14288 14349 14364 14418 14477 14460 14436 14424 14420 14410 14385 14339 14340 14368 14371
14354 14360 14405 14326 14291 14248 14289 14362 14433 14433 14429 14399 14442 14462 14467 14430 14350 14321 14378 14395 14393
14356 14364 14365 14347 14278 14288 14389 14443 14447 14429 14414 14436 14462 14488 14465 14415 14398 14400 14412 14404 14399
14345 14360 14356 14396 14356 14391 14412 14535 14453 14437 14435 14461 14493 14495 14438 14427 14422 14414 14416 14419 14359
14216 14412 14438 14374 14392 14409 14464 14449 14437 14441 14468 14473 14471 14460 14471 14471 14453 14440 14429 14368 14375
14225 14248 14288 14299 14313 14460 14464 14456 14464 14495 14496 14487 14487 14490 14490 14456 14420 14402 14366 14379 14369
14264 14297 14315 14326 14574 14474 14472 14479 14514 14498 14477 14480 14473 14461 14446 14446 14440 14433 14368 14385 14402
14337 14360 14356 14361 14359 14388 14394 14414 14539 14492 14471 14462 14459 14310 14484 14489 14490 14506 14517 14445 14422
14388 14404 14391 14382 14397 14402 14435 14560 14532 14496 14486 14307 14305 14312 14314 14477 14495 14523 14532 14318 14273
14447 14454 14440 14430 14433 14448 14440 14426 14388 14377 14365 14327 14330 14346 14353 14349 14507 14520 14307 14278 14270
14478 14458 14440 14445 14436 14227 14407 14365 14380 14373 14371 14376 14379 14367 14353 14352 14360 14329 14305 14283 14262
14486 14467 14462 14230 14231 14206 14176 14150 14133 14191 14367 14366 14381 14389 14385 14382 14348 14332 14288 14271 14246
14494 14476 14229 14454 14427 14383 14165 14180 14199 14381 14363 14378 14384 14382 14375 14355 14339 14318 14314 14263 14266
14224 14453 14463 14455 14423 14136 14405 14400 14409 14398 14399 14397 14388 14368 14350 14343 14323 14326 14291 14302 14284
14453 14469 14454 14439 14429 14428 14426 14428 14421 14426 14422 14405 14378 14363 14345 14327 14288 14291 14298 14282 14285
14468 14465 14456 14438 14428 14426 14427 14439 14450 14447 14433 14427 14411 14378 14357 14326 14317 14298 14287 14289 14306
14486 14480 14443 14444 14450 14474 14482 14477 14462 14447 14449 14436 14395 14371 14333 14333 14304 14296 14279 14276 14273
