inst/extdata/modis/lst/modgrid/Lat43.00075Lon-78.78820Start2001-01-01End2013-12-31___MOD11A2/GRID_Lat43.00075Lon-78.78820Start2001-01-01End2013-12-31___MOD11A2_LST_Day_1km_A2005321.asc
ncols		 21
nrows		 21
xllcorner	 -6416881.12
yllcorner	 4772121.02
cellsize	 926.625433055834
NODATA_value	 0
13925 13876 13914 13913 13927 13914 13910 13943 13942 13942 13942 13960 13967 13965 13956 13937 13914 13906 13901 13898 13883
13870 13900 13887 13898 13912 13957 13894 13939 13931 13929 13956 13961 13956 13956 13949 13928 13914 13907 13899 13873 13866
13943 13914 13907 13961 13917 13886 13911 13915 13925 13929 13945 13947 13949 13951 13929 13914 13902 13893 13879 13874 13866
13904 13888 13898 13906 13954 13930 13942 13970 13967 13961 13958 13956 13959 13938 13924 13909 13892 13878 13876 13871 13866
13887 13883 13881 13885 13900 14055 13918 13978 13979 13985 13974 13955 13934 13920 13899 13909 13902 13884 13872 13869 14161
13881 13881 13885 13892 13893 13889 13919 13973 13986 13972 13951 13926 13915 13907 13919 13927 13911 13888 13880 13872 13862
13880 13883 13885 13886 13934 13974 13987 13986 13972 13953 13921 13919 13938 13941 13943 13885 13865 13854 13886 13881 13838
13874 13876 13876 13955 13960 13981 13986 13973 13959 13944 13937 13940 13941 13945 13892 13879 13872 13905 13894 13847 13923
13969 13885 13929 13973 13981 13977 13962 13956 13949 13945 13962 13954 13907 13899 13892 13885 13890 13915 14042 14042 13949
13974 13989 14064 13976 13972 13964 13954 13951 13950 13969 13969 13915 13907 13898 13890 13889 13917 14044 14046 13935 13935
13960 13971 13957 13949 13909 13909 13955 13961 13970 13978 13911 13902 13935 13942 13943 13912 13904 13907 13914 13954 13950
13945 13935 13937 13907 13908 13951 13965 13974 13980 13904 13888 13881 13890 13932 13924 13914 13917 13917 13967 13965 13955
13920 14033 14059 13944 13962 13961 13969 13976 13902 13894 13891 13900 13923 13922 13925 13922 13920 13989 13989 13964 13950
14030 14194 13954 13874 13950 13955 13956 13896 13898 13934 13933 13932 13928 13925 13924 13865 13960 13975 13960 13955 13947
14200 13867 13867 13895 13900 13935 13923 13925 13928 13932 13931 13928 13924 13922 13934 13954 13965 13961 13958 13941 13930
14233 14004 13998 13888 13882 13919 13921 13920 13911 13928 13927 13925 13929 14059 13983 13963 13965 13949 13923 13929 13928
14004 13997 14000 14013 14206 13913 13902 14184 14184 14058 13930 14058 14180 14166 14167 13951 13938 13913 13930 13927 13916
14006 14005 14220 14220 14204 14191 13998 13993 14187 14174 14164 14158 14155 14158 13952 13939 13930 13933 13926 13914 13890
14006 14009 14219 14210 13992 13998 13993 14185 14161 14157 14153 14153 14161 14156 14137 14120 13923 13925 13898 13889 13890
14012 14027 14005 13993 13990 13979 13974 14175 14168 14166 14163 14169 14164 14148 14113 14116 13923 13897 13890 13890 14086
14042 14026 14018 13976 13984 13981 14186 14179 14188 14188 14179 14171 14160 14133 14098 14093 14095 14081 13896 13893 14051
