inst/extdata/modis/lst/modgrid/Lat43.00075Lon-78.78820Start2001-01-01End2013-12-31___MOD11A2/GRID_Lat43.00075Lon-78.78820Start2001-01-01End2013-12-31___MOD11A2_LST_Day_1km_A2010049.asc
ncols		 21
nrows		 21
xllcorner	 -6416881.12
yllcorner	 4772121.02
cellsize	 926.625433055834
NODATA_value	 0
13729 13708 13691 13715 13743 13748 13724 13699 13690 13659 13668 13668 13645 13637 13652 13646 13629 13632 13627 13629 13636
13679 13666 13707 13729 13728 13709 13680 13684 13647 13641 13648 13643 13647 13660 13653 13632 13630 13618 13625 13636 13643
13502 13667 13707 13697 13689 13678 13680 13629 13614 13638 13647 13658 13666 13655 13658 13642 13621 13622 13634 13643 13638
13661 13665 13678 13671 13674 13648 13653 13628 13629 13673 13673 13678 13690 13685 13665 13637 13618 13650 13653 13631 13623
13676 13672 13669 13664 13634 13636 13648 13649 13695 13717 13724 13704 13683 13670 13651 13640 13646 13658 13637 13626 13617
13676 13676 13664 13657 13659 13675 13696 13704 13711 13714 13695 13666 13659 13674 13695 13689 13662 13653 13656 13667 13669
13679 13668 13680 13679 13660 13458 13485 13482 13713 13718 13676 13662 13701 13731 13703 13681 13657 13683 13675 13687 13684
13679 13675 13661 13658 13443 13448 13468 13524 13752 13714 13680 13697 13716 13708 13704 13675 13676 13681 13695 13686 13674
13671 13670 13675 13438 13485 13517 13523 13759 13727 13703 13714 13742 13713 13716 13717 13715 13702 13700 13690 13686 13676
13688 13689 13678 13485 13515 13533 13545 13739 13754 13771 13772 13735 13742 13752 13744 13727 13711 13680 13687 13688 13689
13685 13705 13745 13502 13535 13545 13737 13764 13783 13785 13757 13745 13716 13696 13729 13726 13714 13702 13700 13715 13688
13691 13720 13742 13752 13780 0 13800 13798 0 13763 13753 13728 13680 13742 13743 13747 13734 13721 13731 13721 13691
13725 13750 13755 13782 13805 13808 13588 13368 13580 13783 13751 13703 13747 13750 13725 13713 13719 13737 13743 13684 13638
0 0 0 13805 0 13368 13368 13357 13568 13754 13730 13717 13731 13721 13700 13704 13718 13687 13675 13645 13635
0 0 0 0 0 13770 13550 13536 13731 13741 13709 13684 13720 13691 13692 13720 13731 13695 13657 13650 13644
0 0 0 13770 13770 13731 13714 13702 13733 13740 13733 13721 13708 13702 13708 13713 13681 13662 13645 13621 13626
0 0 0 13770 13727 13727 0 13715 13721 13720 13711 13714 13663 13703 13705 13666 13654 13633 13611 13610 13609
13751 13796 13796 13775 13775 0 13639 13666 13714 13695 13670 13650 13638 13657 13649 13641 13632 13625 13630 13629 13600
13803 13803 13777 13772 13701 13639 13639 0 0 0 0 13648 13657 13652 13643 13631 13628 13630 13634 13603 13603
13810 13778 13755 13707 13733 0 13732 13746 0 13684 13684 13681 13674 13672 13643 13637 13624 13608 13600 13612 13614
0 0 13722 13729 13730 13732 13748 13761 13734 13704 13695 13693 13682 13675 13643 13630 13618 13615 13618 13609 13589
