inst/extdata/modis/lst/modgrid/Lat43.00075Lon-78.78820Start2001-01-01End2013-12-31___MOD11A2/GRID_Lat43.00075Lon-78.78820Start2001-01-01End2013-12-31___MOD11A2_LST_Day_1km_A2002273.asc
ncols		 21
nrows		 21
xllcorner	 -6416881.12
yllcorner	 4772121.02
cellsize	 926.625433055834
NODATA_value	 0
14756 14888 14902 14887 14886 14885 14853 14839 14829 14815 14812 14831 14831 14823 14800 14771 14779 14826 14842 14836 14802
14687 14733 14710 14818 14817 14776 14783 14779 14762 14762 14836 14847 14857 14856 14842 14823 14823 14782 14820 14806 14740
14598 14596 14570 14705 14696 14703 14710 14746 14750 14807 14631 14832 14844 14843 14833 14814 14766 14762 14754 14740 14739
14579 14572 14662 14702 14647 14495 14694 14766 14811 14843 14849 14871 14883 14853 14771 14749 14741 14735 14735 14734 14721
14624 14596 14791 14748 14746 14743 14731 14785 14649 14702 14693 14890 14851 14777 14755 14762 14736 14717 14711 14714 14715
14821 14835 14811 14795 14783 14729 14750 14640 14721 14709 14685 14792 14759 14765 14778 14747 14716 14692 14696 14717 14734
14833 14831 14829 14800 14752 14584 14657 14706 14713 14684 14774 14750 14764 14790 14802 14739 14713 14749 14757 14760 14763
14806 14622 14616 14592 14611 14658 14681 14704 14843 14794 14773 14799 14839 14823 14768 14728 14779 14780 14793 14793 14792
14614 14620 14635 14633 14822 14695 14875 14860 14833 14822 14832 14846 14817 14786 14791 14794 14807 14829 14849 14864 14975
14813 14810 14827 14858 14893 14904 14896 14892 14890 14886 14881 14843 14829 14847 14854 14849 14840 14845 14955 14968 14970
14804 14835 14884 14915 14924 14906 14897 14897 14920 14922 14884 14873 14874 14880 14902 14906 14890 14889 14982 14992 14977
14852 14883 14899 14913 14892 14911 14923 14950 14966 14931 14908 14920 14937 14950 14974 15017 15014 15014 15012 15037 14997
14905 14923 14930 14925 14937 14956 14977 15005 14986 14958 14956 14963 14985 15026 15017 15004 15018 15032 15044 14995 14960
14954 14969 14966 14960 14967 14997 15025 15028 15005 14975 14975 15016 15026 15044 14988 14996 15014 15055 15001 14968 14967
15001 14986 14978 14987 15002 15022 15024 15006 15023 15018 15009 15013 15023 15014 15010 15044 15062 15027 14900 14891 14864
15015 15012 15016 15018 15034 15017 15026 15022 15023 15028 15045 15018 15012 15027 15037 15043 15029 14892 14876 14861 14890
15041 15023 15105 15100 15070 15045 15031 15026 15029 15037 15014 15010 15016 14997 14999 15001 14869 14854 14800 14886 14834
15013 15108 15120 15109 15095 15069 15075 15066 15054 15037 15022 15009 14965 14956 14840 14831 14761 14797 14820 14825 14811
15011 15041 15124 15107 15079 15079 15077 15071 15063 15055 15039 15022 14989 14844 14809 14748 14762 14792 14812 14797 14791
15036 15132 15105 15072 15073 15082 15087 14994 15000 14956 14934 14938 14851 14763 14787 14810 14807 14818 14827 14827 14838
15130 15105 15075 15067 15088 15021 15014 15004 14991 14966 14965 14883 14881 14831 14838 14828 14822 14815 14817 14832 14829
