inst/extdata/modis/lst/modgrid/Lat43.00075Lon-78.78820Start2001-01-01End2013-12-31___MOD11A2/GRID_Lat43.00075Lon-78.78820Start2001-01-01End2013-12-31___MOD11A2_LST_Day_1km_A2004345.asc
ncols		 21
nrows		 21
xllcorner	 -6416881.12
yllcorner	 4772121.02
cellsize	 926.625433055834
NODATA_value	 0
13669 13608 13606 13658 13673 13682 13712 13700 13702 13707 13679 13689 13648 13689 13684 13724 13733 13647 13648 13645 13656
13706 13718 13685 13682 13672 13710 13700 13705 13707 13709 13759 13702 13702 13694 13744 13742 13723 13614 13614 13632 13644
13762 13779 13771 13765 13777 13775 13762 13739 13724 13727 13760 13694 13691 13745 13677 13719 13707 13639 13633 13697 13697
13776 13768 13772 13768 13776 13788 13794 13772 13754 13739 13718 13710 13759 13682 13667 13663 13712 13704 13705 13718 13713
13720 13719 13697 13690 13702 13741 13778 13773 13759 13728 13711 13705 13690 13673 13675 13730 13716 13710 13707 13707 0
13697 13692 13680 13674 13682 13709 13745 13770 13740 13712 13703 13690 13690 13712 13716 13702 13692 13722 13711 0 0
13687 13643 13667 13669 13689 13712 13769 13731 13718 13702 13684 13688 13706 13713 13694 13691 13689 13685 13640 13604 0
13724 13724 13736 13783 13790 13794 13699 13724 13681 13674 13675 13686 13697 13670 13669 13690 13690 13688 13687 13685 13683
13744 13771 13804 13807 13806 13803 13809 13809 13668 13668 13670 13684 13693 13696 13677 13681 13685 13684 13683 13681 13683
13776 13807 13829 13811 13804 13806 13806 13665 13664 13672 13688 13691 13692 13688 13679 13682 13686 13683 13674 13671 13667
13789 13788 13790 13793 13805 13458 13793 13790 13682 13690 13690 13692 13693 13680 13681 13682 13684 13625 13624 13627 13600
13660 13659 13457 13299 13110 13110 0 0 13758 13753 13672 13672 13671 13684 13677 13671 13623 13617 13623 13585 13579
13444 13441 13447 13309 13507 13507 0 13761 13756 13755 13755 13751 13733 13730 13720 13625 13623 13568 13578 13570 13565
13444 13466 13486 13633 13616 13724 13739 13738 13762 13762 0 13715 13704 13693 13691 13621 13621 13589 13589 13570 13577
13488 13523 13679 13653 13726 13720 13721 13657 13654 13610 13611 0 0 0 0 13677 0 0 13597 13171 13298
13683 13675 13668 13729 13711 13703 13644 13644 13610 13611 13528 13517 13517 0 13164 13171 13322 13327 13322 13171 13299
13730 13725 13722 13701 13682 13696 13694 13537 13353 13351 13349 13517 0 13165 13171 13322 13327 13320 13297 13299 13188
13738 13732 13723 13671 0 13142 13170 13169 13179 13181 13345 13170 13175 13179 13177 13322 13311 13296 13298 13187 13189
13544 13552 13671 13142 13142 13174 13174 13182 13183 13178 13170 13146 13147 13156 13162 13166 13165 13281 13396 13396 0
13545 13442 13215 13358 13512 13160 13156 13161 0 0 13114 13114 13124 13134 13218 13302 13384 13396 13396 0 0
13440 13512 13361 13512 0 13134 0 0 0 13735 13735 13127 13134 13218 13302 13302 0 13311 13311 13311 0
