inst/extdata/modis/lst/modgrid/Lat43.00075Lon-78.78820Start2001-01-01End2013-12-31___MOD11A2/GRID_Lat43.00075Lon-78.78820Start2001-01-01End2013-12-31___MOD11A2_LST_Day_1km_A2007113.asc
ncols		 21
nrows		 21
xllcorner	 -6416881.12
yllcorner	 4772121.02
cellsize	 926.625433055834
NODATA_value	 0
14758 14758 14758 14770 14818 14815 14797 14782 14779 14742 14735 14744 14743 14683 14678 14653 14659 14677 14682 14679 14678
14557 14629 14649 14621 14675 14649 14698 14718 14693 14678 14710 14724 14683 14680 14675 14685 14679 14684 14680 14676 14671
14089 14220 14288 14401 14314 14356 14410 14530 14598 14669 14693 14703 14723 14741 14725 14696 14675 14669 14662 14657 14665
14126 14168 14154 14200 14401 14282 14301 14410 14589 14691 14723 14741 14776 14778 14733 14690 14671 14652 14654 14669 14677
14535 14566 14581 14569 14482 14397 14278 14387 14618 14730 14754 14781 14781 14747 14717 14699 14676 14664 14668 14676 14682
14653 14691 14694 14660 14598 14482 14326 14395 14631 14723 14779 14754 14743 14757 14779 14753 14699 14683 14687 14698 14710
14727 14728 14720 14701 14665 14553 14465 14661 14752 14810 14770 14761 14786 14826 14837 14769 14732 14743 14757 14757 14758
14715 14710 14700 14683 14617 14532 14655 14749 14838 14815 14785 14801 14834 14849 14804 14772 14782 14789 14791 14796 14779
14693 14690 14663 14628 14596 14666 14755 14829 14815 14810 14827 14842 14832 14812 14819 14836 14831 14831 14830 14822 14810
14616 14594 14587 14681 14782 14836 14853 14845 14852 14870 14874 14859 14845 14849 14865 14866 14847 14828 14830 14805 14788
14605 14645 14798 14843 14859 14835 14836 14885 14908 14912 14882 14852 14830 14819 14842 14861 14852 14846 14838 14817 14770
14721 14806 14828 14850 14868 14889 14932 14964 14964 14913 14864 14833 14810 14835 14871 14891 14876 14865 14853 14826 14785
14820 14853 14874 14894 14921 14954 14985 14989 14955 14916 14866 14838 14847 14869 14867 14855 14849 14862 14846 14806 14747
14856 14900 14931 14942 14950 14967 14973 14958 14925 14898 14868 14843 14847 14859 14835 14826 14849 14856 14818 14773 14757
14925 14956 14942 14935 14938 14942 14938 14910 14901 14885 14866 14844 14855 14835 14820 14837 14866 14840 14791 14762 14706
14971 14931 14924 14923 14921 14915 14899 14902 14899 14892 14878 14857 14830 14815 14836 14866 14832 14778 14754 14678 14664
14944 14924 14909 14910 14905 14905 14902 14893 14885 14878 14849 14820 14801 14805 14821 14785 14736 14690 14676 14682 14667
14947 14925 14923 14921 14922 14904 14893 14884 14869 14848 14805 14801 14778 14776 14740 14712 14672 14669 14686 14682 14651
14945 14934 14928 14922 14887 14874 14874 14865 14858 14837 14827 14785 14773 14734 14699 14651 14643 14654 14722 14645 14646
14967 14942 14916 14866 14863 14876 14870 14870 14875 14863 14830 14820 14806 14733 14665 14650 14653 14654 14662 14730 14727
14948 14922 14882 14866 14875 14887 14903 14898 14871 14846 14850 14873 14826 14769 14727 14658 14653 14662 14721 14720 14721
