inst/extdata/modis/lst/modgrid/Lat43.00075Lon-78.78820Start2001-01-01End2013-12-31___MOD11A2/GRID_Lat43.00075Lon-78.78820Start2001-01-01End2013-12-31___MOD11A2_LST_Day_1km_A2004113.asc
ncols		 21
nrows		 21
xllcorner	 -6416881.12
yllcorner	 4772121.02
cellsize	 926.625433055834
NODATA_value	 0
14637 14519 14521 14664 14591 14588 14584 14550 14598 14741 14731 14579 14499 14494 14507 14559 14540 14533 14524 14460 14440
14346 14387 14387 14402 14460 14503 14500 14561 14561 14674 14555 14584 14499 14515 14514 14495 14488 14540 14529 14504 14458
14157 14069 14092 14228 14229 14294 14336 14346 14615 14527 14574 14516 14527 14535 14518 14502 14487 14526 14521 14517 14453
13934 14049 14176 14198 14393 14206 14223 14276 14430 14539 14614 14545 14562 14562 14524 14495 14536 14530 14513 14447 14457
14416 14405 14413 14398 14348 14259 14207 14349 14504 14629 14653 14657 14659 14526 14504 14489 14472 14519 14512 14474 14468
14533 14545 14541 14534 14474 14422 14328 14417 14578 14653 14667 14643 14518 14521 14519 14503 14479 14542 14538 14527 14526
14553 14558 14575 14547 14517 14438 14435 14529 14650 14670 14643 14529 14555 14565 14561 14528 14586 14572 14570 14564 14558
14558 14556 14555 14550 14506 14485 14485 14653 14692 14681 14648 14660 14671 14567 14558 14644 14622 14610 14598 14598 14591
14553 14533 14528 14511 14504 14519 14652 14701 14692 14679 14682 14680 14684 14681 14678 14676 14677 14653 14641 14619 14604
14496 14477 14447 14505 14546 14709 14732 14718 14724 14739 14739 14718 14705 14702 14709 14703 14669 14656 14640 14623 14616
14467 14472 14556 14575 14620 14620 14618 14748 14764 14764 14745 14723 14694 14691 14699 14699 14695 14690 14676 14668 14812
14535 14571 14580 14610 14611 14627 14647 14657 14795 14774 14740 14699 14689 14704 14729 14730 14719 14708 14698 14679 14656
14671 14607 14625 14626 14647 14663 14673 14823 14806 14774 14731 14717 14707 14730 14730 14724 14720 14732 14714 14662 14589
14736 14768 14783 14781 14664 14677 14822 14810 14779 14749 14732 14719 14722 14718 14706 14683 14722 14723 14678 14625 14588
14778 14789 14781 14781 14798 14806 14786 14766 14754 14740 14732 14720 14721 14707 14677 14700 14709 14691 14650 14612 14773
14788 14795 14789 14792 14793 14764 14760 14753 14747 14745 14743 14727 14714 14696 14697 14700 14700 14666 14592 14567 14564
14802 14793 14795 14788 14763 14760 14754 14746 14743 14751 14739 14724 14720 14703 14672 14654 14603 14553 14549 14567 14744
14789 14801 14816 14819 14802 14767 14760 14754 14755 14744 14718 14707 14686 14656 14641 14571 14537 14548 14582 14575 14567
14761 14805 14819 14800 14758 14757 14756 14756 14748 14743 14737 14712 14674 14660 14587 14551 14546 14540 14556 14559 14553
14797 14814 14786 14738 14740 14761 14771 14771 14776 14769 14749 14734 14710 14625 14591 14578 14562 14559 14558 14750 14764
14805 14789 14759 14752 14772 14777 14785 14792 14784 14755 14763 14751 14703 14672 14637 14593 14580 14739 14748 14757 14751
