inst/extdata/modis/lst/modgrid/Lat43.00075Lon-78.78820Start2001-01-01End2013-12-31___MOD11A2/GRID_Lat43.00075Lon-78.78820Start2001-01-01End2013-12-31___MOD11A2_LST_Day_1km_A2002049.asc
ncols		 21
nrows		 21
xllcorner	 -6416881.12
yllcorner	 4772121.02
cellsize	 926.625433055834
NODATA_value	 0
14036 14037 14040 14045 14055 14081 14102 14091 14079 14057 14069 14082 14085 13988 13972 13918 13898 13924 13928 13814 13826
13869 14000 14023 13903 14064 14079 14071 14061 13954 14069 14072 13983 13986 14001 13974 13921 13916 13823 13819 13841 13842
13810 13780 13808 13747 13774 13785 13910 13819 13875 13929 13968 13879 13994 13988 13965 13938 13792 13810 13828 13833 13829
13781 13783 13749 13754 13807 13803 13751 13687 13715 13880 13900 13923 13921 13906 13974 13793 13793 13799 13796 13810 13839
13856 13802 13799 13838 13787 13778 13705 13640 13748 13788 13928 13921 13910 13895 13817 13821 13813 13796 13791 13960 13846
13915 13917 13860 13806 13799 13718 13630 13721 13779 13923 13911 13889 13890 14032 14059 14026 13807 13795 13943 13938 13954
13915 13826 13821 13951 13742 13745 13872 13891 13926 13919 13885 13892 14042 14078 14060 14002 13983 14005 14004 13981 13994
13990 13969 13970 13962 13950 13838 13863 13913 13924 13905 14005 14037 14079 14064 14025 14007 14014 14020 14021 14029 13988
13984 13983 13996 13984 13858 13887 13915 13915 13900 14045 14066 14102 14052 14042 14048 14054 14060 14061 14056 14044 14055
13987 13956 13953 14036 14087 14104 13919 13916 14097 14102 14108 14064 14067 14077 14080 13943 13936 13925 13919 13928 14059
13940 13995 14057 14087 14101 14077 14073 14100 14117 14108 14087 14066 14032 14036 13941 13941 13937 13936 13936 13936 13917
14010 14044 14062 14081 14083 14093 14124 14129 13986 13963 13944 13947 14047 13957 13962 13957 13947 13936 13938 13935 13919
14059 14071 14092 14115 14117 14124 14132 13998 13979 13975 13969 13962 13967 13968 13971 13959 13950 13945 13943 13928 13905
14110 14010 14138 14120 14117 14126 13992 13980 13975 13973 13967 13961 13971 13977 13966 13954 13942 13937 13922 13916 13908
14015 14012 14004 14002 14127 14130 13977 13972 13975 13965 13954 13949 13957 13958 13954 13936 13938 13919 13909 13906 13992
14013 14011 14007 13982 13967 14099 14092 14095 13957 13959 13954 13952 13956 13958 14096 14097 13928 13903 13887 13953 13953
14022 14010 13980 13973 13964 13957 13952 14096 14076 14085 13943 13944 13946 14069 14055 14026 13998 13961 13963 13986 13961
13993 13974 13980 13980 13968 13960 14113 14107 14105 14062 14027 14001 13951 13960 13974 13960 13952 13989 14023 13851 13812
13971 13986 13987 13973 13961 14106 14108 14100 14060 14018 14005 14007 14016 14006 13967 13917 13891 13932 13835 13817 13831
14171 14170 13973 14095 14094 14103 14097 14073 14087 14054 14039 14068 14076 14044 14006 13992 13979 13829 13831 13836 13839
14180 13991 14135 14110 14110 13953 13958 13965 14106 14090 13941 13944 13931 13902 14001 13846 13834 13836 13841 13838 13837
