inst/extdata/modis/lst/modgrid/Lat43.00075Lon-78.78820Start2001-01-01End2013-12-31___MOD11A2/GRID_Lat43.00075Lon-78.78820Start2001-01-01End2013-12-31___MOD11A2_LST_Day_1km_A2008233.asc
ncols		 21
nrows		 21
xllcorner	 -6416881.12
yllcorner	 4772121.02
cellsize	 926.625433055834
NODATA_value	 0
15076 15071 15078 15070 15066 15020 15000 14978 14949 14871 14867 14887 14883 14868 14846 14786 14772 14834 14829 14823 14828
14941 14971 14954 14925 14853 14841 14804 14791 14799 14808 14866 14876 14888 14875 14835 14824 14843 14845 14841 14838 14821
14746 14771 14780 14845 14754 14665 14672 14704 14753 14726 14821 14869 14911 14894 14892 14905 14863 14844 14834 14825 14824
14730 14737 14674 14677 14768 14664 14707 14690 14724 14842 14891 14931 14983 14973 14935 14891 14841 14817 14793 14796 14765
14711 14690 14694 14712 14730 14750 14705 14684 14839 14956 14964 15006 14964 14940 14919 14886 14836 14735 14733 14775 14779
14742 14742 14771 14760 14712 14756 14788 14891 15011 15031 14984 14919 14925 14955 14963 14912 14767 14744 14816 14852 14889
14835 14876 14809 14804 14771 14830 14896 14998 15062 15014 14940 14936 14991 15019 14973 14892 14850 14869 14892 14911 14904
14853 14849 14845 14863 14890 14917 14988 15076 15050 14994 14961 14978 15030 15025 14959 14910 14922 14943 14960 14940 14903
14789 14796 14902 14931 14962 15014 15089 15067 15033 15024 15033 15058 15025 15008 14999 14999 15002 14999 14968 14948 14966
14813 14903 14934 15003 15054 15078 15091 15074 15070 15095 15099 15074 15061 15057 15058 15048 15013 14949 14945 14976 14989
14818 14906 15034 15093 15109 15124 15119 15142 15163 15150 15109 15089 15067 15042 15058 15054 15017 15007 15028 15035 15056
14903 15017 15073 15098 15108 15159 15178 15198 15198 15147 15111 15080 15048 15068 15101 15087 15075 15087 15147 15141 15065
15079 15123 15131 15172 15184 15199 15220 15235 15176 15119 15107 15087 15096 15109 15107 15088 15090 15106 15173 15089 15000
15162 15179 15210 15205 15208 15196 15237 15206 15128 15123 15093 15075 15077 15099 15096 15075 15110 15101 15030 14980 14967
15222 15223 15208 15205 15207 15213 15184 15130 15106 15085 15067 15058 15095 15087 15083 15112 15138 15058 15002 14969 14915
15248 15235 15215 15208 15204 15160 15131 15118 15101 15097 15079 15092 15103 15106 15127 15142 15095 15035 14980 14912 14871
15241 15221 15215 15216 15181 15149 15131 15117 15108 15104 15075 15098 15088 15095 15092 15045 15017 14979 14935 14900 14874
15218 15221 15232 15213 15185 15147 15139 15125 15137 15116 15081 15048 15024 15022 14988 14944 14896 14889 14894 14892 14843
15225 15235 15216 15178 15153 15133 15120 15137 15131 15108 15070 15040 15047 15010 14941 14877 14851 14862 14882 14865 14853
15217 15214 15168 15137 15129 15138 15152 15154 15175 15148 15119 15124 15098 15031 14966 14927 14908 14899 14893 14891 14868
15230 15207 15159 15139 15148 15175 15181 15187 15163 15151 15147 15132 15097 15024 14959 14953 14968 14953 14932 14862 14842
