inst/extdata/modis/lst/modgrid/Lat43.00075Lon-78.78820Start2001-01-01End2013-12-31___MOD11A2/GRID_Lat43.00075Lon-78.78820Start2001-01-01End2013-12-31___MOD11A2_LST_Day_1km_A2006217.asc
ncols		 21
nrows		 21
xllcorner	 -6416881.12
yllcorner	 4772121.02
cellsize	 926.625433055834
NODATA_value	 0
15222 15234 15256 15237 15224 15211 15141 15124 15099 15078 15093 15090 15065 15054 15030 14961 14943 14976 15005 14958 14930
15066 15101 15077 15128 15094 15081 15053 15009 14988 15030 15045 15052 15088 15080 15034 14975 14978 15012 14968 14950 14914
14918 14931 14965 14953 14971 14974 14967 14963 14960 14981 15015 15070 15083 15087 15072 14981 14966 14965 14928 14899 14924
14848 14877 14914 14937 14934 14904 14923 14950 14976 15044 15077 15095 15100 15073 15035 14976 14933 14904 14881 14904 14935
14936 14949 14972 14932 14902 14901 14887 14933 15058 15143 15145 15107 15136 15094 15020 14986 14943 14878 14892 14921 14937
14992 15019 14985 14945 14902 14906 14938 15030 15160 15190 15088 15035 15040 15100 15094 15039 14938 14909 14945 14971 15014
15027 15028 15030 14979 14938 14981 15056 15143 15202 15121 15064 15046 15108 15157 15073 14986 14940 14987 15023 15012 15000
14956 14951 14971 14995 15023 15064 15127 15174 15197 15131 15087 15089 15177 15097 15042 14969 14990 15017 15035 15061 14996
14935 14969 15033 15064 15081 15130 15172 15212 15156 15136 15117 15176 15112 15090 15110 15139 15079 15071 15058 15046 15049
14966 15029 15074 15145 15222 15238 15245 15213 15187 15204 15257 15167 15158 15192 15154 15138 15075 15037 15024 15046 15092
15026 15087 15162 15248 15269 15280 15268 15266 15292 15296 15264 15244 15236 15162 15157 15132 15099 15083 15100 15134 15126
15108 15182 15240 15258 15283 15298 15318 15329 15355 15311 15277 15261 15145 15150 15217 15220 15175 15156 15215 15197 15141
15258 15269 15281 15294 15299 15319 15365 15389 15329 15289 15262 15171 15171 15217 15199 15169 15127 15187 15195 15126 15067
15298 15332 15328 15301 15313 15362 15384 15306 15280 15251 15209 15183 15199 15236 15180 15127 15227 15202 15102 15063 15036
15354 15329 15299 15337 15337 15325 15283 15255 15224 15182 15163 15162 15214 15206 15156 15204 15283 15136 15054 15042 15013
15376 15362 15348 15339 15314 15274 15234 15222 15211 15210 15180 15191 15206 15210 15249 15261 15207 15091 15041 14987 14947
15399 15394 15373 15343 15320 15263 15244 15231 15238 15239 15221 15203 15215 15187 15141 15162 15077 15068 15024 14971 14979
15388 15390 15386 15371 15323 15277 15266 15290 15317 15316 15240 15186 15139 15087 15029 14994 14996 14998 14970 14990 14996
15404 15418 15401 15374 15302 15282 15304 15344 15376 15339 15288 15223 15139 15066 14992 14900 14867 14893 14949 14993 14991
15417 15413 15370 15333 15331 15348 15364 15380 15384 15329 15285 15268 15218 15137 15020 14953 14935 14961 15004 15036 14995
15420 15403 15362 15346 15368 15386 15392 15434 15351 15303 15302 15285 15194 15102 15016 14976 14979 14999 14967 14961 14962
