inst/extdata/modis/lst/modgrid/Lat43.00075Lon-78.78820Start2001-01-01End2013-12-31___MOD11A2/GRID_Lat43.00075Lon-78.78820Start2001-01-01End2013-12-31___MOD11A2_LST_Day_1km_A2012241.asc
ncols		 21
nrows		 21
xllcorner	 -6416881.12
yllcorner	 4772121.02
cellsize	 926.625433055834
NODATA_value	 0
15217 15230 15285 15287 15296 15282 15274 15215 15217 15201 15196 15219 15213 15180 15198 15100 15087 15131 15144 15138 15144
15067 15177 15183 15201 15188 15180 15113 15158 15165 15158 15172 15184 15242 15230 15192 15174 15127 15136 15170 15142 15119
14928 14924 14941 15042 14997 15016 15076 15078 15095 15137 15170 15190 15208 15215 15206 15177 15156 15067 15058 15042 15047
14907 14916 14915 14932 14947 14938 14950 15022 15103 15182 15191 15211 15230 15229 15183 15115 15059 15031 15009 15024 15028
15078 15104 15109 15077 15020 14973 14934 14973 15137 15196 15239 15243 15221 15181 15130 15113 15054 15018 15023 15017 15014
15173 15190 15172 15135 15086 14961 14953 15090 15181 15239 15202 15171 15173 15162 15187 15119 15060 15047 15077 15044 15064
15229 15232 15227 15194 15047 15037 15065 15131 15239 15215 15173 15146 15184 15207 15211 15122 15100 15115 15121 15126 15148
15191 15181 15171 15138 15131 15110 15196 15233 15227 15227 15154 15173 15200 15252 15172 15168 15171 15166 15170 15195 15168
15141 15145 15152 15159 15155 15219 15281 15272 15253 15181 15198 15261 15256 15204 15185 15210 15195 15196 15198 15182 15173
15106 15107 15157 15227 15291 15305 15304 15292 15304 15319 15313 15293 15257 15258 15260 15238 15210 15175 15138 15147 15219
15153 15206 15304 15348 15345 15343 15290 15309 15310 15340 15323 15283 15272 15263 15264 15253 15213 15191 15186 15223 15235
15249 15321 15355 15323 15375 15369 15374 15322 15344 15332 15311 15287 15271 15284 15292 15277 15264 15268 15287 15285 15252
15358 15374 15375 15377 15370 15351 15357 15358 15335 15315 15316 15305 15269 15274 15274 15248 15265 15307 15324 15274 15196
15368 15378 15381 15380 15364 15374 15356 15334 15295 15276 15306 15251 15250 15270 15296 15257 15292 15317 15276 15229 15188
15382 15378 15371 15374 15364 15348 15318 15314 15255 15303 15289 15278 15298 15309 15284 15300 15302 15263 15235 15224 15168
15395 15382 15375 15365 15348 15316 15298 15252 15252 15307 15298 15300 15329 15354 15354 15365 15328 15239 15192 15126 15099
15380 15371 15399 15373 15352 15332 15312 15255 15283 15302 15290 15294 15324 15310 15300 15226 15194 15207 15133 15147 15136
15356 15373 15381 15364 15343 15318 15290 15309 15339 15336 15300 15247 15256 15180 15137 15132 15100 15092 15121 15145 15125
15374 15388 15376 15370 15357 15337 15330 15391 15381 15342 15297 15258 15211 15169 15111 15077 15059 15076 15121 15124 15152
15385 15385 15423 15374 15360 15389 15383 15386 15360 15366 15325 15291 15281 15194 15154 15137 15117 15185 15161 15205 15196
15380 15402 15405 15360 15359 15393 15416 15414 15385 15312 15358 15342 15325 15259 15221 15206 15197 15192 15181 15187 15150
