inst/extdata/modis/lst/modgrid/Lat43.00075Lon-78.78820Start2001-01-01End2013-12-31___MOD11A2/GRID_Lat43.00075Lon-78.78820Start2001-01-01End2013-12-31___MOD11A2_LST_Day_1km_A2009145.asc
ncols		 21
nrows		 21
xllcorner	 -6416881.12
yllcorner	 4772121.02
cellsize	 926.625433055834
NODATA_value	 0
14979 15003 15002 14986 14972 14957 14940 14912 14911 14836 14835 14853 14845 14823 14767 14717 14728 14747 14721 14691 14629
14807 14873 14874 14877 14873 14850 14808 14801 14780 14794 14801 14809 14829 14831 14800 14776 14771 14742 14710 14709 14626
14486 14548 14575 14579 14619 14629 14666 14707 14748 14743 14753 14786 14831 14848 14839 14795 14742 14711 14687 14668 14685
14511 14533 14533 14522 14522 14512 14548 14659 14737 14801 14805 14834 14866 14829 14796 14743 14707 14655 14640 14697 14711
14641 14676 14691 14624 14567 14530 14508 14618 14783 14879 14888 14887 14828 14776 14753 14733 14645 14572 14594 14670 14708
14749 14762 14725 14685 14617 14563 14564 14649 14887 14922 14855 14776 14781 14840 14830 14749 14638 14590 14690 14724 14739
14776 14778 14788 14708 14659 14627 14653 14825 14918 14882 14786 14783 14864 14898 14867 14754 14651 14745 14775 14783 14760
14690 14704 14700 14691 14692 14700 14787 14910 14887 14822 14797 14835 14894 14924 14849 14749 14782 14804 14816 14780 14753
14680 14706 14752 14767 14728 14816 14900 14883 14846 14845 14890 14896 14893 14888 14844 14845 14855 14853 14806 14802 14811
14674 14687 14772 14807 14930 14971 14953 14896 14906 14959 14977 14953 14926 14875 14880 14914 14865 14741 14779 14804 14810
14712 14806 14886 14982 15006 15004 14999 14986 15023 15014 14962 14948 14896 14870 14897 14904 14835 14838 14854 14886 14851
14840 14881 14968 14989 15001 15030 15066 15105 15071 14995 14957 14931 14894 14922 14952 14944 14940 14931 14960 14940 14878
14950 15005 15019 15025 15052 15078 15109 15091 15044 14982 14948 14926 14962 14988 14960 14940 14958 14988 14974 14905 14815
15027 15058 15067 15064 15078 15093 15094 15057 14959 14933 14918 14927 14933 14973 14941 14939 14975 14972 14903 14835 14821
15072 15080 15063 15046 15046 15040 15012 14955 14924 14922 14927 14921 14980 14962 14946 14984 15005 14927 14853 14832 14766
15091 15074 15052 15042 15005 14970 14947 14951 14946 14943 14922 14923 14942 14982 14983 15022 14987 14905 14823 14739 14688
15090 15060 15054 14990 14957 14952 14964 14952 14949 14941 14923 14931 14975 14947 14963 14926 14852 14811 14755 14731 14743
15039 15053 15069 15059 14996 14977 14951 14954 14989 15005 14966 14926 14883 14882 14834 14761 14745 14723 14743 14761 14749
15050 15081 15074 15031 15005 14999 14997 15009 15023 15016 14981 14934 14896 14845 14720 14688 14645 14667 14726 14724 14713
15090 15087 15036 15011 14999 14993 15009 15022 15029 15001 14968 14949 14942 14874 14814 14734 14711 14720 14745 14730 14711
15082 15050 15029 15007 15009 15041 15051 15046 15005 14991 14994 14984 14948 14855 14770 14748 14726 14725 14729 14722 14704
