inst/extdata/modis/lst/modgrid/Lat43.00075Lon-78.78820Start2001-01-01End2013-12-31___MOD11A2/GRID_Lat43.00075Lon-78.78820Start2001-01-01End2013-12-31___MOD11A2_LST_Day_1km_A2010217.asc
ncols		 21
nrows		 21
xllcorner	 -6416881.12
yllcorner	 4772121.02
cellsize	 926.625433055834
NODATA_value	 0
15252 15264 15268 15295 15301 15262 15217 15209 15130 15085 15108 15114 15074 15056 14992 14937 15034 15081 15020 15004 14976
14954 15025 15034 15216 15221 15187 15110 14998 15015 14962 15014 15077 15081 15059 15151 15057 15146 15123 15087 15080 15048
14803 14850 14888 14982 14971 14954 14778 14762 14886 14912 15000 15045 15075 15196 15190 15153 15108 15061 15040 15016 15049
14779 14905 14926 14947 14874 14805 14758 14878 14902 14974 14953 15053 15202 15191 15152 15068 15022 14980 14971 15006 15029
14933 14972 14998 14901 14878 14877 14878 14913 14976 15011 15146 15130 15172 15159 15112 15091 14994 14943 14916 14976 14974
15036 15076 14976 14872 14795 14877 14874 14932 15026 15116 15104 15129 15136 15195 15208 15057 14978 14954 15045 15060 14973
15085 15091 15090 14920 14876 14949 14996 15036 15158 15222 15105 15100 15162 15199 15128 15000 14963 15019 15066 14996 14987
14934 14930 14914 14912 15003 15019 15030 15147 15243 15140 15108 15105 15053 15091 15004 14978 14878 14892 14985 14974 14961
14907 14918 14935 15015 15025 15101 15329 15326 15198 15195 15193 15314 15131 15119 15121 15026 14889 14973 14962 14941 14947
14925 14964 15022 15068 15232 15288 15283 15227 15275 15318 15341 15196 15157 15099 15084 14996 14974 14945 14940 14952 15027
14954 15042 15129 15273 15279 15284 15271 15318 15349 15197 15173 15163 15086 15054 14989 15001 14973 14966 14942 15016 15085
15118 15201 15231 15282 15250 15251 15325 15393 15438 15208 15201 15087 15045 14981 15021 15110 15235 15158 15170 15180 15094
15223 15278 15341 15316 15309 15397 15411 15418 15395 15240 15214 15095 14998 15023 15111 15222 15163 15213 15266 15207 15150
15374 15410 15415 15345 15370 15355 15354 15317 15231 15213 15192 15126 15140 15156 15235 15190 15224 15278 15218 15180 15153
15415 15391 15355 15360 15332 15328 15308 15216 15195 15198 15139 15171 15253 15243 15216 15312 15335 15238 15192 15171 15103
15396 15364 15370 15384 15355 15328 15261 15239 15224 15302 15289 15261 15264 15293 15314 15325 15278 15241 15153 15072 15016
15375 15373 15375 15358 15333 15312 15275 15279 15297 15319 15300 15288 15280 15228 15284 15256 15184 15154 15059 15029 15033
15370 15378 15399 15390 15377 15327 15318 15282 15349 15353 15316 15260 15184 15177 15110 15024 15022 15041 15063 15064 15060
15394 15417 15414 15388 15356 15326 15312 15377 15360 15370 15319 15289 15231 15186 15039 14975 14952 14999 15048 15055 15039
15398 15391 15361 15318 15332 15345 15333 15355 15393 15374 15333 15256 15235 15182 15127 15075 15051 15053 15072 15061 14968
15371 15337 15291 15280 15307 15346 15376 15380 15351 15335 15318 15323 15257 15155 15049 15034 15005 15030 15019 14957 14923
