inst/extdata/modis/lst/modgrid/Lat43.00075Lon-78.78820Start2001-01-01End2013-12-31___MOD11A2/GRID_Lat43.00075Lon-78.78820Start2001-01-01End2013-12-31___MOD11A2_LST_Day_1km_A2005153.asc
ncols		 21
nrows		 21
xllcorner	 -6416881.12
yllcorner	 4772121.02
cellsize	 926.625433055834
NODATA_value	 0
15130 15232 15234 15449 15417 15240 15349 15374 15259 15217 15178 15203 15258 15236 15102 15066 15071 15126 15112 15079 15004
14970 14997 14986 14927 14919 15016 15106 15146 15140 15121 15152 15172 15232 15179 15194 15191 15145 15140 15105 15029 15022
14649 14734 14757 14790 14881 14864 14923 14968 15047 15094 15151 15183 15186 15303 15318 15126 15122 15097 15069 15069 15044
14704 14705 14685 14790 14832 14821 14846 14963 15067 15173 15182 15248 15349 15333 15103 15066 15036 15007 15025 15010 15032
14969 14882 15037 14959 14889 14811 14665 14733 15056 15211 15279 15379 15238 15080 15071 15064 15020 14938 14978 15014 15047
15124 15130 15097 15064 14997 14892 14746 14949 15038 15140 15226 15171 15162 15204 15221 15157 14959 14949 15036 15086 15103
15191 15137 15143 15111 15050 14881 14858 14996 15290 15252 15182 15177 15246 15295 15229 15023 14999 15064 15111 15124 15093
15155 15149 15139 15128 15100 15070 15146 15310 15294 15238 15201 15242 15290 15283 15232 15178 15083 15096 15127 15106 15071
15105 15137 15141 15114 15098 15161 15315 15325 15265 15248 15284 15309 15293 15279 15271 15117 15079 15082 15076 15063 15084
15025 15017 15071 15204 15288 15474 15355 15313 15311 15357 15366 15341 15332 15324 15326 15202 15076 15118 15107 15173 15214
15031 15122 15294 15339 15483 15474 15448 15451 15513 15499 15469 15466 15336 15313 15238 15222 15193 15191 15245 15272 15188
15131 15424 15484 15488 15475 15496 15495 15536 15455 15531 15328 15261 15312 15250 15298 15294 15283 15396 15439 15253 15208
15447 15511 15486 15483 15503 15515 15560 15584 15549 15331 15299 15259 15281 15299 15294 15288 15279 15331 15281 15210 15152
15522 15525 15504 15501 15512 15554 15582 15520 15316 15296 15263 15236 15265 15309 15277 15258 15321 15261 15206 15170 15150
15528 15502 15484 15495 15499 15501 15450 15427 15419 15267 15247 15240 15419 15289 15247 15293 15369 15292 15190 15182 15119
15522 15499 15500 15523 15506 15314 15294 15300 15316 15343 15324 15314 15349 15371 15357 15389 15316 15221 15174 15097 15081
15529 15511 15524 15518 15338 15300 15299 15322 15361 15361 15333 15355 15369 15337 15281 15234 15227 15207 15181 15158 15166
15510 15535 15547 15405 15375 15371 15366 15397 15417 15422 15390 15359 15342 15256 15193 15177 15139 15135 15170 15198 15175
15540 15564 15424 15410 15394 15387 15398 15425 15445 15448 15426 15382 15267 15212 15140 15086 15068 15091 15133 15138 15122
15567 15427 15401 15378 15398 15418 15429 15439 15456 15446 15411 15321 15286 15246 15179 15115 15102 15119 15151 15159 15126
15434 15410 15389 15397 15432 15452 15446 15463 15448 15424 15363 15353 15323 15247 15176 15153 15160 15142 15136 15138 15098
