inst/extdata/modis/lst/modgrid/Lat43.00075Lon-78.78820Start2001-01-01End2013-12-31___MOD11A2/GRID_Lat43.00075Lon-78.78820Start2001-01-01End2013-12-31___MOD11A2_LST_Day_1km_A2006313.asc
ncols		 21
nrows		 21
xllcorner	 -6416881.12
yllcorner	 4772121.02
cellsize	 926.625433055834
NODATA_value	 0
14399 14399 14415 14426 14432 14418 14411 14409 14405 14393 14383 14407 14411 14422 14413 14388 14376 14375 14358 14372 14360
14315 14376 14355 14351 14356 14361 14371 14380 14369 14358 14397 14433 14425 14411 14397 14377 14365 14362 14359 14353 14369
14186 14226 14243 14260 14282 14274 14304 14333 14341 14365 14385 14376 14402 14403 14378 14353 14342 14342 14342 14350 14344
14245 14267 14246 14241 14243 14245 14268 14309 14378 14436 14423 14415 14400 14369 14311 14318 14319 14323 14333 14332 14347
14352 14374 14393 14333 14304 14280 14254 14301 14373 14414 14415 14392 14363 14319 14326 14321 14321 14328 14322 14324 14322
14390 14393 14392 14375 14365 14304 14266 14316 14381 14402 14379 14339 14301 14336 14337 14338 14334 14329 14322 14316 14305
14388 14396 14394 14385 14388 14364 14324 14363 14404 14383 14354 14331 14333 14334 14347 14347 14348 14339 14326 14319 14325
14363 14373 14379 14373 14352 14324 14337 14397 14394 14345 14344 14329 14329 14330 14326 14341 14348 14339 14340 14355 14337
14353 14359 14379 14349 14330 14336 14366 14378 14358 14347 14340 14349 14346 14350 14353 14343 14341 14358 14371 14363 14377
14364 14321 14330 14350 14374 14387 14370 14346 14354 14357 14371 14360 14364 14371 14319 14322 14354 14370 14376 14376 14316
14311 14338 14353 14371 14359 14339 14339 14366 14370 14369 14372 14369 14369 14335 14349 14371 14368 14376 14376 0 14316
14333 14333 14341 14346 14346 14359 14385 14400 14393 14376 14376 0 0 14373 14373 0 0 0 0 0 0
14326 14344 14356 14371 14387 14402 14406 14394 0 0 0 0 0 0 0 0 0 0 0 0 0
14333 14365 14385 14396 14405 14409 0 0 0 0 0 0 0 0 0 0 0 0 0 0 0
14385 14398 14399 14403 14390 14381 0 0 0 0 0 0 0 0 0 0 0 0 0 0 0
14411 14411 14391 14386 14381 0 0 0 0 0 0 0 0 0 0 0 0 0 0 0 0
14373 14375 14408 14410 0 0 0 0 0 0 0 0 0 0 0 0 0 0 0 0 0
14375 14410 14410 0 0 0 0 0 0 0 0 0 0 0 14185 14185 14185 0 0 0 0
0 0 0 0 0 0 0 0 0 0 0 0 0 14185 14185 14185 0 0 0 0 0
0 0 0 0 0 0 0 0 0 0 0 0 0 0 14217 14217 14175 14142 14142 0 0
0 0 0 0 0 0 0 0 0 0 0 0 0 14207 14210 14175 14142 14142 0 0 0
