inst/extdata/modis/lst/modgrid/Lat43.00075Lon-78.78820Start2001-01-01End2013-12-31___MOD11A2/GRID_Lat43.00075Lon-78.78820Start2001-01-01End2013-12-31___MOD11A2_LST_Day_1km_A2009065.asc
ncols		 21
nrows		 21
xllcorner	 -6416881.12
yllcorner	 4772121.02
cellsize	 926.625433055834
NODATA_value	 0
14066 14066 14054 14048 14057 14065 14047 14026 14003 13958 13942 13993 13958 13891 13903 13842 13842 13912 13920 13850 13850
13791 13810 13954 13964 13988 13998 13975 13958 13940 13939 13974 13961 13961 0 0 13904 13907 13912 13846 13865 13895
13729 13745 13841 13854 13861 13849 13875 13890 13897 13907 13926 13923 13977 13946 13947 13935 13901 13842 13837 13854 13877
13713 13757 13751 13756 13771 13803 13824 13874 13920 13944 13943 13993 14042 14022 13974 13910 13929 13835 13820 13843 13939
13867 13848 13798 13749 13772 13772 13819 13880 13961 14020 14062 14041 14008 13980 13947 13989 13989 13879 13891 13939 13934
13921 13902 13991 0 13778 13805 13873 13920 14038 14076 14060 14020 14017 13990 14027 14008 13925 13912 13955 13966 13997
13975 13960 13980 13955 13842 13887 13906 14006 14088 14069 14014 14031 14072 14092 14103 13990 13991 14025 14032 14008 14004
13972 13993 13981 13972 13926 13911 13970 14070 14076 14055 14046 14067 14090 14113 14050 14035 14039 14043 14031 14048 14020
13969 13974 13994 13977 13986 13999 14080 14079 14076 14071 14088 14084 14066 14049 14068 14066 14071 14073 14059 14054 14059
13938 13958 13980 14008 14070 14113 14096 14087 14106 14131 14138 14117 14098 14088 14093 14096 14070 14041 14052 14047 14036
13942 14021 14086 14113 14122 14111 14117 14136 14150 14148 14115 14105 14077 14069 14080 14101 14083 14074 14062 14063 14052
14031 14057 14087 14111 14130 14142 14161 14173 14158 14115 14096 14082 14069 14074 14118 14122 14105 14088 14111 14094 14064
14071 14084 14108 14124 14144 14152 14170 14163 14132 14098 14086 14076 14088 14119 14117 14097 14107 14125 14113 14075 14024
14095 14125 14126 14134 14131 14139 14149 14139 14115 14100 14096 14089 14095 14095 14070 14075 14118 14119 14082 14048 14032
14140 14134 14126 14116 14117 14126 14113 14100 14099 14101 14088 14085 14092 14092 14062 14099 14117 14094 14061 14030 13999
14143 14135 14120 14115 14118 14100 14095 14101 14096 14114 14107 14094 14095 14097 14103 14115 14092 14053 14018 13971 13959
14145 14132 14112 14102 14118 14113 14112 14111 14104 14104 14096 14090 14094 14052 14078 14066 14031 13980 13967 13971 13956
14133 14130 14126 14137 14119 14123 14120 14109 14110 14103 14077 14062 14044 14047 14027 13980 13958 13947 13974 13967 13953
14135 14144 14150 14131 14115 14115 14115 14123 14115 14091 14078 14062 14052 14030 13983 13958 13936 13960 13986 13955 13948
14145 14145 14135 14116 14119 14117 14112 14117 14123 14108 14099 14089 14081 14042 14012 13983 13951 13965 13951 13946 13943
14159 14146 14132 14123 14131 14140 14147 14146 14126 14121 14120 14109 14092 14035 14011 13984 13961 13944 13937 13930 13940
