inst/extdata/modis/lst/modgrid/Lat43.00075Lon-78.78820Start2001-01-01End2013-12-31___MOD11A2/GRID_Lat43.00075Lon-78.78820Start2001-01-01End2013-12-31___MOD11A2_LST_Day_1km_A2012001.asc
ncols		 21
nrows		 21
xllcorner	 -6416881.12
yllcorner	 4772121.02
cellsize	 926.625433055834
NODATA_value	 0
13707 13689 13684 13659 13698 13685 13678 13611 13606 13597 13598 13945 13822 13857 13862 0 0 13593 13627 13672 13687
13663 13648 13651 13653 13643 13640 13678 13652 13504 13639 13941 13946 13961 13814 13666 0 13575 13587 13611 13647 13652
13622 13623 13616 13619 13622 13590 13627 13503 13495 13685 13614 13614 13669 13690 13728 13731 13731 0 13652 13652 0
13625 13612 13620 13617 13628 13636 13636 13631 13545 13516 13491 13721 13703 13707 13722 13728 0 0 0 0 0
13629 13630 13623 13666 13643 13633 13634 13544 13546 13546 13540 13696 13681 13692 13712 13710 13705 0 0 13698 13698
13635 13641 13636 13634 13533 13541 13535 13533 13546 13448 0 13614 13615 13647 13698 13708 13692 13649 13665 13693 13686
13752 13710 13707 13634 13772 13760 13704 13656 13749 13749 0 13618 13629 13704 13707 13692 13683 13688 13693 13668 13670
13637 13634 13641 13716 13740 13777 13584 13756 13739 13696 13696 13702 13741 0 13692 13692 13709 13702 13667 13667 0
13657 13718 13739 13759 13772 13590 13486 13482 13719 13706 13709 13741 13741 0 0 0 13666 13666 13666 0 0
13815 13826 13832 13771 13593 13553 13774 13769 13782 0 13741 13741 0 0 0 0 0 0 0 0 0
13863 13829 13853 13842 13730 13717 13729 13795 13830 0 0 0 0 0 0 0 0 0 0 0 0
13795 13819 13835 13739 13737 13734 13831 13829 13845 13832 13683 13715 13781 13819 13847 0 0 0 0 0 0
13823 13834 13850 13867 13859 13845 13831 13842 13825 13813 13779 13797 13817 13836 13826 0 0 0 0 0 0
13823 13843 13849 13929 13840 13834 13830 13809 13794 13789 13788 13809 13820 13827 13788 13757 0 13548 13548 13577 13549
13833 13842 13924 13918 13925 13944 13576 13568 13883 13867 13746 13770 13798 13767 13740 13699 13659 13599 13599 13572 13582
13828 13917 13916 13919 13935 13931 13923 13908 13901 13772 13768 13763 13720 13717 13709 13709 13692 13684 13588 13594 0
13813 13813 13820 13929 13930 13931 13826 13901 13784 13791 13795 13793 13771 13757 13737 13737 13690 0 0 0 0
13827 13820 13816 13924 13925 13818 13817 13815 0 13798 13798 13772 13770 0 0 0 0 0 0 0 0
13824 13819 13813 13808 13800 13809 13815 0 13805 13804 13797 0 0 0 0 0 0 0 0 0 0
13817 13819 13811 13784 13778 13775 13763 13782 13794 13797 13782 13778 13774 13743 0 0 0 0 0 0 0
13824 13819 13801 13772 13767 13761 13754 13757 13758 13758 13761 13764 13743 13743 0 0 0 0 0 0 0
