inst/extdata/modis/lst/modgrid/Lat43.00075Lon-78.78820Start2001-01-01End2013-12-31___MOD11A2/GRID_Lat43.00075Lon-78.78820Start2001-01-01End2013-12-31___MOD11A2_LST_Day_1km_A2011081.asc
ncols		 21
nrows		 21
xllcorner	 -6416881.12
yllcorner	 4772121.02
cellsize	 926.625433055834
NODATA_value	 0
13775 13770 13766 13777 13781 13667 13671 13668 13741 13724 13714 13819 13817 13771 13752 13727 13712 13729 13741 13735 13715
13769 13783 13772 13770 13748 13753 13719 13719 13709 13771 13808 13770 13779 13774 13768 13758 13751 13735 13725 13714 13716
13736 13750 13762 13752 13746 13734 13727 13730 13757 13766 13754 13770 13786 13863 13775 13770 13740 13723 13716 13728 13735
13722 13731 13734 13733 13733 13740 13756 13755 13756 13740 13775 13803 13811 13855 13832 13751 13743 13753 13758 13735 13724
13692 13729 13720 13717 13752 13735 13718 13751 13778 13889 13877 13877 13801 13797 13798 13784 13791 13803 13798 13748 13748
13761 13758 13722 13729 13721 13719 13766 13795 13898 13878 13874 13793 13794 13840 13820 13829 13849 13826 13831 13787 13799
13783 13720 13719 13753 13757 13767 13797 13835 13882 13875 13795 13807 13862 13863 13897 13882 13871 13847 13863 13893 13853
13717 13717 13745 13740 13751 13791 13850 13888 13879 13808 13830 13856 13866 13888 13908 13901 13853 13849 13894 13854 13836
13759 13756 13747 13808 13826 13910 13896 13883 13834 13847 13862 13887 13881 13880 13889 13880 13822 13820 13824 13818 13919
13796 13799 13816 13837 13909 13895 13896 13920 13909 13902 13899 13901 13903 13924 13905 13834 13830 13843 13835 13853 13851
13767 13826 13880 13894 13898 13927 13931 14141 14140 14138 14131 13932 13927 13916 13909 13895 13887 13876 13870 13867 13803
13860 13882 13886 13901 13934 13939 13943 14161 14161 13950 13947 13940 14029 13924 13910 13912 13847 13839 13837 13880 13770
13900 13897 13931 13948 13948 13945 13961 14198 13973 13966 13918 13914 13914 13898 13911 13850 13853 13859 13894 13778 13765
13916 13964 13978 13968 13962 13952 14186 14196 13971 13920 13911 13894 13887 13908 13921 13920 14114 13874 13794 13786 13759
13969 13973 13969 13964 13945 13945 13947 13865 13852 13905 13842 13840 13911 13871 13925 14102 13879 13800 13797 13768 13755
13971 13963 13953 13943 13867 13868 13852 13844 13909 13829 13832 13700 13789 13923 14062 14085 14097 13859 13790 13752 13815
13961 13944 13942 13865 13860 13844 13840 13910 13913 13840 13711 13711 13808 13780 13823 13850 13776 13763 13727 13573 13707
13930 13931 13939 13933 13846 13904 14099 13915 13734 13713 13714 13802 13778 13765 13762 13752 13739 13732 13726 13718 13644
13926 13936 13930 14103 14103 14101 14103 0 0 13719 13714 13678 13654 13767 13777 13704 13773 13708 13709 13644 13630
14112 13920 13914 13913 14102 14102 0 0 13750 13857 13784 13777 13670 13735 13824 13856 13780 13642 13601 13677 13656
13918 13916 13912 14100 0 0 0 14115 13925 13875 13705 13716 13716 13725 13711 13678 13601 13649 13647 13648 13625
