inst/extdata/modis/lst/modgrid/Lat43.00075Lon-78.78820Start2001-01-01End2013-12-31___MOD11A2/GRID_Lat43.00075Lon-78.78820Start2001-01-01End2013-12-31___MOD11A2_LST_Day_1km_A2009057.asc
ncols		 21
nrows		 21
xllcorner	 -6416881.12
yllcorner	 4772121.02
cellsize	 926.625433055834
NODATA_value	 0
13835 13835 13803 13812 13944 13971 13965 13931 13917 13893 13914 13926 13839 13826 13832 0 0 13778 13748 13762 13772
13741 13779 13788 13893 13804 13799 13772 13872 13867 13874 13884 13920 13819 13813 0 0 0 0 0 0 0
13692 13716 13742 13765 13776 13707 13706 13739 13780 13874 13860 13724 13784 13796 13819 0 0 13730 13730 13745 13755
13558 13563 13592 13603 13696 13695 13718 13730 13708 13783 13692 13748 13746 13807 13680 0 13730 13730 13749 13755 0
13575 13598 13711 13725 13676 13669 13718 13696 13654 13698 13754 13755 13680 13680 13756 13770 0 0 0 0 0
13766 13758 13725 13687 13692 13755 13715 13669 13683 13684 0 0 13680 13770 13770 0 0 0 0 0 0
13793 13790 13771 13756 13754 13584 13664 13695 13716 13682 13643 0 0 0 0 0 0 0 0 0 0
13769 13768 13787 13583 13715 13726 13748 13761 13749 13735 0 0 0 0 0 0 0 0 0 0 0
13775 13797 13738 13741 13740 13753 13769 13762 13667 13889 0 0 13852 13829 13775 0 0 0 0 0 0
13799 13726 13742 13766 13797 13798 13792 13869 13889 13890 13892 13819 13804 13769 13670 13670 0 0 13633 13633 13633
13710 13725 13885 13899 13811 13865 13873 13907 13906 13856 13768 13733 13719 13670 13670 0 0 13752 13752 13671 13769
13735 13856 13883 13897 13878 13907 13913 13896 13820 13749 13723 13715 13749 13871 13883 13874 13873 13848 13802 13782 13832
13867 13882 13895 13912 13899 13885 13870 13830 13812 0 0 13752 13750 13882 13879 13870 13841 13847 13755 13737 13727
13901 13889 13878 13855 13854 13840 0 13828 13878 13878 13882 13753 13877 13880 13811 13820 13835 13758 13740 13726 13725
13862 13856 13826 13826 0 0 13870 13871 13876 13865 13858 13858 13873 13808 13804 13813 13756 13744 13733 13723 13687
13887 13939 0 13901 13891 13865 13858 13855 13861 13850 13842 13833 13844 13850 13859 13867 13853 13729 13710 13752 13729
13928 13890 13892 13884 13856 13852 13858 13862 13848 13844 13840 13836 13834 13841 13849 13811 13757 13734 13741 13737 13722
13831 13825 13881 13877 13869 13866 13863 13849 13853 13848 13838 13814 13809 13768 13759 13742 13726 13714 13721 13776 0
13825 13879 13872 13866 13866 13862 13851 13851 13849 13840 13807 13821 13812 13797 13750 13746 13719 13705 13742 0 13722
13874 13875 13868 13856 13850 13848 13851 13857 13852 13849 13854 13859 13847 13750 13740 13731 13721 13722 13721 13752 13722
13877 13879 13864 13838 13813 13819 13865 13824 13825 13820 13858 13861 13840 13791 13737 13733 13736 13693 13693 13718 13722
