inst/extdata/modis/lst/modgrid/Lat43.00075Lon-78.78820Start2001-01-01End2013-12-31___MOD11A2/GRID_Lat43.00075Lon-78.78820Start2001-01-01End2013-12-31___MOD11A2_LST_Day_1km_A2003241.asc
ncols		 21
nrows		 21
xllcorner	 -6416881.12
yllcorner	 4772121.02
cellsize	 926.625433055834
NODATA_value	 0
15039 15046 15039 15034 15007 14956 14852 14871 14866 14772 14645 0 14748 14718 14546 14541 14567 0 0 14648 14573
14947 14963 14922 14905 14866 14816 14741 14749 14699 14644 0 14819 14771 14659 14614 0 0 0 14538 14538 14630
14739 14723 14636 14787 14621 14576 14669 14643 14650 14519 14519 14777 14757 14745 0 0 0 0 0 0 0
14666 14688 14600 14650 14559 14583 14622 14647 0 14566 14736 14784 14747 14647 14610 0 0 0 0 0 0
14703 14695 14650 14587 14532 14525 14527 14612 14682 14823 14810 14790 14760 14698 14688 0 0 0 0 0 14492
14803 14722 14612 14515 14531 14541 14562 14705 14875 15073 14973 14767 14809 14815 14853 0 0 0 0 0 14675
14626 14671 14559 14632 14632 14617 14693 14799 15151 15054 14875 14895 14882 14895 0 14531 14580 14716 14513 14756 14746
14637 14638 14685 14740 14694 14711 14807 15137 15077 14988 14928 14945 15004 14993 14859 14782 14823 14841 14910 14905 14826
14731 14779 14802 14808 14968 15067 15112 15093 15059 15007 14997 15042 15018 15001 14975 14975 14982 14986 14963 14897 14895
14779 14779 14817 15072 15116 15136 15135 15123 15132 15175 15148 15080 15079 15063 15050 15030 14955 14893 14925 14886 14956
14775 14833 15186 15229 15210 15197 15181 15221 15229 15201 15157 15155 15144 15073 15050 15051 15022 15010 14927 15005 15009
15055 15119 15189 15210 15204 15210 15258 15293 15329 15264 15217 15221 15162 15119 15157 15151 15124 15070 15091 15154 15072
15247 15269 15265 15234 15238 15276 15317 15355 15285 15226 15197 15167 15153 15167 15164 15140 15132 15205 15253 15146 15012
15300 15319 15302 15294 15293 15303 15333 15251 15199 15174 15140 15093 15105 15207 15141 15151 15225 15213 15120 15043 14729
15340 15300 15254 15277 15279 15281 15199 15152 15133 15117 15101 15109 15209 15171 15135 15208 15245 15167 14766 14759 14652
15348 15170 15154 15153 14977 14910 15140 15157 15156 15152 15150 15145 15216 15289 15256 15276 15209 14785 14763 14701 14832
15186 14994 14991 15002 14966 14922 14882 14885 14894 14807 14892 14900 15258 15169 15190 15152 15109 14960 14945 14907 14901
15000 15031 15056 15037 14980 15238 15218 14959 14973 14943 14923 15169 15120 15102 15040 14999 14854 14849 14882 14935 14922
15008 15067 15045 14998 14963 14942 14897 14930 14934 15308 15272 15151 15115 15037 14880 14792 14796 14837 14904 14891 14859
15005 14998 14968 15190 14952 14808 14883 14903 15271 15140 15096 15100 15096 15006 14906 14873 14863 14870 14910 14937 14909
15089 15079 15172 15194 15189 15227 15256 15268 15100 15082 15101 15129 15085 14969 14918 14887 14892 14904 14881 14894 14898
