inst/extdata/modis/lst/modgrid/Lat43.00075Lon-78.78820Start2001-01-01End2013-12-31___MOD11A2/GRID_Lat43.00075Lon-78.78820Start2001-01-01End2013-12-31___MOD11A2_LST_Day_1km_A2003161.asc
ncols		 21
nrows		 21
xllcorner	 -6416881.12
yllcorner	 4772121.02
cellsize	 926.625433055834
NODATA_value	 0
15073 15106 15126 15116 15191 15173 15126 15104 15079 15025 15006 15017 15016 15002 14973 14926 14926 14933 14912 14897 14896
14965 14976 14955 14935 15029 14992 14989 14991 14985 14955 14981 15003 15014 15006 14975 14963 14916 14901 14887 14906 14862
14645 14648 14669 14722 14618 14728 14764 14805 14812 14836 14955 14977 14998 15003 14996 14907 14883 14860 14845 14828 14839
14591 14611 14617 14609 14666 14625 14626 14703 14811 14936 14981 14994 15045 14998 14891 14862 14837 14824 14800 14807 14814
14779 14777 14812 14791 14745 14701 14683 14745 14914 15162 15159 15048 14978 14908 14891 14841 14822 14791 14783 14801 14812
14903 14910 14896 14855 14777 14697 14659 14797 14990 15014 14973 14921 14899 14857 14868 14858 14801 14787 14828 14841 14868
14936 14928 14907 14878 14826 14786 14847 14949 15035 15014 14934 14885 14946 14982 14963 14872 14860 14899 14907 14916 14904
14920 14904 14878 14867 14869 14868 14933 15050 15039 14931 14924 14967 15024 15031 14972 14915 14927 14948 14954 14932 14912
14888 14890 14888 14903 14897 14935 15017 15036 14954 14937 15000 15044 15034 14925 14943 14972 14986 14989 14977 14956 14950
14858 14861 14902 14970 15029 15060 15205 15176 14976 15055 15068 15214 15168 14959 14994 15012 14994 14967 15113 14947 14933
14854 14931 15031 15069 15096 15249 15161 15178 15191 15265 15217 15195 15139 15135 15185 15006 14970 15130 15130 15188 15178
14970 15005 15053 14997 15200 15168 15193 15296 15333 15245 15213 15108 15104 15167 15174 15158 15163 15172 15249 15223 15145
15073 15084 15176 15164 15276 15301 15387 15397 15305 15267 15120 15096 15135 15154 15194 15182 15235 15258 15231 15154 15016
15100 15244 15236 15272 15294 15328 15374 15342 15267 15226 15192 15177 15132 15141 15124 15180 15217 15217 15096 15025 15009
15267 15245 15275 15285 15313 15309 15268 15237 15226 15203 15156 15134 15105 15129 15175 15235 15318 15160 15091 15054 14987
15322 15302 15261 15343 15370 15230 15211 15221 15226 15234 15196 15103 15151 15211 15263 15286 15219 15099 14979 14946 14910
15313 15297 15340 15369 15287 15235 15180 15202 15247 15230 15146 15073 15109 15216 15192 15154 15067 14907 14904 14918 14918
15228 15283 15351 15315 15280 15165 15185 15219 15268 15255 15135 15088 15115 15064 14981 14969 14875 14870 14919 14937 14908
15265 15280 15278 15249 15150 15153 15187 15243 15257 15233 15175 15139 15085 14969 14945 14859 14818 14802 14918 14901 14886
15266 15265 15249 15178 15212 15236 15284 15292 15247 15230 15226 15212 15071 15000 14958 14959 14876 14876 14902 14903 14891
15350 15190 15169 15220 15294 15323 15320 15265 15232 15187 15179 15168 15138 15034 14975 14965 14899 14878 14885 14895 14893
