inst/extdata/modis/lst/modgrid/Lat43.00075Lon-78.78820Start2001-01-01End2013-12-31___MOD11A2/GRID_Lat43.00075Lon-78.78820Start2001-01-01End2013-12-31___MOD11A2_LST_Day_1km_A2008217.asc
ncols		 21
nrows		 21
xllcorner	 -6416881.12
yllcorner	 4772121.02
cellsize	 926.625433055834
NODATA_value	 0
14963 14977 14944 14947 14954 14911 14960 14946 14952 14910 14872 14882 14863 14835 14747 14765 14760 14785 14762 14719 14686
14899 14907 14916 14912 14877 14910 14901 14884 14877 14878 14857 14866 14851 14776 14759 14779 14761 14736 14639 14696 14666
14778 14788 14811 14835 14797 14796 14806 14820 14824 14829 14865 14858 14784 14766 14744 14726 14700 14671 14682 14709 14711
14734 14732 14742 14750 14794 14735 14752 14781 14817 14853 14869 14831 14786 14784 14774 14738 14701 14665 14640 14699 14599
14746 14772 14785 14771 14730 14821 14741 14796 14870 14919 14960 14946 14831 14782 14767 14689 14642 14650 14637 14631 14555
14794 14803 14796 14753 14742 14806 14787 14852 14890 14955 14916 14820 14817 14776 14720 14664 14633 14681 14755 14577 14581
14846 14819 14823 14802 14797 14806 14867 14884 14836 14788 14806 14820 14833 14786 14765 14679 14730 14776 14669 14665 14721
14779 14788 14805 14790 14796 14837 14842 14788 14808 14844 14804 14819 14773 14739 14693 14649 14745 14684 14713 14730 14691
14772 14814 14813 14810 14839 14845 14778 14786 14862 14744 14724 14810 14733 14676 14792 14792 14693 14715 14735 14656 14646
14780 14812 14831 14904 14908 14766 14797 14987 14979 14823 14811 14786 14783 14798 14771 14710 14697 14749 14735 14728 14732
14785 14803 15012 14754 14813 14828 15250 15029 15022 14835 14639 14779 14782 14724 14728 14726 14756 14759 14763 14852 14772
14918 14776 14807 15009 15013 14901 14918 14915 14855 14634 14636 14776 14774 14738 14762 14872 14881 14796 14905 14844 14836
14947 14980 15036 15027 15013 14815 14818 14601 14601 14636 14775 14833 14852 14832 14799 14784 14767 14930 14845 14917 14902
15022 15060 15054 15046 14900 14890 14932 15044 15044 14975 14885 14878 14884 14865 14781 14759 14921 14851 14919 14904 14788
14981 14936 14936 14926 14961 14941 15044 15044 15014 14969 14832 14882 14891 14949 14954 15093 15101 14857 14804 14753 14916
15103 15099 15021 14849 14882 14872 15106 15045 15000 14854 14865 14886 14890 14879 15082 14933 14931 14878 14712 14896 14897
15114 15116 15109 14827 14820 14987 14995 15078 15091 15098 14963 14841 14891 14999 14973 14920 14873 14685 14877 14868 14771
15107 15094 15002 14998 15019 15009 15094 14960 14984 15016 14917 14885 14943 14945 14820 14779 14641 14842 14857 14765 14766
15067 15018 15083 15150 15116 15238 15158 15163 14957 14934 14812 14806 14933 14975 14963 14654 14850 14826 14691 14825 14838
15019 15085 15147 15223 15232 15200 15073 15085 15062 14903 14953 14829 14976 14976 14812 14863 14868 14841 14818 14854 14857
15217 15146 15130 15081 15087 15225 15133 15108 15029 15023 15117 15029 15007 14877 14826 14887 14867 14745 14761 14776 14688
