inst/extdata/modis/lst/modgrid/Lat43.00075Lon-78.78820Start2001-01-01End2013-12-31___MOD11A2/GRID_Lat43.00075Lon-78.78820Start2001-01-01End2013-12-31___MOD11A2_LST_Day_1km_A2005265.asc
ncols		 21
nrows		 21
xllcorner	 -6416881.12
yllcorner	 4772121.02
cellsize	 926.625433055834
NODATA_value	 0
14792 14791 14777 14766 14766 14753 14715 14712 14711 14681 14681 14695 14793 14779 14648 14608 14603 14614 14639 14619 14601
14708 14725 14725 14716 14700 14683 14682 14681 14664 14660 14678 14683 14686 14670 14653 14637 14631 14637 14625 14615 14581
14678 14679 14669 14720 14720 14588 14730 14734 14734 14736 14662 14670 14682 14674 14664 14646 14632 14614 14609 14589 14576
14634 14614 14591 14689 14682 14563 14715 14733 14749 14779 14687 14703 14706 14698 14668 14647 14620 14606 14599 14605 14604
14605 14596 14700 14676 14550 14695 14726 14747 14807 14825 14830 14813 14785 14671 14667 14652 14613 14590 14586 14597 14604
14651 14654 14616 14585 14571 14673 14712 14798 14845 14852 14794 14751 14673 14686 14684 14645 14612 14589 14603 14615 14635
14671 14668 14671 14637 14630 14717 14788 14850 14867 14815 14764 14677 14713 14717 14698 14656 14625 14644 14655 14648 14646
14640 14638 14642 14644 14658 14710 14761 14770 14743 14701 14687 14704 14718 14715 14677 14662 14672 14673 14666 14658 14643
14627 14655 14668 14683 14737 14768 14780 14760 14732 14722 14728 14736 14724 14725 14721 14716 14705 14691 14682 14668 14668
14663 14684 14701 14756 14770 14780 14774 14761 14767 14782 14782 14761 14752 14751 14754 14739 14699 14684 14679 14670 14669
14679 14705 14758 14783 14787 14788 14782 14795 14811 14813 14795 14769 14752 14739 14741 14735 14720 14714 14721 14721 14708
14685 14714 14751 14774 14800 14812 14827 14842 14851 14813 14778 14764 14753 14759 14762 14759 14755 14748 14760 14750 14698
14733 14756 14769 14781 14791 14819 14852 14874 14841 14810 14790 14773 14774 14777 14773 14757 14759 14788 14771 14725 14687
14783 14797 14797 14790 14804 14823 14841 14832 14809 14802 14778 14765 14764 14772 14701 14753 14775 14773 14732 14693 14667
14808 14806 14802 14801 14807 14820 14818 14788 14781 14760 14757 14753 14769 14707 14702 14712 14782 14736 14684 14672 14639
14837 14832 14823 14809 14802 14794 14766 14764 14757 14763 14761 14749 14697 14709 14717 14795 14757 14700 14666 14636 14614
14840 14829 14819 14817 14800 14773 14771 14771 14775 14772 14754 14754 14762 14692 14691 14669 14684 14656 14649 14634 14622
14824 14827 14838 14832 14812 14804 14804 14798 14804 14801 14769 14752 14675 14668 14631 14603 14639 14637 14635 14639 14618
14824 14838 14840 14831 14813 14811 14806 14807 14817 14813 14795 14765 14744 14632 14661 14641 14616 14613 14635 14622 14617
14836 14840 14833 14818 14820 14816 14815 14818 14834 14828 14801 14800 14760 14717 14679 14632 14621 14622 14630 14630 14622
14852 14836 14822 14825 14837 14847 14841 14842 14832 14822 14813 14789 14767 14733 14663 14652 14639 14636 14638 14635 14621
