inst/extdata/modis/lst/modgrid/Lat43.00075Lon-78.78820Start2001-01-01End2013-12-31___MOD11A2/GRID_Lat43.00075Lon-78.78820Start2001-01-01End2013-12-31___MOD11A2_LST_Day_1km_A2002345.asc
ncols		 21
nrows		 21
xllcorner	 -6416881.12
yllcorner	 4772121.02
cellsize	 926.625433055834
NODATA_value	 0
13514 13492 13492 13484 13478 13477 13475 13476 13472 13439 13449 13442 13439 13445 13454 13464 13465 13454 13464 13469 13471
13548 13534 13523 13519 13507 13484 13458 13466 13458 13449 13434 13436 13440 13443 13444 13445 13443 13456 13467 13474 13480
13697 13631 13609 13583 13554 13541 13524 13483 13436 13432 13444 13442 13442 13442 13431 13430 13431 13436 13446 13455 13469
13613 13592 13587 13547 13536 13570 13585 13525 13459 13442 13437 13438 13434 13425 13422 13416 13408 13427 13446 13455 13465
13464 13455 13427 13407 13486 13559 13627 13569 13471 13442 13430 13427 13425 13423 13417 13422 13423 13442 13451 13459 13462
13403 13405 13417 13439 13474 13556 13619 13571 13481 13442 13439 13443 13439 13444 13458 13451 13449 13459 13469 13468 13465
13423 13418 13422 13448 13458 13526 13574 13541 13478 13462 13460 13452 13480 13483 13479 13473 13479 13479 13473 13468 13466
13445 13434 13440 13448 13489 13568 13553 13502 13477 13457 13450 13477 13495 13493 13489 13487 13481 13471 13476 13467 13467
13453 13455 13462 13511 13578 13539 13505 13490 13475 13474 13478 13473 13481 13490 13485 13482 13485 13481 13464 13462 13453
13493 13547 13566 13526 13499 13490 13488 13480 13470 13475 13470 13465 13489 13498 13493 13480 13469 13461 13457 13460 13459
13542 13507 13484 13476 13474 13475 13459 13450 13468 13482 13465 13472 13464 13470 13471 13465 13466 13471 13477 13481 13474
13485 13484 13480 13473 13465 13461 13459 13474 13495 13473 13479 13460 13450 13465 13469 13468 13475 13481 13495 13496 13480
13495 13488 13484 13489 13499 13491 13498 13516 13498 13498 13472 13463 13469 13474 13473 13478 13483 13498 13503 13491 13485
13506 13528 13506 13506 13507 13515 13521 13506 13485 13491 13478 13477 13486 13492 13479 13473 13489 13501 13492 13474 13488
13529 13513 13503 13505 13507 13505 13498 13489 13495 13487 13488 13467 13488 13488 13482 13496 13514 13494 13465 13482 13484
13529 13512 13509 13508 13504 13494 13489 13499 13502 13504 13520 13509 13510 13508 13514 13520 13503 13487 13481 13476 13477
13532 13531 13536 13534 13518 13511 13515 13516 13524 13508 13511 13517 13520 13517 13513 13508 13500 13510 13479 13466 13468
13544 13538 13539 13548 13530 13534 13530 13533 13528 13525 13521 13519 13510 13504 13504 13504 13519 13490 13482 13462 13454
13554 13558 13560 13539 13531 13541 13545 13544 13543 13542 13540 13525 13515 13504 13500 13506 13504 13483 13465 13462 13459
13570 13569 13549 13523 13534 13537 13550 13548 13549 13548 13537 13527 13514 13502 13507 13490 13482 13474 13481 13473 13476
13578 13558 13539 13536 13530 13546 13542 13536 13536 13530 13516 13515 13506 13515 13502 13499 13493 13496 13489 13467 13461
