inst/extdata/modis/lst/modgrid/Lat43.00075Lon-78.78820Start2001-01-01End2013-12-31___MOD11A2/GRID_Lat43.00075Lon-78.78820Start2001-01-01End2013-12-31___MOD11A2_LST_Day_1km_A2006145.asc
ncols		 21
nrows		 21
xllcorner	 -6416881.12
yllcorner	 4772121.02
cellsize	 926.625433055834
NODATA_value	 0
15173 15209 15209 15210 15184 15171 15201 15194 15223 15202 15218 15209 15187 15174 15150 15088 15071 15073 15151 15112 15113
14857 14880 14940 14994 14946 15038 15060 15140 15141 15130 15134 15159 15171 15168 15147 15122 15104 15090 15060 15128 15127
14630 14713 14613 14721 14756 14795 14918 15000 15099 15108 15124 15143 15160 15173 15168 15121 15094 15062 15022 15014 15022
14682 14743 14705 14698 14700 14716 14763 14910 15006 15062 15146 15168 15178 15168 15118 15079 15046 15014 14998 15001 15012
14875 14928 14951 14893 14797 14722 14684 14782 14977 15157 15202 15174 15139 15092 15065 15034 14995 14975 14975 14995 15027
15004 15021 14999 14967 14938 14811 14776 14828 15120 15211 15154 15226 15187 15079 15104 15064 15010 14992 15026 15027 15037
15039 15033 15087 15038 14980 14893 14870 15086 15204 15154 15122 15108 15123 15286 15265 15070 15035 15056 15051 15037 14938
15000 15058 15030 15023 14965 14942 15064 15172 15178 15149 15107 15118 15188 15197 15159 15089 15082 15071 15064 14951 14988
15009 15006 15012 14980 14995 15054 15154 15302 15157 15134 15140 15174 15162 15159 15267 15272 15268 15107 14971 14988 15096
14922 14936 14971 15041 15100 15183 15342 15319 15205 15215 15221 15193 15191 15304 15313 15304 15244 15069 15068 15091 15145
14921 15017 15223 15277 15313 15305 15291 15351 15363 15337 15316 15328 15303 15285 15288 15263 15083 15094 15130 15191 15187
15182 15251 15265 15293 15298 15313 15309 15444 15349 15331 15325 15297 15270 15277 15305 15154 15174 15250 15354 15217 15176
15307 15283 15303 15305 15320 15325 15452 15452 15289 15350 15325 15294 15285 15248 15226 15224 15282 15293 15255 15151 15099
15313 15347 15328 15323 15399 15414 15418 15262 15328 15328 15295 15264 15251 15278 15272 15224 15226 15284 15175 15119 15088
15422 15318 15318 15357 15364 15424 15301 15288 15287 15280 15269 15251 15270 15297 15267 15269 15209 15197 15120 15070 15024
15393 15377 15339 15335 15405 15357 15268 15271 15282 15283 15279 15277 15304 15310 15305 15226 15190 15152 15071 15004 14995
15380 15337 15338 15429 15373 15266 15260 15288 15297 15300 15302 15289 15301 15263 15223 15182 15155 15073 15025 15034 15035
15099 15105 15242 15246 15291 15292 15285 15306 15339 15326 15299 15267 15243 15216 15161 15105 15008 15000 15033 15053 15049
15108 15109 15251 15328 15314 15295 15310 15327 15352 15352 15308 15267 15223 15153 15060 14992 14959 14996 14993 15017 15009
15109 15256 15242 15305 15300 15327 15339 15359 15378 15359 15321 15344 15325 15104 15049 14999 14981 14961 14998 15179 14993
15104 15343 15326 15329 15346 15348 15365 15389 15374 15348 15286 15308 15128 15094 15036 15140 15147 15169 15173 15183 15165
