inst/extdata/modis/lst/modgrid/Lat43.00075Lon-78.78820Start2001-01-01End2013-12-31___MOD11A2/GRID_Lat43.00075Lon-78.78820Start2001-01-01End2013-12-31___MOD11A2_LST_Day_1km_A2007297.asc
ncols		 21
nrows		 21
xllcorner	 -6416881.12
yllcorner	 4772121.02
cellsize	 926.625433055834
NODATA_value	 0
14307 14299 14281 14316 14371 14439 14432 14431 14428 14420 14418 14418 14415 14409 14402 14386 14377 14385 14383 14377 14373
14248 14237 14237 14345 14359 14357 14412 14409 14402 14396 14400 14406 14408 14408 14396 14383 14386 14385 14378 14378 14375
14222 14227 14302 14382 14334 14335 14350 14336 14405 14306 14305 14305 14393 14391 14385 14376 14373 14370 14375 14186 14358
14231 14293 14314 14321 14391 14338 14338 14344 14339 14340 14336 14408 14410 14396 14376 14372 14373 14365 14364 14367 14370
14255 14308 14310 14300 14311 14407 14347 14355 14363 14432 14428 14426 14404 14382 14391 14394 14366 14350 14354 14348 14359
14395 14387 14383 14372 14363 14363 14404 14416 14432 14432 14414 14389 14380 14415 14422 14393 14372 14362 14333 14355 14372
14385 14393 14391 14370 14356 14403 14413 14427 14420 14406 14381 14395 14409 14417 14398 14383 14373 14339 14365 14361 14362
14394 14384 14380 14368 14394 14422 14422 14418 14402 14368 14356 14382 14380 14381 14380 14354 14382 14360 14413 14356 14362
14311 14387 14392 14415 14419 14402 14400 14367 14335 14327 14364 14364 14361 14366 14378 14362 14360 14354 14339 14345 14371
14393 14400 14397 14388 14380 14382 14482 14528 14337 14345 14493 14489 14506 14505 14510 14444 14438 14488 14367 14335 14349
14307 14359 14348 14355 14358 14465 14504 14531 14567 14549 14502 14502 14502 14508 14517 14516 14506 14504 14335 14371 14376
14313 14347 14449 14487 14492 14508 14512 14573 14555 14539 14496 14496 14501 14509 14529 14521 14515 14528 14404 14389 14450
14357 14465 14474 14501 14512 14518 14576 14587 14541 14522 14513 14513 14516 14534 14529 14525 14507 14419 14508 14447 14423
14468 14483 14552 14549 14516 14574 14532 14532 14526 14523 14519 14518 14533 14533 14523 14500 14498 14491 14471 14435 14409
14572 14572 14519 14516 14564 14529 14529 14520 14519 14520 14519 14517 14527 14523 14516 14521 14497 14475 14483 14456 14353
14598 14535 14528 14407 14537 14529 14511 14503 14502 14503 14504 14504 14460 14465 14531 14529 14399 14480 14439 14365 14360
14541 14535 14422 14552 14549 14528 14516 14506 14504 14502 14491 14447 14453 14450 14475 14377 14358 14337 14339 14344 14344
14525 14453 14461 14560 14540 14529 14519 14455 14452 14489 14416 14420 14410 14424 14464 14382 14335 14343 14348 14338 14329
14549 14460 14564 14551 14447 14440 14460 14466 14473 14462 14423 14408 14401 14376 14351 14347 14349 14358 14351 14340 14363
14461 14495 14486 14415 14439 14457 14468 14479 14484 14447 14463 14414 14394 14369 14347 14382 14358 14363 14358 14347 14358
14499 14493 14472 14533 14464 14467 14473 14506 14468 14471 14468 14463 14450 14418 14391 14374 14360 14334 14369 14354 14378
