inst/extdata/modis/lst/modgrid/Lat43.00075Lon-78.78820Start2001-01-01End2013-12-31___MOD11A2/GRID_Lat43.00075Lon-78.78820Start2001-01-01End2013-12-31___MOD11A2_LST_Day_1km_A2005025.asc
ncols		 21
nrows		 21
xllcorner	 -6416881.12
yllcorner	 4772121.02
cellsize	 926.625433055834
NODATA_value	 0
13532 13506 13503 13499 13395 13393 13385 13478 13443 13416 13414 13406 13397 13399 13411 13405 13385 13368 13265 13249 13407
13535 13500 13516 13422 13421 13411 13486 13444 13427 13429 13426 13450 13451 13425 13411 13396 13372 13361 13365 13414 13419
13548 13549 13528 13510 13498 13495 13480 13457 13435 13467 13468 13468 13463 13458 13444 13381 13364 13378 13416 13416 13413
13501 13511 13521 13519 13519 13523 13510 13470 13482 13483 13473 13476 13479 13463 13449 13440 13417 13429 13425 13393 13369
13447 13517 13519 13515 13445 13463 13478 13482 13457 13405 13398 13490 13480 13467 13459 13487 13495 13469 13413 13381 13425
13512 13488 13489 13447 13454 13462 13499 13488 13424 13411 13497 13482 13473 13479 13502 13512 13505 13485 13431 13460 13452
13482 13484 13488 13508 13412 13429 13461 13456 13444 13509 13487 13472 13492 13500 13504 13501 13496 13489 13475 13384 13386
13490 13488 13501 13390 13399 13441 13451 13444 13519 13504 13497 13499 13503 13504 13500 13498 13497 13489 13394 13389 13392
13522 13513 13403 13412 13447 13454 13437 13424 13416 13504 13510 13509 13504 13502 13502 13500 13500 13496 13395 13392 13483
13455 13450 13451 13435 13431 13437 13423 13420 13509 13519 13519 13512 13508 13508 13505 13502 13501 13500 13495 13485 13485
13443 13438 13422 13419 13382 13511 13516 13412 13521 13509 13495 13495 13502 13496 13499 13501 13499 13497 13491 13495 13481
13521 13525 13525 13522 13519 13416 13370 13379 13427 13421 13515 13498 13484 13491 13394 13396 13395 13499 13499 13494 13487
13431 13436 13440 13440 13431 13427 13431 13417 13386 13505 13499 13489 13389 13393 13395 13394 13502 13393 13389 13379 13464
13450 13455 13448 13440 13438 13443 13441 13440 13524 13511 13502 13391 13394 13396 13390 13387 13396 13391 13381 13469 13468
13472 13466 13451 13445 13440 13435 13426 13414 13410 13407 13399 13397 13397 13389 13387 13399 13403 13391 13471 13471 13470
13479 13467 13458 13448 13440 13423 13411 13409 13410 13410 13364 13401 13393 13395 13365 13360 13259 13308 13465 13464 13459
13484 13477 13464 13454 13432 13417 13416 13413 13409 13361 13356 13495 13496 13495 13482 13308 13301 13296 13449 13382 13363
13444 13436 13462 13445 13428 13422 13525 13522 13500 13443 13484 13477 13468 13475 13473 13304 13457 13444 13377 13359 13350
13439 13440 13435 13440 13430 13530 13507 13507 13351 13339 13341 13481 13479 13480 13476 13471 13460 13383 13361 13355 13372
13446 13440 13448 13431 13532 13371 13370 13361 13349 13343 13482 13486 13476 13467 13460 13390 13381 13366 13371 13386 13397
13466 13409 13398 13377 13369 13373 13366 13356 13353 13492 13496 13481 13478 13484 13408 13393 13384 13387 13398 13390 13385
