inst/extdata/modis/lst/modgrid/Lat43.00075Lon-78.78820Start2001-01-01End2013-12-31___MOD11A2/GRID_Lat43.00075Lon-78.78820Start2001-01-01End2013-12-31___MOD11A2_LST_Day_1km_A2010265.asc
ncols		 21
nrows		 21
xllcorner	 -6416881.12
yllcorner	 4772121.02
cellsize	 926.625433055834
NODATA_value	 0
14890 14892 14883 14887 14838 14837 14831 14822 14815 14814 14819 14720 14729 14849 14808 14792 14780 14778 14696 14674 14653
14737 14749 14756 14741 14743 14748 14751 14732 14709 14707 14807 14828 14849 14816 14802 14782 14758 14696 14674 14646 14713
14626 14636 14601 14661 14627 14654 14689 14719 14726 14826 14839 14854 14863 14828 14737 14715 14683 14658 14659 14660 14637
14615 14630 14626 14512 14718 14612 14517 14561 14708 14736 14768 14768 14881 14751 14736 14701 14657 14638 14616 14522 14584
14706 14585 14719 14714 14693 14805 14547 14631 14702 14756 14744 14827 14775 14715 14662 14639 14622 14606 14500 14550 14613
14619 14759 14757 14732 14582 14643 14565 14611 14692 14829 14717 14675 14665 14679 14675 14675 14624 14578 14563 14607 14637
14799 14810 14761 14631 14601 14516 14665 14695 14695 14692 14618 14591 14666 14679 14682 14615 14568 14585 14606 14619 14596
14738 14739 14739 14678 14668 14708 14743 14702 14708 14626 14592 14654 14670 14672 14588 14576 14617 14625 14650 14566 14560
14669 14670 14675 14671 14725 14634 14643 14784 14787 14796 14681 14680 14675 14615 14619 14662 14692 14658 14666 14671 14613
14672 14662 14650 14657 14606 14674 14810 14829 14757 14759 14834 14814 14780 14732 14742 14790 14777 14764 14695 14694 14690
14668 14660 14680 14706 14715 14817 14840 14742 14763 14832 14801 14776 14727 14754 14815 14758 14726 14778 14695 14700 14662
14671 14689 14693 14728 14809 14839 14727 14724 14822 14785 14779 14728 14760 14835 14772 14742 14798 14689 14701 14658 14684
14705 14711 14753 14769 14776 14794 14811 14816 14765 14809 14811 14799 14911 14926 14914 14741 14676 14699 14676 14697 14684
14726 14761 14775 14780 14773 14771 14772 14770 14800 14930 14856 14875 14885 14840 14801 14788 14821 14817 14698 14690 14687
14812 15053 15031 15028 14765 14766 15009 14892 14888 14892 14849 14823 14820 14801 14800 14817 14820 14790 14711 14679 14651
15077 15046 15040 15023 15016 14905 14905 14882 14901 14868 14849 14821 14786 14802 14841 14828 14802 14731 14648 14601 14585
15068 15066 15050 14873 14920 14930 14935 14955 14891 14864 14827 14769 14786 14743 14724 14746 14756 14672 14656 14568 14511
15035 15045 14896 14938 14957 14946 14933 14930 14956 14800 14715 14719 14734 14738 14746 14736 14623 14572 14567 14503 14555
14887 14939 14960 14875 14863 14873 14867 14868 14963 14732 14733 14766 14765 14752 14712 14592 14562 14593 14613 14543 14557
14933 14956 14939 14907 14895 14882 14878 14987 0 14821 14821 14873 14874 14836 14705 14708 14640 14615 14565 14561 14627
15045 15022 14983 14954 14941 14940 14937 14905 14840 14840 14797 14850 14866 14785 14718 14706 14601 14601 14580 14580 14597
