inst/extdata/modis/lst/modgrid/Lat43.00075Lon-78.78820Start2001-01-01End2013-12-31___MOD11A2/GRID_Lat43.00075Lon-78.78820Start2001-01-01End2013-12-31___MOD11A2_LST_Day_1km_A2007305.asc
ncols		 21
nrows		 21
xllcorner	 -6416881.12
yllcorner	 4772121.02
cellsize	 926.625433055834
NODATA_value	 0
14182 14171 14253 14255 14301 14285 14190 14137 14140 14116 14110 14094 14117 14127 14182 14165 14153 14176 14181 14144 14147
14139 14094 14072 14099 14119 14203 14194 14188 14161 14187 14191 14202 14137 14151 14167 14168 14303 14310 14215 14144 14163
14174 14063 14054 14251 14111 14199 14195 14176 14195 14196 14135 14150 14198 14219 14180 14184 14183 14154 14293 14295 14250
14105 14031 14052 14090 14234 14197 14194 14221 14230 14163 14166 14212 14227 14221 14185 14184 14292 14292 14287 14243 14165
14056 14094 14163 14172 14184 14250 14225 14238 14244 14247 14219 14217 14213 14189 14200 14201 14275 14252 14269 14285 14293
14106 14191 14199 14210 14203 14210 14239 14263 14258 14314 14281 14175 14178 14221 14238 14222 14281 14280 14299 14215 14251
14184 14192 14206 14198 14184 14222 14252 14271 14340 14294 14178 14182 14212 14243 14255 14325 14303 14308 14275 14227 14256
14168 14181 14185 14192 14227 14251 14274 14361 14343 14299 14291 14297 14324 14337 14327 14321 14323 14307 14297 14313 14311
14171 14180 14208 14224 14245 14266 14364 14356 14339 14327 14352 14346 14330 14314 14327 14352 14332 14327 14339 14330 14320
14184 14216 14232 14257 14363 14367 14355 14349 14365 14380 14380 14338 14341 14343 14343 14348 14337 14338 14312 14288 14221
14181 14209 14239 14359 14365 14370 14374 14384 14399 14393 14323 14316 14334 14343 14357 14359 14357 14334 14290 14230 14227
14180 14165 14315 14360 14366 14374 14366 14416 14396 14369 14350 14350 14355 14364 14371 14358 14333 14335 14368 14355 14318
14140 14255 14338 14358 14359 14368 14421 14409 14383 14372 14378 14373 14369 14362 14348 14327 14326 14245 14242 14221 14193
14308 14328 14340 14335 14354 14374 14359 14341 14347 14347 14349 14354 14345 14316 14291 14296 14225 14233 14206 14195 14190
14314 14357 14365 14367 14365 14337 14329 14340 14336 14326 14327 14327 14304 14286 14283 14215 14231 14202 14196 14189 14183
14352 14371 14367 14367 14345 14336 14336 14334 14330 14311 14320 14299 14281 14265 14297 14309 14281 14272 14232 14217 14197
14390 14387 14360 14347 14341 14343 14314 14306 14300 14308 14302 14302 14300 14298 14298 14346 14325 14285 14198 14174 14168
14355 14384 14393 14344 14336 14312 14307 14301 14326 14330 14338 14318 14347 14346 14327 14314 14275 14290 14162 14160 14151
14375 14406 14397 14377 14356 14353 14388 14365 14357 14363 14360 14368 14366 14345 14324 14280 14271 14152 14155 14146 14280
14379 14388 14377 14361 14360 14358 14373 14371 14393 14392 14393 14392 14385 14366 14332 14317 14308 14298 14289 14286 14299
14384 14371 14353 14364 14363 14405 14419 14424 14422 14410 14397 14392 14376 14342 14317 14302 14298 14293 14293 14300 14294
