inst/extdata/modis/lst/modgrid/Lat43.00075Lon-78.78820Start2001-01-01End2013-12-31___MOD11A2/GRID_Lat43.00075Lon-78.78820Start2001-01-01End2013-12-31___MOD11A2_LST_Day_1km_A2008129.asc
ncols		 21
nrows		 21
xllcorner	 -6416881.12
yllcorner	 4772121.02
cellsize	 926.625433055834
NODATA_value	 0
15043 15032 15023 15012 15032 15018 14970 14952 14937 14874 14897 14930 14907 14873 14834 14732 14763 14811 14818 14800 14774
14728 14814 14857 14899 14897 14888 14857 14863 14840 14806 14849 14872 14896 14907 14887 14843 14826 14800 14786 14778 14768
14469 14538 14533 14512 14557 14600 14692 14771 14789 14799 14829 14865 14901 14916 14928 14853 14788 14751 14739 14730 14764
14398 14488 14500 14521 14497 14440 14498 14642 14783 14860 14864 14923 14959 14946 14870 14790 14753 14715 14698 14741 14762
14714 14736 14735 14694 14622 14525 14444 14572 14811 14960 14990 14974 14943 14883 14837 14817 14724 14661 14678 14736 14767
14832 14856 14822 14767 14688 14589 14501 14646 14925 15011 14932 14870 14846 14891 14924 14857 14705 14660 14755 14793 14811
14877 14890 14921 14843 14708 14623 14623 14899 15033 14953 14868 14852 14917 14975 14967 14802 14736 14810 14798 14828 14807
14812 14799 14806 14789 14745 14633 14838 15015 14985 14910 14864 14914 14963 14997 14878 14821 14856 14826 14882 14860 14813
14763 14775 14786 14788 14738 14840 15032 14994 14943 14899 14969 14990 14956 14913 14903 14935 14948 14944 14867 14861 14896
14703 14697 14715 14864 14996 15058 15025 14997 15000 15074 15061 15004 14975 14983 14994 15011 14948 14851 14871 14918 14915
14716 14846 14973 15033 15068 15052 15043 15046 15107 15103 15032 15007 14968 14939 14985 14989 14935 14942 14970 14958 14898
14875 14970 15026 15057 15055 15095 15116 15147 15169 15076 15038 15008 14973 14997 15067 15053 15005 15022 14983 14980 14896
15016 15063 15082 15085 15118 15136 15162 15174 15134 15058 15044 15019 15004 15034 15041 15005 14993 15063 15060 14868 14825
15092 15128 15129 15131 15131 15154 15140 15124 15065 15036 15026 14969 14961 15026 14999 14979 15041 15068 14865 14923 14846
15145 15139 15117 15112 15118 15106 15092 15053 15038 15027 14992 14964 15043 14996 14983 15045 15086 14993 14914 14897 14777
15157 15135 15106 15130 15110 15078 15062 15062 15043 15028 15012 15009 15005 15012 15018 15085 15012 14947 14844 14745 14729
15122 15100 15110 15119 15070 15065 15069 15050 15045 15026 14971 14972 14993 14962 15014 14959 14894 14810 14760 14754 14768
15090 15114 15106 15111 15101 15066 15037 15035 15030 15011 14986 14977 14945 14935 14866 14826 14748 14764 14785 14777 14805
15123 15093 15097 15067 15039 15036 15043 15030 15030 15057 15025 14988 14950 14865 14820 14733 14702 14713 14746 14783 14765
15133 15114 15046 15000 15006 15032 15053 15064 15116 15086 15042 15021 14980 14940 14846 14788 14748 14764 14802 14785 14764
15120 15072 15030 15029 15045 15082 15104 15155 15108 15069 15075 15066 15026 14920 14845 14804 14761 14784 14797 14739 14757
