inst/extdata/modis/lst/modgrid/Lat43.00075Lon-78.78820Start2001-01-01End2013-12-31___MOD11A2/GRID_Lat43.00075Lon-78.78820Start2001-01-01End2013-12-31___MOD11A2_LST_Day_1km_A2003177.asc
ncols		 21
nrows		 21
xllcorner	 -6416881.12
yllcorner	 4772121.02
cellsize	 926.625433055834
NODATA_value	 0
15459 15445 15453 15425 15426 15418 15359 15305 15351 15305 15284 15317 15301 15278 15139 15062 15077 15110 15095 15071 15058
15194 15289 15323 15330 15327 15282 15241 15247 15222 15198 15242 15272 15294 15302 15277 15233 15213 15125 15118 15109 15040
14886 14908 14911 14945 14989 15025 15073 15140 15147 15179 15213 15251 15300 15314 15293 15237 15131 15116 15079 15065 15046
14838 14883 14891 14897 14887 14791 14815 14937 15183 15251 15261 15313 15347 15345 15270 15214 15082 15051 15027 15050 15070
15101 15130 15069 15039 14985 14930 14826 14926 15264 15347 15374 15370 15237 15187 15164 15106 15138 15075 15009 15041 15069
15206 15149 15121 15090 15052 14967 14850 15077 15250 15415 15259 15173 15153 15185 15215 15221 15042 15011 15048 15095 15121
15224 15235 15248 15192 15088 14975 14987 15346 15442 15275 15170 15154 15230 15276 15239 15121 15084 15127 15159 15172 15169
15085 15089 15181 15054 15058 15010 15303 15432 15285 15221 15175 15234 15312 15333 15216 15160 15193 15207 15221 15221 15159
15055 15073 15100 15096 15094 15324 15428 15298 15244 15213 15269 15300 15282 15244 15233 15248 15243 15241 15229 15200 15212
15109 15056 15066 15171 15376 15431 15425 15296 15302 15355 15368 15326 15324 15345 15310 15285 15223 15188 15198 15226 15223
15127 15216 15361 15419 15446 15440 15412 15415 15453 15419 15368 15354 15326 15276 15293 15276 15245 15245 15279 15307 15250
15259 15351 15409 15431 15425 15459 15480 15509 15556 15489 15393 15357 15284 15320 15334 15338 15318 15312 15353 15355 15240
15399 15444 15458 15440 15471 15491 15544 15592 15530 15410 15371 15313 15332 15352 15344 15293 15291 15370 15393 15251 15162
15486 15510 15501 15486 15487 15523 15558 15516 15456 15422 15375 15298 15306 15443 15274 15268 15423 15449 15234 15189 15176
15536 15463 15447 15453 15469 15485 15434 15391 15385 15373 15341 15290 15380 15273 15275 15417 15454 15286 15203 15181 15133
15511 15462 15451 15454 15481 15417 15375 15379 15383 15401 15393 15365 15384 15417 15426 15449 15408 15228 15168 15089 15077
15497 15477 15476 15493 15425 15376 15382 15384 15405 15409 15378 15385 15436 15382 15369 15332 15287 15224 15223 15197 15196
15475 15500 15520 15500 15444 15437 15417 15413 15436 15447 15412 15377 15329 15312 15241 15200 15148 15162 15212 15238 15219
15521 15547 15529 15475 15428 15432 15420 15439 15479 15490 15450 15364 15324 15269 15171 15104 15099 15141 15192 15175 15148
15535 15534 15492 15420 15442 15445 15462 15486 15519 15477 15393 15384 15365 15284 15179 15155 15149 15175 15193 15197 15180
15547 15513 15457 15449 15461 15502 15502 15510 15475 15426 15428 15433 15380 15290 15209 15184 15197 15193 15154 15161 15167
