inst/extdata/modis/lst/modgrid/Lat43.00075Lon-78.78820Start2001-01-01End2013-12-31___MOD11A2/GRID_Lat43.00075Lon-78.78820Start2001-01-01End2013-12-31___MOD11A2_LST_Day_1km_A2001201.asc
ncols		 21
nrows		 21
xllcorner	 -6416881.12
yllcorner	 4772121.02
cellsize	 926.625433055834
NODATA_value	 0
15251 15266 15379 15376 15359 15278 15264 15271 15272 15211 15154 15221 15218 15182 15132 15069 15097 15172 15197 15165 15071
15092 15148 15170 15156 15146 15149 15146 15086 15060 15092 15150 15206 15224 15183 15123 15133 15167 15227 15190 15094 15038
14828 14905 14942 14976 14988 14921 14962 14986 14995 15053 15093 15140 15178 15177 15180 15145 15100 15090 15050 15015 15034
14853 14853 14823 14864 14904 14866 14931 14992 15053 15092 15100 15172 15200 15186 15131 15073 15060 15028 14995 15016 15030
14948 14942 14947 14950 14899 14882 14845 14960 15083 15149 15161 15208 15176 15123 15087 15071 15010 14927 14943 14983 15016
15068 15058 15020 14953 14881 14873 14937 15043 15166 15194 15175 15105 15107 15156 15185 15110 14964 14935 14959 15022 15042
15143 15103 15095 15036 14973 14957 15014 15138 15211 15192 15105 15096 15184 15222 15192 15039 14988 15031 15071 15059 15037
15081 15063 15041 15031 15040 15044 15097 15277 15226 15146 15102 15167 15223 15243 15155 15088 15090 15102 15118 15091 15025
15038 15038 15049 15069 15081 15130 15267 15231 15164 15153 15203 15232 15219 15195 15179 15181 15187 15164 15137 15054 15027
15005 15017 15068 15127 15234 15284 15274 15231 15250 15294 15319 15287 15263 15213 15227 15213 15134 15082 15029 15084 15094
15022 15095 15190 15300 15318 15313 15296 15310 15335 15353 15321 15301 15225 15158 15176 15152 15106 15075 15129 15160 15142
15113 15199 15257 15294 15302 15316 15356 15384 15403 15373 15346 15302 15256 15197 15211 15232 15208 15162 15185 15213 15116
15284 15313 15330 15321 15325 15374 15405 15438 15405 15380 15304 15237 15237 15249 15241 15188 15181 15219 15242 15152 15116
15354 15375 15362 15361 15361 15383 15374 15366 15305 15280 15250 15203 15220 15244 15209 15180 15225 15233 15144 15090 15099
15399 15356 15337 15340 15364 15348 15301 15233 15174 15189 15156 15196 15219 15248 15216 15225 15217 15164 15077 15075 14993
15406 15370 15341 15317 15309 15228 15183 15145 15161 15178 15204 15202 15236 15249 15236 15301 15222 15084 15021 14941 14959
15395 15346 15324 15345 15275 15192 15168 15186 15199 15239 15219 15219 15223 15189 15152 15143 15078 15056 14967 14992 15002
15354 15351 15378 15370 15223 15262 15277 15279 15271 15264 15243 15202 15143 15130 15081 15017 14924 14966 15024 15033 15024
15371 15382 15369 15256 15250 15254 15311 15339 15319 15305 15185 15179 15154 15116 15030 14966 14944 14995 14965 14970 14969
15378 15355 15257 15253 15258 15335 15353 15324 15321 15237 15210 15206 15201 15141 15056 15021 14986 14984 14953 14936 14925
15342 15339 15320 15311 15316 15332 15332 15336 15274 15211 15212 15219 15196 15118 15076 15037 14992 14953 14928 14923 15020
