inst/extdata/modis/lst/modgrid/Lat43.00075Lon-78.78820Start2001-01-01End2013-12-31___MOD11A2/GRID_Lat43.00075Lon-78.78820Start2001-01-01End2013-12-31___MOD11A2_LST_Day_1km_A2011033.asc
ncols		 21
nrows		 21
xllcorner	 -6416881.12
yllcorner	 4772121.02
cellsize	 926.625433055834
NODATA_value	 0
13283 13366 13359 13289 13277 13260 13186 13250 13249 0 0 13157 13272 13272 0 13214 0 0 0 0 0
13416 13386 13288 13294 13244 13228 13237 13316 13340 13157 13155 13154 13155 13157 13141 13141 13141 13200 13258 0 0
13432 13275 13260 13406 13403 13403 13319 13314 13236 13158 13153 13153 13154 13149 13145 13220 13200 13199 13139 13139 0
13268 13309 13340 13408 13398 13282 13286 13257 13227 13203 13174 13154 13153 13153 13229 13242 13210 13141 13139 13153 13156
13303 13306 13261 13255 13256 13265 13423 13411 13233 13226 13181 13164 13158 13173 13223 13224 13209 13176 13164 13156 13156
13237 13191 13219 13240 13260 13432 13435 13276 13239 13178 13171 13171 13175 13204 13218 13224 13201 13187 13182 13173 13167
13176 13175 13175 13213 13257 13277 13289 13251 13222 13207 13187 13181 13185 13186 13194 13198 13190 13189 13190 13193 13187
13185 13182 13213 13212 13215 13242 13249 13230 13226 13221 13207 13200 13191 13192 13204 13203 13200 13197 13198 13196 13197
13206 13255 13242 13227 13240 13264 13260 13248 13223 13209 13208 13208 13211 13211 13208 13205 13206 13205 13203 13202 13209
13264 13257 13255 13245 13249 13257 13261 13227 13224 13218 13213 13214 13213 13213 13215 13215 13210 13206 13207 13207 13208
13274 13260 13241 13242 13242 13238 13228 13227 13226 13228 13226 13220 13216 13217 13221 13220 13219 13214 13209 13206 13205
13253 13238 13239 13240 13235 13229 13229 13229 13231 13230 13230 13230 13223 13221 13220 13220 13221 13222 13218 13206 13187
13240 13239 13238 13243 13240 13236 13235 13233 13232 13232 13228 13225 13227 13227 13209 13207 13216 13222 13208 13190 13189
13242 13242 13245 13244 13244 13251 13250 13245 13238 13222 13216 13218 13222 13195 13189 13191 13198 13190 13187 13190 13189
13245 13247 13247 13245 13246 13252 13254 13246 13211 13213 13216 13212 13182 13184 13186 13181 13164 13168 13175 13182 13173
13238 13245 13241 13220 13225 13236 13225 13203 13204 13206 13184 13174 13178 13182 13171 13163 13164 13164 13165 13166 13168
13222 13218 13213 13218 13219 13186 13179 13187 13195 13168 13161 13165 13173 13173 13167 13163 13165 13182 13173 13166 13197
13203 13197 13200 13202 13178 13176 13176 13179 13188 13179 13167 13176 13183 13181 13177 13182 13193 13191 13189 13207 13203
13197 13197 13187 13172 13173 13174 13188 13194 13192 13191 13204 13194 13186 13183 13200 13203 13200 13197 13204 13217 13202
13198 13198 13184 13175 13173 13209 13216 13209 13201 13214 13216 13212 13205 13207 13207 13206 13208 13211 13211 13210 13206
13210 13213 13207 13203 13226 13221 13219 13220 13225 13221 13218 13216 13214 13213 13211 13209 13209 13210 13210 13201 13195
