inst/extdata/modis/lst/modgrid/Lat43.00075Lon-78.78820Start2001-01-01End2013-12-31___MOD11A2/GRID_Lat43.00075Lon-78.78820Start2001-01-01End2013-12-31___MOD11A2_LST_Day_1km_A2011297.asc
ncols		 21
nrows		 21
xllcorner	 -6416881.12
yllcorner	 4772121.02
cellsize	 926.625433055834
NODATA_value	 0
14231 14235 14232 14222 14207 14207 14194 14154 14154 14154 14164 14167 14169 14164 14156 14141 14129 14121 14122 14111 14103
14001 14187 14172 14145 14146 14168 14154 14079 14077 14132 14150 14161 14165 14160 14149 14138 14122 14122 14114 14105 14096
13940 14137 14136 14138 14158 14156 14080 14074 14090 14097 14122 14142 14148 14155 14140 14127 14126 14113 14106 14094 14093
14112 14118 14118 14122 14119 14122 14138 14114 14112 14150 14153 14158 14163 14145 14132 14130 14113 14107 14096 14095 14104
14134 14133 14119 14114 14113 14136 14176 14176 14173 14167 14172 14178 14158 14145 14145 14137 14125 14088 14089 14103 14106
14130 14118 14116 14116 14132 14146 14147 14181 14191 14187 14181 14164 14159 14158 14157 14145 14101 14093 14103 14104 14113
14112 14112 14112 14131 14144 14144 14155 14172 14178 14178 14163 14164 14167 14180 14177 14145 14140 14140 14139 14133 14131
14071 14104 14131 14149 14149 14148 14162 14171 14175 14164 14162 14163 14164 14164 14154 14150 14153 14151 14143 14138 14142
14108 14140 14159 14157 14169 14194 14178 14177 14174 14177 14180 14176 14173 14167 14165 14174 14173 14170 14165 14162 14158
14156 14169 14169 14186 14189 14176 14176 14180 14183 14189 14190 14193 14195 14190 14185 14182 14168 14162 14160 14159 14156
14158 14158 14175 14181 14174 14176 14186 14190 14203 14205 14200 14199 14195 14192 14188 14177 14174 14170 14170 14171 14169
14150 14167 14174 14175 14189 14203 14206 14219 14211 14199 14195 14201 14204 14201 14195 14193 14192 14191 14187 14180 14164
14178 14184 14197 14202 14208 14211 14226 14219 14205 14199 14203 14204 14200 14194 14193 14194 14195 14195 14192 14178 14149
14205 14209 14211 14219 14218 14219 14215 14201 14202 14198 14196 14192 14188 14191 14192 14191 14188 14187 14180 14148 14108
14238 14233 14229 14227 14226 14213 14254 14194 14192 14188 14187 14189 14194 14196 14196 14192 14190 14174 14111 14108 14108
14295 14290 14291 14320 14220 14258 14258 14254 14252 14192 14188 14185 14187 14191 14195 14195 14155 14114 14111 14110 14088
14322 14308 14328 14321 14305 14286 14262 14201 14198 14190 14183 14182 14186 14193 14193 14155 14117 14150 14150 14141 14144
14317 14333 14327 14332 14331 14314 14217 14213 14203 14191 14185 14183 14178 14220 14133 14181 14171 14157 14147 14162 14162
14328 14335 14350 14344 14326 14224 14215 14207 14202 14197 14193 14185 14220 14216 14201 14184 14177 14179 14180 14174 14181
14337 14357 14354 14335 14223 14219 14215 14217 14218 14232 14270 14266 14252 14235 14237 14226 14209 14135 14132 14135 14151
14266 14355 14230 14227 14233 14233 14242 14298 14299 14281 14271 14261 14235 14235 14146 14140 14150 14152 14148 14164 14168
