inst/extdata/modis/lst/modgrid/Lat43.00075Lon-78.78820Start2001-01-01End2013-12-31___MOD11A2/GRID_Lat43.00075Lon-78.78820Start2001-01-01End2013-12-31___MOD11A2_LST_Day_1km_A2001313.asc
ncols		 21
nrows		 21
xllcorner	 -6416881.12
yllcorner	 4772121.02
cellsize	 926.625433055834
NODATA_value	 0
14308 14321 14347 14330 14329 14321 14299 14135 14134 14263 14279 14329 14338 14337 14323 14294 14239 14220 14196 14151 14146
14201 14255 14265 14277 14284 14281 14119 14123 14256 14261 14301 14329 14325 14326 14317 14298 14247 14224 14237 14247 14268
14175 14196 14191 14142 14162 14174 14222 14265 14276 14293 14317 14315 14312 14307 14295 14211 14227 14238 14253 14269 14218
14179 14193 14186 14163 14121 14118 14135 14227 14273 14315 14315 14312 14292 14282 14174 14180 14205 14236 14254 14204 14206
14222 14226 14183 14154 14131 14133 14170 14193 14209 14264 14317 14280 14273 14263 14200 14216 14227 14220 14180 14192 14215
14213 14175 14172 14270 14160 14149 14145 14194 14215 14300 14289 14269 14258 14275 14224 14219 14210 14205 14195 14239 14240
14273 14275 14272 14263 14160 14166 14242 14274 14304 14295 14266 14263 14276 14298 14223 14223 14232 14239 14264 14247 14250
14250 14252 14260 14251 14230 14228 14254 14289 14291 14269 14258 14262 14266 14255 14188 14197 14232 14226 14188 14202 14209
14204 14216 14220 14196 14195 14228 14249 14243 14228 14235 14252 14250 14241 14228 14236 14225 14209 14193 14212 14210 14264
14157 14154 14167 14184 14229 14206 14202 14238 14260 14269 14266 14250 14270 14278 14270 14270 14277 14216 14212 14250 14257
14167 14185 14211 14231 14226 14218 14259 14287 14297 14293 14281 14266 14264 14285 14289 14292 14290 14287 14281 14282 14272
14202 14222 14232 14238 14232 14257 14287 14301 14285 14253 14246 14248 14281 14300 14314 14320 14310 14307 14316 14309 14292
14188 14206 14232 14241 14268 14283 14290 14272 14251 14247 14254 14273 14310 14320 14327 14319 14315 14326 14328 14315 14263
14243 14268 14283 14297 14303 14296 14305 14292 14278 14278 14278 14305 14312 14318 14306 14303 14309 14309 14290 14283 14281
14309 14322 14314 14313 14317 14317 14312 14302 14298 14298 14310 14298 14307 14293 14294 14302 14316 14318 14294 14290 14255
14333 14324 14326 14325 14323 14311 14306 14300 14299 14306 14306 14299 14295 14309 14310 14313 14309 14282 14261 14263 14256
14345 14334 14332 14330 14314 14313 14318 14312 14302 14303 14291 14297 14318 14305 14303 14296 14264 14234 14256 14254 14252
14331 14332 14340 14336 14326 14324 14318 14310 14306 14293 14275 14279 14247 14279 14288 14263 14242 14269 14279 14281 14234
14343 14353 14358 14338 14320 14313 14313 14311 14300 14261 14276 14302 14301 14296 14280 14263 14257 14263 14270 14241 14263
14361 14361 14337 14318 14321 14321 14315 14310 14318 14323 14327 14323 14313 14296 14286 14277 14266 14267 14258 14272 14276
14376 14363 14337 14321 14319 14331 14337 14343 14351 14350 14340 14331 14322 14296 14272 14143 14143 14140 14140 14301 14274
