inst/extdata/modis/lst/modgrid/Lat43.00075Lon-78.78820Start2001-01-01End2013-12-31___MOD11A2/GRID_Lat43.00075Lon-78.78820Start2001-01-01End2013-12-31___MOD11A2_LST_Day_1km_A2006185.asc
ncols		 21
nrows		 21
xllcorner	 -6416881.12
yllcorner	 4772121.02
cellsize	 926.625433055834
NODATA_value	 0
15394 15258 15233 15221 15277 15219 15160 15174 15115 15121 15168 15177 15158 15117 15068 15066 15063 15048 15100 15040 14928
15067 15103 15103 15117 15121 15028 14983 15053 15013 15037 15066 15070 15076 15104 15117 15064 15017 15017 14978 14942 15049
14754 14813 14862 14948 14907 14834 14830 14851 14924 15001 14991 14979 15081 15105 15065 15012 14966 14956 14980 14955 14942
14754 14756 14770 14823 14890 14743 14759 14895 14953 15041 15059 15063 15084 15041 15077 14961 14933 14907 14920 14985 14909
14942 14879 14881 14906 14842 14854 14814 14886 15070 15267 15103 15083 15066 15127 15107 14996 14951 14936 14962 14924 14925
15042 15047 15017 14947 14848 14816 14858 15077 15216 15201 15162 15185 15198 15224 15220 15016 14939 15011 14938 14969 14993
15118 15106 15016 14957 14916 14904 15050 15168 15215 15158 15114 15122 15137 15239 15232 15115 15077 15099 15138 15164 14996
15009 14988 14994 14982 14978 15039 15122 15221 15165 15110 15092 15130 15177 15170 15126 15149 15150 15167 15164 15014 15137
14973 15043 15025 15033 15051 15128 15182 15182 15112 15108 15140 15166 15122 15110 15131 15206 15204 15201 15047 15042 15033
14954 15000 15183 15201 15164 15192 15195 15179 15170 15196 15232 15187 15163 15195 15309 15282 15227 14988 14991 15015 15019
15030 15087 15135 15209 15372 15328 15229 15228 15238 15361 15208 15206 15168 15203 15281 15265 15016 15022 15051 15053 15030
15119 15150 15212 15379 15327 15369 15389 15399 15372 15288 15323 15259 15204 15293 15323 15312 15286 15304 15161 15162 15119
15198 15225 15336 15327 15366 15413 15449 15385 15297 15395 15356 15285 15290 15312 15315 15302 15305 15343 15335 15283 15180
15365 15367 15339 15335 15377 15406 15433 15422 15387 15343 15281 15268 15280 15325 15300 15287 15324 15342 15290 15165 15112
15397 15422 15401 15353 15387 15385 15351 15325 15285 15270 15253 15225 15268 15295 15307 15341 15375 15301 15181 15139 15133
15436 15410 15394 15378 15375 15335 15296 15278 15278 15291 15282 15265 15309 15259 15277 15370 15328 15230 15087 15049 15076
15422 15409 15401 15397 15349 15303 15280 15289 15307 15311 15242 15279 15282 15252 15295 15244 15200 15187 15154 15099 15122
15421 15429 15396 15372 15345 15329 15331 15338 15355 15292 15272 15245 15285 15255 15198 15074 15071 15111 15094 15144 15158
15440 15449 15430 15367 15354 15354 15317 15345 15385 15385 15281 15308 15268 15209 15068 15039 14993 15022 15124 15106 15076
15432 15424 15402 15358 15302 15334 15361 15399 15401 15401 15294 15272 15296 15177 15121 15073 15058 15105 15125 15137 15086
15387 15367 15316 15306 15360 15313 15331 15379 15336 15314 15296 15315 15249 15186 15136 15105 15105 15123 15106 15106 15084
