inst/extdata/modis/lst/modgrid/Lat43.00075Lon-78.78820Start2001-01-01End2013-12-31___MOD11A2/GRID_Lat43.00075Lon-78.78820Start2001-01-01End2013-12-31___MOD11A2_LST_Day_1km_A2007265.asc
ncols		 21
nrows		 21
xllcorner	 -6416881.12
yllcorner	 4772121.02
cellsize	 926.625433055834
NODATA_value	 0
14943 15013 14995 15044 15043 15037 15067 14940 14971 14970 14987 15057 15054 15048 14997 14940 14944 14991 14984 14890 14938
14783 14790 14928 14757 14915 14910 14906 14922 14924 14943 14984 15019 15025 15005 14989 14974 14977 14974 14956 14927 14905
14645 14691 14658 14775 14693 14725 14765 14871 14922 14922 14946 14978 14969 14986 14990 14967 14949 14923 14985 14793 14881
14665 14653 14655 14682 14749 14685 14734 14780 14825 14977 14991 15011 15027 15006 15047 14912 14901 14883 14783 14873 14968
14735 14738 14841 14850 14760 14846 14733 14777 14963 15009 15030 15030 14991 14950 14965 14939 14877 14832 14844 14842 14971
14836 14836 14922 14901 14784 14801 14737 14901 14982 15050 14985 14942 14948 14995 15006 14933 14865 14852 14882 14990 15019
14856 14851 14947 14913 14864 14767 14854 14920 15016 15002 14965 14962 14999 15032 15015 15018 14899 14933 14954 14946 14943
14960 14923 14890 14782 14885 14807 14941 15019 15010 14990 14964 14980 15026 15007 14982 14939 14953 14972 14974 14966 14951
14921 14919 14885 14907 14936 14972 15034 15024 14999 14996 15006 14984 15012 14999 14991 14995 14992 14993 14994 14987 14974
14897 14876 14919 14938 15006 15040 15035 15027 15039 15044 15016 15010 14998 15016 15018 15011 14977 14949 14938 14949 14975
14904 14962 14986 15023 15039 15085 15098 15068 15084 15091 15068 15055 15068 15057 15053 15008 14988 14971 15107 15011 15022
14978 14992 15022 15042 15085 15094 15087 15113 15172 15148 15072 15079 15068 15070 15157 15119 15118 15144 15111 15105 15036
15062 15016 15028 15030 15062 15091 15123 15176 15165 15134 15118 15103 15098 15089 15069 15072 15068 15105 15114 15062 15000
15085 15037 15029 15200 15204 15109 15160 15161 15133 15118 15098 15056 15064 15066 15067 15061 15082 15093 15036 14995 14980
15120 15115 15111 15204 15199 15128 15123 15108 15092 15082 15048 15040 15044 15051 15059 15071 15097 15030 14994 14980 14939
15126 15113 15204 15196 15070 15099 15083 15083 15083 15091 15071 15045 15055 15076 15085 15106 15055 15001 14966 15039 15023
15090 15092 15055 15061 15098 15091 15088 15092 15096 15091 15048 15047 15064 15065 15067 15046 15018 15091 15064 15071 15057
15069 15052 15065 15105 15104 15080 15080 15099 15126 15098 15050 15025 15029 15034 14998 14966 15056 15052 14936 14948 14949
15203 15054 15070 15108 15109 15098 15109 15126 15125 15082 15160 15127 15123 14984 14933 14911 14901 14910 14934 14931 15005
15048 15054 15094 15093 15217 15215 15099 15124 15125 15189 15149 15161 15155 15177 15125 14930 14919 15027 14938 14949 14932
15047 15223 15218 15218 15232 15238 15150 15150 15211 15183 15186 15185 15167 15106 15060 14946 14931 14915 14925 14929 14926
