inst/extdata/modis/lst/modgrid/Lat43.00075Lon-78.78820Start2001-01-01End2013-12-31___MOD11A2/GRID_Lat43.00075Lon-78.78820Start2001-01-01End2013-12-31___MOD11A2_LST_Day_1km_A2002073.asc
ncols		 21
nrows		 21
xllcorner	 -6416881.12
yllcorner	 4772121.02
cellsize	 926.625433055834
NODATA_value	 0
13993 13993 14244 14244 14244 0 0 0 0 0 0 14307 14337 14367 14332 14292 14172 14173 14294 0 0
13977 14100 14007 13952 13866 13921 14063 14175 14175 0 0 0 14301 14167 14319 14181 14052 0 0 0 0
13890 13895 13860 13844 13871 13886 13932 14047 13999 13999 14040 14171 14161 14164 14318 14316 0 0 0 0 14244
13938 13947 13919 13824 13835 13851 13912 13818 13837 14040 14040 14162 14162 14316 14316 0 0 0 14229 14236 14102
13998 14119 14119 13902 13867 13830 13769 13824 13963 14002 0 0 0 0 0 0 0 14232 14234 14257 14352
14119 14119 0 0 0 13827 13963 13963 0 0 0 0 0 0 0 0 14276 14260 14302 14356 14373
0 0 0 0 0 0 0 0 0 0 14324 0 0 0 14338 14308 14297 14346 14370 14392 14403
0 0 14001 14001 14001 0 0 0 0 14324 14324 14329 14337 14338 14330 14326 14368 14383 14420 14423 14447
0 14058 14049 0 0 0 0 0 14354 14343 14341 14337 14353 14363 14367 14378 14395 14438 14442 14460 14465
14066 14066 0 0 0 0 0 14364 14364 14398 14399 14385 14379 14387 14395 14425 14447 14456 14464 14466 14474
0 0 0 0 0 0 0 14413 14429 14420 14407 14400 14385 14386 14441 14450 14469 14478 14363 14363 14472
0 0 0 0 14381 14381 14413 14444 14441 14454 14443 14410 14398 14459 14461 14507 14500 14373 14374 14503 14495
0 0 0 14410 14397 14428 14466 14487 14498 14467 14436 14442 14468 14475 14517 14517 14525 14446 14455 14526 14431
0 14397 14411 14426 14468 14478 14507 14522 14493 14474 14465 14465 14486 14519 14519 14522 14449 14466 14556 14474 14363
14401 14405 14428 14473 14488 14523 14522 14485 14476 14467 14462 14480 14493 14510 14519 14542 14568 14398 14357 14354 14315
14409 14442 14471 14487 14504 14502 14485 14482 14476 14474 14483 14487 14507 14515 14536 14552 14376 14352 14335 14298 14300
14442 14463 14483 14491 14489 14485 14484 14477 14478 14484 14484 14486 14489 14491 14522 14342 14323 14295 14306 14331 14326
14448 14475 14490 14500 14497 14490 14481 14467 14472 14474 14473 14461 14442 14450 14327 14322 14405 14306 14347 14332 14300
14463 14476 14501 14499 14483 14478 14461 14459 14462 14457 14458 14458 14470 14482 14332 14317 14304 14309 14321 14286 14277
14486 14501 14494 14483 14471 14458 14460 14472 14476 14487 14485 14503 14506 14391 14363 14315 14312 14325 14341 14335 14314
14497 14494 14492 14488 14480 14486 14487 14492 14515 14515 14527 14529 14413 14409 14330 14321 14315 14313 14322 14336 14482
