inst/extdata/modis/lst/modgrid/Lat43.00075Lon-78.78820Start2001-01-01End2013-12-31___MOD11A2/GRID_Lat43.00075Lon-78.78820Start2001-01-01End2013-12-31___MOD11A2_LST_Day_1km_A2001129.asc
ncols		 21
nrows		 21
xllcorner	 -6416881.12
yllcorner	 4772121.02
cellsize	 926.625433055834
NODATA_value	 0
14951 14989 14995 14976 14966 14947 14981 14930 14923 14904 14890 14915 14906 14890 14858 14839 14840 14869 14876 14869 14861
14735 14816 14863 14834 14840 14870 14863 14821 14825 14821 14867 14887 14895 14900 14883 14860 14861 14848 14842 14843 14841
14354 14405 14385 14577 14452 14507 14611 14686 14713 14759 14840 14859 14913 14925 14895 14879 14831 14819 14819 14824 14835
14416 14400 14422 14449 14562 14441 14464 14602 14723 14856 14878 14932 14949 14941 14891 14827 14804 14785 14762 14813 14838
14608 14658 14634 14579 14538 14584 14474 14577 14767 14855 14966 14960 14944 14882 14836 14828 14793 14734 14767 14800 14848
14745 14749 14770 14756 14686 14606 14595 14645 14860 14977 14921 14889 14862 14872 14888 14837 14751 14737 14770 14841 14854
14838 14819 14833 14778 14723 14672 14649 14868 14982 14913 14888 14856 14872 14908 14875 14814 14772 14800 14854 14863 14873
14746 14812 14803 14773 14740 14725 14871 14947 14922 14900 14861 14867 14956 14922 14892 14849 14861 14878 14900 14899 14840
14735 14744 14785 14774 14774 14818 14909 14971 14882 14862 14878 14936 14936 14923 14922 14929 14920 14927 14937 14877 14877
14674 14639 14743 14794 14849 14987 15004 14913 14919 14950 14990 14978 14960 14955 14965 14966 14920 14807 14794 14806 14876
14635 14782 14861 14911 15031 15025 15023 14986 15018 15030 15014 14994 14967 14963 14969 14970 14839 14864 14876 14941 14959
14878 14927 14973 14983 14991 14995 15014 15043 15116 15047 15032 15011 14995 15001 15008 14946 14909 14906 14970 14996 14972
14882 14929 15013 15011 15019 15048 15116 15128 15059 15007 14955 14942 15008 15017 15019 14952 14949 14991 15014 14989 14915
14977 15113 15128 15068 15070 15068 15015 15051 14999 14949 14932 14978 14992 15014 14938 14924 14967 15013 14992 14927 14905
15157 15090 15078 15081 15072 14993 14982 14948 14986 14978 14961 14966 14993 15004 14992 14938 15023 14995 14916 14894 14848
15129 15105 15095 15080 15045 14959 14918 14963 14972 14982 14986 14985 14998 15016 15031 15030 15008 14938 14894 14844 14828
15145 15128 15117 15088 14988 14938 14986 14993 15003 15007 14995 15001 15028 15025 15015 14986 14936 14894 14871 14869 14880
15104 15114 15120 15106 15052 15033 15025 15026 15048 15038 15014 14992 14990 14917 14871 14851 14837 14849 14880 14910 14904
15124 15148 15140 15092 15072 15055 15060 15071 15078 15066 15047 15008 14925 14867 14827 14791 14788 14833 14881 14887 14859
15142 15128 15094 15073 15055 15077 15095 15111 15106 15083 15040 14951 14949 14943 14873 14838 14832 14854 14881 14880 14884
15140 15109 15080 15068 15094 15124 15145 15145 15116 15081 15073 15075 14984 14913 14886 14868 14863 14876 14887 14896 14894
