inst/extdata/modis/lst/modgrid/Lat43.00075Lon-78.78820Start2001-01-01End2013-12-31___MOD11A2/GRID_Lat43.00075Lon-78.78820Start2001-01-01End2013-12-31___MOD11A2_LST_Day_1km_A2007001.asc
ncols		 21
nrows		 21
xllcorner	 -6416881.12
yllcorner	 4772121.02
cellsize	 926.625433055834
NODATA_value	 0
13905 13900 13912 13906 13906 13901 13901 13899 13937 13938 13946 13947 13958 13958 13955 13945 13938 13935 13931 13925 13926
13887 13903 13903 13903 13899 13901 13898 13897 13906 13911 13923 13954 13957 13958 13952 13935 13931 13931 13930 13929 13935
13870 13872 13873 13868 13881 13882 13885 13892 13900 13917 13950 13953 13956 13954 13935 13932 13932 13932 13934 13934 13932
13864 13862 13849 13843 13843 13857 13867 13873 13890 13952 13955 13959 13965 13954 13949 13943 13942 13938 13937 13932 13931
13879 13878 13878 13874 13871 13878 13892 13904 13952 13956 13960 13967 13956 13954 13954 13955 13947 13943 13936 13932 13932
13893 13894 13894 13886 13882 13888 13902 13932 13934 13935 13954 13947 13946 13962 13964 13960 13956 13951 13948 13944 13937
13894 13900 13900 13892 13890 13904 13934 13937 13940 13959 13954 13952 13960 13960 13960 13959 13960 13958 13953 13944 13945
13905 13914 13906 13903 13920 13963 13965 13965 13965 13963 13963 13968 13966 13968 13967 13973 13974 13970 13966 13970 13974
13933 13950 13946 13950 13973 13964 13966 13965 13966 13967 13972 13972 13987 13988 13985 13983 13984 13985 13986 13988 13980
13964 13967 13969 13989 13979 13974 13969 13961 13968 13974 13972 13975 13985 13986 13986 13994 14003 13999 13995 13978 13967
13964 13950 13977 13974 13973 13970 13965 13971 13976 13976 13969 13976 13982 13983 13990 14001 14004 14005 13991 13986 13981
13938 13972 13975 13975 13971 13969 13975 13985 13980 13957 13946 13956 13962 13992 13994 13995 13997 13992 13993 13991 13979
13968 13978 13981 13991 13997 13997 13996 13992 13980 13959 13959 13959 13987 13992 13992 13990 13981 13978 13985 13979 13974
13981 13986 13997 13999 14000 14000 13995 13988 13969 13967 13968 13981 13985 13981 13980 13980 13979 13980 13978 13975 13963
13989 14001 14001 14001 14003 14004 13981 13976 13970 13971 13981 13984 13977 13976 13977 13977 13980 13980 13973 13967 13945
14010 14006 14000 13998 13999 13979 13975 13972 13972 13976 13977 13968 13964 13968 13968 13972 13895 13886 13948 13929 13923
14008 14000 13998 13991 13982 13972 13973 13970 13966 13966 13961 13960 13963 13964 13969 13894 13883 13940 13926 13921 13919
14001 14001 14004 13999 13994 13991 13979 13963 13956 13950 13949 13953 13956 13970 13966 13957 13953 13940 13936 13931 13924
13993 14004 14007 14000 13996 13983 13975 13961 13948 13949 13958 13961 13971 13969 13957 13954 13940 13878 13874 13864 13924
13996 13997 13991 13993 13910 13909 13905 13957 13958 13964 13966 13907 13905 13955 13952 13937 13877 13872 13864 13862 13876
14008 13921 13919 13919 13913 13907 13910 13964 13972 13914 13914 13912 13912 13908 13937 13938 13867 13866 13877 13882 13890
