inst/extdata/modis/lst/modgrid/Lat43.00075Lon-78.78820Start2001-01-01End2013-12-31___MOD11A2/GRID_Lat43.00075Lon-78.78820Start2001-01-01End2013-12-31___MOD11A2_LST_Day_1km_A2001249.asc
ncols		 21
nrows		 21
xllcorner	 -6416881.12
yllcorner	 4772121.02
cellsize	 926.625433055834
NODATA_value	 0
15117 15141 15164 15084 15094 15085 15083 15092 15142 15144 15146 15151 15156 15129 15100 15063 15073 15098 15128 15111 15083
15023 15086 14975 14993 15002 15026 15031 15028 15047 15068 15106 15126 15128 15114 15086 15069 15074 15091 15080 15067 15046
14848 14815 14855 14901 14885 14911 14933 14979 14985 15001 15042 15068 15088 15092 15082 15094 15091 14981 14953 15006 15005
14741 14747 14781 14830 14843 14848 14867 14897 14993 15030 15070 15102 15107 15102 15054 15006 14996 14956 14894 14975 14979
14832 14864 14885 14894 14830 14856 14838 14918 15018 15058 15089 15083 15075 15044 15016 14994 14944 14903 14865 14896 14959
14982 15013 14983 14892 14866 14847 14868 14990 15053 15100 15056 15023 15059 15076 15050 15011 14849 14856 14879 14958 14996
15047 15053 15041 14991 14935 14917 15009 15074 15147 15097 15069 14981 15016 15015 15007 14916 14901 14922 14958 15020 15076
15022 15024 15000 14981 15026 15024 15068 15138 15115 15077 15059 15074 15026 15043 15010 14972 14966 14989 15109 15111 15101
14970 14990 15001 15019 15037 15076 15141 15151 15104 15090 15098 15026 15020 15033 15054 15054 15137 15018 15132 15127 15136
14968 14968 15019 15087 15109 15151 15153 15145 15123 15134 15098 15074 15101 15091 15094 15164 15139 15121 15120 15130 15156
15005 15052 15184 15181 15184 15203 15200 15163 15094 15102 15129 15141 15121 15091 15176 15159 15152 15156 15162 15197 15194
15073 15223 15196 15207 15210 15240 15250 15242 15272 15228 15158 15149 15124 15214 15216 15203 15209 15201 15224 15237 15193
15264 15210 15210 15171 15194 15205 15225 15262 15246 15178 15118 15113 15201 15200 15199 15199 15198 15230 15245 15204 15091
15218 15219 15213 15177 15175 15189 15296 15256 15208 15100 15078 15086 15159 15212 15202 15124 15163 15229 15165 15081 15070
15296 15209 15165 15158 15167 15217 15117 15161 15153 15129 15073 15065 15175 15199 15144 15242 15238 15193 15143 15119 15048
15229 15223 15218 15236 15222 15117 15159 15145 15147 15080 15014 15035 15133 15223 15233 15252 15225 15174 15122 15033 15018
15260 15207 15162 15164 15161 15192 15168 15164 15086 15093 15051 15113 15164 15208 15214 15201 15168 15140 15062 15054 15033
15200 15246 15252 15255 15232 15215 15204 15206 15137 15100 15107 15134 15192 15181 15146 15118 15029 15051 15062 15053 15015
15250 15199 15298 15254 15234 15151 15184 15204 15302 15303 15261 15221 15224 15109 15089 15061 14995 15015 15052 15037 15082
15194 15204 15204 15192 15175 15294 15216 15224 15331 15311 15296 15199 15152 15146 15086 15052 15102 15062 15066 15068 15135
15202 15268 15195 15181 15303 15248 15346 15349 15330 15309 15297 15249 15232 15132 15060 15085 15076 15065 15057 15137 15134
