inst/extdata/modis/lst/modgrid/Lat43.00075Lon-78.78820Start2001-01-01End2013-12-31___MOD11A2/GRID_Lat43.00075Lon-78.78820Start2001-01-01End2013-12-31___MOD11A2_LST_Day_1km_A2002153.asc
ncols		 21
nrows		 21
xllcorner	 -6416881.12
yllcorner	 4772121.02
cellsize	 926.625433055834
NODATA_value	 0
15082 15095 15109 15089 15102 15087 15050 15026 14994 14920 14918 14950 14939 14916 14895 14815 14823 14866 14863 14846 14824
14919 14973 14977 14973 14961 14948 14891 14890 14879 14870 14909 14914 14950 14955 14910 14889 14872 14856 14844 14841 14819
14615 14658 14700 14724 14723 14719 14755 14805 14827 14839 14875 14934 14980 14982 14950 14869 14855 14857 14831 14810 14837
14572 14604 14616 14643 14632 14604 14656 14745 14826 14890 14965 14991 15032 15018 14911 14878 14867 14839 14805 14832 14839
14733 14779 14785 14735 14680 14650 14625 14697 14908 15022 15044 15058 15010 14944 14915 14906 14848 14783 14797 14821 14840
14867 14874 14831 14770 14736 14700 14687 14849 15051 15064 15010 14954 14950 14970 14991 14929 14819 14790 14838 14863 14883
14888 14870 14859 14832 14776 14756 14773 15034 15081 15039 14973 14951 15012 15043 15023 14920 14860 14908 14924 14927 14937
14844 14834 14833 14826 14815 14800 14993 15083 15065 15013 14965 15001 15051 15065 14979 14934 14968 14972 14991 14990 14932
14817 14835 14852 14858 14877 14998 15109 15096 15056 15009 15029 15062 15052 15017 15010 15032 15033 15042 15035 15005 15006
14792 14797 14858 14959 15089 15133 15119 15095 15092 15118 15115 15075 15049 15067 15078 15074 15023 14998 15001 15015 15019
14811 14896 15037 15134 15147 15122 15101 15103 15133 15151 15100 15066 15051 15018 15061 15067 15047 15039 15048 15065 15029
14921 15019 15089 15104 15102 15106 15124 15155 15184 15128 15095 15086 15054 15083 15126 15124 15099 15077 15097 15110 15048
15078 15133 15140 15124 15116 15117 15214 15235 15193 15133 15103 15078 15093 15133 15117 15085 15087 15140 15140 15061 14970
15175 15189 15166 15145 15154 15177 15176 15167 15130 15107 15085 15064 15082 15134 15079 15056 15124 15121 15044 14992 14955
15224 15197 15160 15160 15171 15161 15117 15087 15080 15071 15046 15037 15065 15070 15045 15096 15134 15074 14992 14967 14924
15227 15211 15198 15204 15177 15103 15077 15077 15068 15075 15079 15059 15069 15079 15093 15132 15094 15006 14942 14884 14857
15249 15226 15225 15215 15128 15093 15095 15090 15082 15085 15064 15055 15069 15058 15051 15026 14961 14915 14897 14885 14856
15221 15223 15243 15204 15153 15128 15110 15091 15106 15094 15049 14999 14956 14959 14952 14893 14860 14907 14898 14884 14854
15235 15254 15219 15145 15109 15104 15088 15110 15120 15107 15080 15016 14999 14972 14885 14807 14791 14835 14853 14847 14840
15218 15221 15136 15078 15080 15095 15120 15136 15142 15112 15051 15074 15052 14965 14888 14867 14867 14843 14859 14875 14854
15232 15233 15201 15087 15112 15157 15172 15169 15145 15099 15117 15117 15040 14967 14913 14891 14839 14856 14861 14843 14804
