inst/extdata/modis/lst/modgrid/Lat43.00075Lon-78.78820Start2001-01-01End2013-12-31___MOD11A2/GRID_Lat43.00075Lon-78.78820Start2001-01-01End2013-12-31___MOD11A2_LST_Day_1km_A2006169.asc
ncols		 21
nrows		 21
xllcorner	 -6416881.12
yllcorner	 4772121.02
cellsize	 926.625433055834
NODATA_value	 0
15292 15308 15324 15291 15269 15244 15238 15335 15144 14964 14963 15003 14957 15013 14996 14962 15011 15073 15082 14976 15059
14718 15123 15110 15089 15188 15072 15048 15062 15100 15033 15051 15057 15036 15070 15022 15139 15182 15072 15029 15109 15013
14650 14641 14675 14812 14791 14785 14835 14901 15082 15122 15158 15174 15087 15144 15374 15336 15283 15220 15136 15110 15118
14577 14675 14724 14756 14746 14774 14840 15087 15249 15254 15225 15226 15299 15363 15320 15247 15188 15111 15033 15076 15133
14889 14889 14911 14924 14872 14834 14753 14785 15015 15258 15288 15318 15302 15248 15215 15165 15090 14884 14914 14963 15139
15030 15079 15061 15036 14996 14779 14765 14902 14969 0 15069 15096 15193 15233 15363 15002 14857 14840 14938 14964 15022
15078 15079 15113 15095 14935 14888 14873 14985 15240 15153 15131 15281 15386 15399 15029 14894 14863 14954 14988 15020 15031
15044 15076 15076 15140 15040 14974 14955 15249 15290 15233 15204 15234 15295 15127 15047 15010 14978 14983 15038 15057 15059
14973 15068 15131 15125 15079 15256 15371 15373 15229 15236 15272 15303 15095 15126 15067 15045 14877 15065 15076 15094 15118
14965 15028 15111 15239 15373 15397 15402 15352 15345 15379 15370 15109 15128 15164 15166 15081 15056 15019 15038 15054 15076
15059 15175 15308 15430 15453 15448 15415 15402 15431 15445 15328 15147 15169 15138 15158 15075 15050 15090 15128 15160 15166
15206 15294 15407 15420 15437 15457 15460 15476 15500 15411 15355 15286 15146 15161 15131 15126 15164 15157 15197 15220 15115
15293 15410 15406 15431 15460 15371 15388 15526 15471 15358 15192 15138 15100 15131 15113 15084 15134 15195 15223 15043 14935
15343 15448 15453 15457 15406 15428 15478 15457 15370 15158 15077 15068 15054 15004 15036 15111 15164 15167 15038 14993 14981
15494 15436 15435 15395 15410 15422 15265 15259 15143 15045 15024 15004 14983 15011 15023 15047 15165 15310 15132 15005 14979
15422 15420 15370 15382 15378 15251 15230 15111 14843 14843 14845 14833 14814 14814 14814 0 0 15201 15106 14970 14954
15463 15512 15536 15523 15438 15091 15391 14816 14830 14840 0 0 0 14814 15030 0 15205 15213 15254 15041 15108
15515 15568 15576 15546 15508 15460 15439 14798 14818 0 0 0 0 15030 15043 15074 14928 15090 15126 15388 15401
15585 15617 15606 15554 15499 15463 14798 0 0 0 0 0 0 15124 14926 14911 14939 14999 15059 15160 15149
15624 15615 15575 15526 15364 15217 0 0 15355 15276 15114 15217 15307 15155 14994 15008 15000 15046 15302 15152 15068
15480 15447 15388 15385 15257 15296 15397 15369 15260 15272 15343 15377 15318 15198 15146 15133 15126 15069 15076 14982 14977
