inst/extdata/modis/lst/modgrid/Lat43.00075Lon-78.78820Start2001-01-01End2013-12-31___MOD11A2/GRID_Lat43.00075Lon-78.78820Start2001-01-01End2013-12-31___MOD11A2_LST_Day_1km_A2012305.asc
ncols		 21
nrows		 21
xllcorner	 -6416881.12
yllcorner	 4772121.02
cellsize	 926.625433055834
NODATA_value	 0
13889 13946 13990 13881 13908 13959 13922 13911 13907 13900 13910 13909 13912 13918 13920 13891 13870 13886 13892 13869 13879
13944 13944 13876 13877 13875 13837 13830 13869 13828 13874 13891 13896 13910 13917 13892 13869 13879 13878 13851 13870 13875
13888 13904 13854 13994 13848 13840 13836 13826 13813 13828 13836 13905 13912 13896 13876 13854 13864 13877 13880 13875 13843
13894 13896 13883 13860 13948 13865 13855 13843 13845 13905 13911 13921 13908 13885 13851 13851 13860 13863 13866 13828 13817
13956 13956 13944 13907 13892 0 13840 13895 13945 13921 13928 13908 13885 13871 13861 13877 13862 13839 13817 13816 13823
13949 13941 13931 13899 13799 13834 13972 13952 13913 13916 13898 13873 13870 13909 13905 13873 13840 13808 13814 13825 13836
13929 13922 13913 13866 13872 13904 13916 13894 13901 13893 13854 13858 13901 13911 13898 13882 13874 13867 13858 13859 13861
13901 13892 13880 13866 13885 13900 13892 13901 13892 13838 13848 13868 13884 13902 13888 13872 13875 13847 13871 13887 13898
13883 13886 13915 13931 13946 13928 13884 13866 13821 13827 13842 13854 13870 13882 13945 13971 13873 13882 13895 13903 13916
13932 13949 13931 13931 13921 13857 13827 13819 13828 13841 13851 13884 13917 13944 13978 13872 13852 13859 13870 13879 13890
13919 13896 13888 13875 13837 13813 13803 13815 13797 13836 13871 13881 13885 13875 13820 13833 13841 13869 13898 13906 13882
13905 13860 13836 13836 13827 13794 13794 13793 13793 0 13885 13885 13875 13880 13828 13842 13877 13898 13915 13924 13916
13902 13834 13832 13825 13781 13772 0 0 0 0 0 0 0 0 13870 13874 13886 13909 13919 13913 13892
13838 13807 13821 13768 13743 13733 0 0 0 0 0 0 0 13830 13841 13836 13859 13878 13884 13867 13857
13829 13767 13762 13733 13733 0 0 0 0 0 0 0 13826 13831 13816 13826 13851 13846 13821 13811 13760
0 0 0 0 0 0 0 0 0 0 13648 13682 13728 13771 13785 13794 13801 13819 13785 13732 13732
0 0 0 0 0 0 0 0 0 13648 13679 13708 13754 13765 13778 13786 13754 13718 13731 13734 13738
0 0 0 0 0 0 0 0 0 0 13721 13747 13739 13745 13756 13738 13716 13729 13732 13731 13804
0 0 0 0 0 0 0 13839 13839 13886 13835 13849 13847 13743 13731 13713 13697 13694 13714 13796 13796
0 0 0 0 0 0 13814 13822 13877 13833 13850 13868 13862 13840 13816 13872 13774 13750 13742 13703 13705
0 0 0 0 0 13775 13775 13794 13802 13808 13830 13840 13833 13876 13859 13851 13787 13729 13675 13677 13683
