inst/extdata/modis/lst/modgrid/Lat43.00075Lon-78.78820Start2001-01-01End2013-12-31___MOD11A2/GRID_Lat43.00075Lon-78.78820Start2001-01-01End2013-12-31___MOD11A2_LST_Day_1km_A2010105.asc
ncols		 21
nrows		 21
xllcorner	 -6416881.12
yllcorner	 4772121.02
cellsize	 926.625433055834
NODATA_value	 0
14744 14756 14776 14770 14780 14777 14641 14638 14630 14601 14578 14591 14591 14584 14569 14545 14534 14524 14532 14518 14497
14480 14572 14598 14614 14620 14619 14537 14563 14564 14556 14574 14586 14593 14599 14570 14552 14536 14524 14532 14516 14526
14147 14193 14303 14317 14326 14254 14311 14416 14567 14419 14518 14546 14568 14582 14572 14551 14528 14512 14503 14503 14515
14196 14213 14197 14200 14324 14209 14216 14306 14415 14509 14562 14580 14606 14607 14571 14543 14511 14490 14487 14502 14523
14457 14482 14457 14416 14295 14428 14194 14239 14447 14575 14694 14705 14597 14570 14558 14542 14506 14475 14486 14511 14537
14551 14556 14528 14520 14483 14399 14253 14371 14528 14700 14596 14552 14559 14587 14599 14588 14514 14505 14538 14563 14581
14631 14587 14587 14559 14514 14388 14370 14503 14723 14726 14554 14566 14613 14644 14623 14561 14554 14569 14572 14581 14582
14483 14486 14563 14558 14442 14391 14486 14714 14731 14648 14578 14614 14644 14667 14780 14606 14611 14613 14616 14654 14631
14469 14481 14453 14448 14465 14515 14741 14731 14713 14643 14673 14644 14641 14651 14664 14743 14734 14651 14692 14683 14685
14436 14373 14396 14442 14666 14769 14762 14673 14694 14726 14891 14860 14853 14758 14731 14718 14696 14663 14678 14688 14725
14436 14501 14568 14681 14709 14708 14703 14725 14750 14845 14817 14718 14700 14704 14718 14720 14705 14702 14711 14751 14721
14706 14641 14672 14701 14711 14803 14832 14852 14877 14836 14723 14714 14698 14720 14815 14742 14742 14739 14747 14733 14686
14654 14694 14719 14718 14812 14828 14852 14879 14857 14742 14730 14702 14785 14821 14826 14746 14739 14764 14758 14731 14641
14811 14823 14822 14822 14829 14865 14876 14848 14833 14824 14798 14789 14805 14824 14810 14719 14821 14811 14809 14665 14652
14840 14833 14838 14833 14844 14847 14835 14829 14813 14805 14793 14785 14815 14812 14800 14812 14814 14699 14697 14686 14668
14873 14861 14846 14857 14842 14817 14807 14820 14825 14827 14825 14812 14811 14817 14817 14828 14783 14735 14617 14596 14571
14866 14850 14852 14852 14826 14810 14825 14825 14828 14830 14815 14815 14826 14810 14807 14672 14627 14598 14604 14603 14582
14841 14847 14866 14862 14843 14831 14819 14815 14833 14830 14808 14797 14786 14772 14638 14588 14567 14586 14607 14606 14590
14865 14888 14865 14846 14817 14816 14816 14829 14831 14835 14828 14809 14784 14747 14671 14635 14551 14557 14581 14578 14574
14877 14872 14844 14748 14751 14756 14769 14773 14872 14862 14839 14813 14795 14743 14625 14594 14572 14566 14569 14580 14581
14877 14849 14754 14750 14831 14848 14854 14877 14871 14854 14849 14836 14801 14668 14627 14597 14567 14553 14557 14567 14566
