inst/extdata/modis/lst/modgrid/Lat43.00075Lon-78.78820Start2001-01-01End2013-12-31___MOD11A2/GRID_Lat43.00075Lon-78.78820Start2001-01-01End2013-12-31___MOD11A2_LST_Day_1km_A2009193.asc
ncols		 21
nrows		 21
xllcorner	 -6416881.12
yllcorner	 4772121.02
cellsize	 926.625433055834
NODATA_value	 0
15151 15153 15207 15208 15201 15181 15082 15087 15123 15003 14983 14998 15001 14950 14975 14931 14934 14937 14972 14956 14858
14973 15034 15034 15032 15028 15018 14862 14951 14942 14944 14959 14982 14964 15009 14977 14956 14943 14948 14915 14873 14841
14794 14814 14824 14854 14763 14780 14815 14823 14825 14862 14882 14930 14977 14980 14997 14963 14949 14916 14870 14834 14817
14749 14763 14795 14802 14799 14750 14773 14863 14919 14955 15000 15030 14968 14970 14923 14884 14912 14808 14792 14808 14894
14855 14887 14888 14852 14811 14791 14717 14753 14986 15083 15098 15010 14976 14936 14904 14956 14877 14782 14801 14853 14873
14909 14921 14904 14885 14785 14747 14742 14846 15028 15069 15001 14909 14908 14947 15049 14970 14758 14756 14884 14917 14939
14924 14904 14919 14841 14776 14789 14830 14999 15058 15014 14926 14903 14988 15033 15008 14850 14801 14847 14912 14975 14886
14827 14852 14839 14808 14824 14868 15013 15095 15069 14984 14931 14937 14978 15024 14916 14852 14880 14931 15018 15019 14961
14832 14863 14850 14872 14869 15018 15173 15126 15077 14999 15005 15025 15040 15030 15015 15018 15017 15074 15044 15027 14976
14797 14851 14911 14967 15103 15192 15173 15113 15121 15081 15099 15096 15072 15067 15074 15075 15055 14917 14979 14987 15048
14840 14965 15060 15130 15215 15198 15179 15201 15112 15103 15171 15130 15117 15076 15110 15127 15021 15022 15028 15120 15077
14932 14992 15073 15112 15101 15208 15244 15282 15305 15228 15129 15120 15079 15138 15177 15075 15061 15064 15168 15169 15064
14988 15094 15127 15127 15233 15267 15307 15351 15275 15149 15135 15136 15174 15205 15194 15141 15135 15206 15217 15092 14994
15134 15162 15161 15260 15273 15298 15333 15281 15211 15183 15160 15151 15166 15214 15155 15128 15187 15184 15115 15061 14997
15302 15288 15267 15271 15282 15300 15263 15188 15180 15171 15161 15157 15206 15181 15152 15182 15209 15140 15084 15037 14984
15332 15319 15301 15300 15297 15221 15173 15199 15206 15201 15191 15191 15202 15210 15200 15245 15178 15128 15024 14892 14861
15332 15310 15307 15305 15221 15192 15226 15231 15225 15222 15205 15198 15192 15147 15114 15062 15030 14992 14935 14899 14878
15304 15308 15316 15308 15283 15272 15259 15243 15252 15243 15150 15105 15045 15019 14979 14959 14926 14915 14923 14921 14877
15304 15276 15276 15238 15213 15223 15209 15221 15230 15197 15159 15091 15070 15016 14947 14894 14864 14884 14897 14880 14892
15282 15284 15248 15209 15215 15209 15223 15218 15230 15192 15163 15138 15136 15061 14972 14923 14896 14898 14915 14928 14918
15332 15261 15224 15217 15222 15243 15240 15237 15193 15183 15189 15188 15128 15037 14947 14916 14900 14896 14893 14886 14875
