inst/extdata/modis/lst/modgrid/Lat43.00075Lon-78.78820Start2001-01-01End2013-12-31___MOD11A2/GRID_Lat43.00075Lon-78.78820Start2001-01-01End2013-12-31___MOD11A2_LST_Day_1km_A2001097.asc
ncols		 21
nrows		 21
xllcorner	 -6416881.12
yllcorner	 4772121.02
cellsize	 926.625433055834
NODATA_value	 0
14764 14779 14780 14755 14733 14722 14828 14814 14636 14611 14750 14635 14664 14668 14647 14625 14608 14609 14607 14609 14738
14372 14490 14599 14479 14618 14498 14470 14492 14471 14597 14625 14680 14699 14700 14634 14608 14603 14611 14613 14636 14653
14072 14154 14206 14329 14277 14276 14344 14395 14454 14605 14671 14676 14711 14697 14650 14621 14622 14625 14646 14649 14651
14209 14226 14219 14216 14280 14202 14236 14348 14477 14569 14708 14741 14746 14727 14666 14644 14635 14639 14653 14674 14691
14402 14408 14422 14454 14363 14313 14174 14268 14441 14590 14763 14754 14732 14678 14644 14644 14623 14624 14654 14678 14692
14513 14535 14547 14530 14514 14390 14299 14370 14581 14685 14661 14662 14654 14676 14693 14633 14605 14611 14647 14680 14651
14580 14642 14558 14548 14504 14430 14375 14597 14680 14661 14660 14694 14724 14748 14834 14784 14590 14642 14670 14651 14666
14624 14561 14552 14530 14505 14416 14589 14700 14732 14724 14704 14728 14760 14785 14804 14671 14669 14681 14688 14705 14677
14558 14557 14614 14570 14504 14626 14809 14815 14725 14720 14700 14782 14713 14665 14668 14688 14701 14699 14682 14665 14661
14507 14490 14534 14593 14727 14767 14757 14699 14702 14738 14767 14754 14718 14722 14739 14699 14692 14679 14677 14673 14663
14453 14578 14662 14723 14755 14724 14766 14785 14846 14831 14799 14753 14736 14731 14756 14700 14689 14789 14719 14717 14715
14636 14634 14644 14652 14656 14725 14774 14828 14848 14879 14779 14827 14824 14848 14868 14837 14822 14719 14715 14712 14786
14644 14660 14661 14671 14718 14759 14889 14920 14907 14893 14867 14850 14849 14882 14876 14856 14841 14688 14714 14784 14749
14733 14738 14729 14814 14841 14880 14900 14905 14889 14872 14858 14850 14857 14868 14848 14837 14836 14832 14800 14777 14762
14760 14884 14871 14887 14884 14886 14790 14783 14866 14863 14854 14842 14853 14844 14826 14825 14847 14826 14791 14768 14743
14879 14889 14898 14789 14793 14780 14771 14765 14864 14855 14841 14837 14835 14835 14832 14848 14834 14783 14746 14729 14708
14835 14869 14783 14787 14772 14758 14751 14855 14841 14842 14761 14755 14755 14732 14745 14806 14733 14687 14713 14737 14720
14847 14769 14904 14910 14880 14855 14858 14845 14844 14744 14729 14717 14702 14712 14699 14721 14683 14703 14753 14736 14704
14855 14886 14901 14871 14846 14845 14843 14846 14745 14734 14713 14715 14714 14779 14731 14703 14695 14733 14735 14712 14703
14877 14889 14864 14830 14830 14830 14834 14851 14860 14749 14738 14742 14825 14772 14735 14725 14713 14717 14717 14717 14717
14901 14892 14851 14835 14840 14854 14875 14887 14879 14867 14873 14867 14841 14789 14761 14724 14709 14716 14727 14728 14646
