inst/extdata/modis/lst/modgrid/Lat43.00075Lon-78.78820Start2001-01-01End2013-12-31___MOD11A2/GRID_Lat43.00075Lon-78.78820Start2001-01-01End2013-12-31___MOD11A2_LST_Day_1km_A2008065.asc
ncols		 21
nrows		 21
xllcorner	 -6416881.12
yllcorner	 4772121.02
cellsize	 926.625433055834
NODATA_value	 0
13493 13482 13486 13488 13486 13483 13464 13425 13424 13432 13419 13407 13408 13424 13519 13463 13502 13494 13418 13425 13442
13547 13555 13518 13507 13503 13485 13442 13442 13432 13421 13421 13428 13443 13460 13467 13501 13499 13430 13429 13444 13457
13582 13578 13578 13571 13558 13541 13526 13482 13463 13454 13452 13459 13476 13519 13511 13452 13440 13443 13450 13463 13456
13502 13501 13519 13535 13621 13563 13548 13509 13480 13474 13477 13488 13526 13526 13476 13460 13460 13466 13579 13459 13455
13484 13484 13487 13495 13499 13601 13577 13545 13529 13524 13499 13482 13479 13480 13534 13473 13475 13581 13472 13466 13454
13482 13477 13473 13473 13495 13524 13551 13534 13531 13514 13487 13483 13538 13545 13550 13494 13579 13484 13479 13478 13476
13473 13473 13475 13478 13484 13468 13479 13524 13517 13509 13492 13495 13552 13564 13577 13563 13549 13497 13490 13486 13480
13489 13486 13482 13479 13432 13443 13540 13530 13568 13561 13499 13511 13583 13583 13562 13549 13549 13521 13519 13481 13411
13496 13497 13496 13519 13520 13553 13541 13572 13565 13507 13514 13507 13549 13555 13518 13511 13527 13494 13518 13518 13493
13522 13529 13535 13529 13514 13520 13509 13552 13553 13561 13560 13515 13520 13528 13525 13522 13519 13521 13521 13512 13512
13518 13507 13509 13506 13516 13513 13556 13554 13559 13559 13515 13514 13507 13508 13501 13523 13521 13493 13501 13517 13513
13497 13502 13511 13512 13513 13519 13527 13526 13426 13422 13520 13501 13494 13503 13507 13506 13502 13503 13504 13496 13490
13514 13531 13531 13528 13536 13446 13532 13545 13542 13521 13513 13493 13406 13407 13410 13494 13503 13504 13489 13492 13488
13543 13550 13553 13551 13544 13543 13543 13546 13538 13535 13416 13402 13404 13408 13474 13480 13490 13483 13485 13492 13490
13556 13559 13559 13549 13545 13538 13530 13521 13519 13515 13410 13408 13408 13450 13441 13450 13463 13478 13492 13524 13517
13562 13557 13548 13546 13534 13587 13559 13560 13591 13425 13444 13428 13430 13447 13505 13502 13514 13517 13517 13512 13507
13557 13548 13551 13541 13564 13558 13560 13558 13502 13440 13431 13427 13481 13515 13497 13511 13510 13512 13504 13567 13573
13591 13592 13594 13587 13570 13564 13559 13556 13494 13438 13427 13510 13510 13543 13549 13560 13505 13506 13566 13564 13563
13594 13595 13593 13578 13569 13560 13554 13558 13461 13537 13494 13516 13544 13545 13543 13540 13551 13569 13562 13558 13558
13603 13597 13582 13567 13565 13567 13571 13524 13564 13561 13560 13624 13614 13550 13546 13554 13556 13553 13553 13562 13562
13601 13587 13573 13569 13575 13587 13584 13575 13564 13568 13638 13637 13629 13556 13559 13497 13495 13460 13456 13542 13550
