inst/extdata/modis/lst/modgrid/Lat43.00075Lon-78.78820Start2001-01-01End2013-12-31___MOD11A2/GRID_Lat43.00075Lon-78.78820Start2001-01-01End2013-12-31___MOD11A2_LST_Day_1km_A2009233.asc
ncols		 21
nrows		 21
xllcorner	 -6416881.12
yllcorner	 4772121.02
cellsize	 926.625433055834
NODATA_value	 0
14910 14939 14977 14977 14903 14885 14922 14944 14943 14932 14901 14894 14879 14854 14845 0 0 0 14762 14779 14780
14896 14978 14966 14900 14886 14874 14867 14831 14861 14840 14847 14839 14840 14843 0 0 0 14745 14769 14798 14824
14752 14820 14842 14847 14803 14777 14709 14709 14713 14743 14779 14782 14751 0 14816 14788 14750 14740 14803 14696 14725
14705 14659 14649 14660 14691 14633 14621 14627 14676 14757 14757 14877 14882 14925 14859 14791 14809 14791 14649 14704 14729
14654 14639 14670 14658 14661 0 14624 14740 14744 14844 14968 14961 14868 14869 14875 14908 14910 14630 14679 14703 14846
0 14789 14779 14757 14648 14672 14741 14882 14924 15008 15004 14897 14900 14948 14978 14886 14665 14663 14701 14812 14827
14786 14766 14774 14758 14758 14744 14861 15000 15040 15224 14972 14880 15000 15003 14906 14871 14619 14736 14827 14790 14855
14730 14738 14748 14773 14877 14909 15055 15124 15291 15124 14960 15081 15015 15012 14872 14728 14615 14608 14734 14876 14891
14767 14784 14871 14912 14908 15039 15072 15104 15026 15023 15019 15034 15069 15177 14834 14807 14606 14843 14911 14950 14942
14774 14790 14914 15036 15042 15049 15112 15038 15053 15031 15045 14869 14837 14816 14781 0 14982 14807 14855 14939 14954
14774 14963 15045 15102 15190 15161 15129 15104 15237 15046 14855 14854 14816 14781 14917 14931 14966 14949 14998 15013 14945
14923 15038 15109 15155 15103 14978 15117 15258 14978 14756 14689 14689 14781 14937 14938 14955 14982 14968 14973 15082 14973
15077 15158 15149 15087 14989 15007 15300 14978 14978 14978 0 14921 14886 14931 15017 15009 14974 14927 15104 15011 14903
15163 15186 15190 14888 14873 0 14953 14960 14968 15283 15092 14902 14924 15015 15011 14940 14902 14931 14960 14958 14923
15194 15188 15169 15018 0 14937 14946 14951 15297 15091 14887 14973 14985 14927 14942 14923 14944 14981 14947 14850 14819
15199 15148 15090 15157 15143 15105 14888 15096 15101 14885 14978 14981 14917 14920 15082 15055 14984 14968 14848 14805 14769
15208 15072 15142 15178 15109 14872 15087 15114 14898 14978 14985 14924 14995 15042 15051 14971 14853 14839 14814 14816 14793
15454 15160 15394 15133 14881 14930 14960 15096 15111 15061 15056 14994 14987 14984 14927 14875 14818 14799 14900 14881 14870
15421 15351 15396 15104 14957 14966 15135 15140 15161 15154 15070 15025 15005 14938 14873 14825 14851 14861 14852 14858 14765
15110 15394 15109 15111 14976 15157 15144 15133 15063 15031 15055 15048 14952 14921 14877 14901 14842 14838 14891 14846 14755
15035 15062 15062 15044 15141 15165 14977 15012 15035 15024 14979 14978 14949 14959 14945 14843 14855 14888 14869 14935 14752
