inst/extdata/modis/lst/modgrid/Lat43.00075Lon-78.78820Start2001-01-01End2013-12-31___MOD11A2/GRID_Lat43.00075Lon-78.78820Start2001-01-01End2013-12-31___MOD11A2_LST_Day_1km_A2002217.asc
ncols		 21
nrows		 21
xllcorner	 -6416881.12
yllcorner	 4772121.02
cellsize	 926.625433055834
NODATA_value	 0
15321 15331 15345 15310 15389 15298 15321 15246 15236 15204 15179 15182 15177 15179 15155 15082 15105 15147 15159 15188 15144
15206 15231 15208 15184 15179 15170 15154 15125 15105 15106 15135 15156 15174 15166 15127 15129 15132 15142 15177 15138 15096
15034 15039 15051 15085 15029 15020 15033 15055 15110 15130 15155 15137 15146 15146 15150 15107 15086 15069 15034 15067 15071
14893 14890 14894 14912 14952 14963 14984 15076 15124 15179 15190 15211 15230 15223 15118 15113 15080 15029 15015 15029 15040
14989 14991 14978 14948 14953 14944 14975 15008 15184 15254 15260 15245 15221 15187 15149 15124 15029 14963 14968 14995 15024
15075 15046 15022 15010 14990 14974 14949 15057 15250 15281 15223 15179 15151 15185 15187 15104 14992 14978 15012 15062 15096
15169 15169 15141 15091 15038 14997 15047 15191 15293 15223 15111 15142 15195 15230 15178 15080 15053 15078 15107 15088 15151
15125 15111 15100 15017 15038 15078 15183 15312 15291 15241 15121 15148 15257 15184 15185 15131 15142 15150 15181 15168 15144
15070 15090 15106 15128 15143 15169 15282 15304 15196 15165 15236 15257 15223 15217 15207 15201 15200 15211 15197 15188 15184
15051 15022 15076 15128 15181 15281 15318 15290 15280 15302 15320 15283 15268 15256 15244 15242 15189 15159 15170 15181 15198
15028 15103 15164 15239 15257 15269 15258 15316 15332 15356 15329 15328 15215 15231 15237 15215 15168 15201 15227 15257 15241
15111 15160 15235 15263 15282 15299 15318 15337 15405 15332 15303 15254 15233 15294 15313 15311 15269 15278 15310 15277 15206
15319 15262 15287 15298 15315 15336 15354 15370 15352 15318 15346 15255 15231 15310 15315 15292 15297 15321 15301 15253 15125
15292 15387 15318 15322 15338 15357 15348 15309 15301 15284 15252 15261 15276 15312 15224 15290 15344 15239 15191 15133 15154
15396 15398 15303 15314 15321 15316 15280 15260 15250 15214 15198 15189 15269 15238 15231 15345 15298 15273 15176 15107 15065
15422 15396 15391 15386 15307 15265 15228 15222 15204 15286 15223 15215 15259 15271 15296 15281 15251 15182 15122 15046 15013
15415 15405 15329 15323 15345 15315 15230 15223 15298 15247 15223 15243 15247 15215 15204 15190 15168 15201 15085 15061 15070
15405 15352 15357 15340 15299 15339 15317 15293 15321 15315 15255 15235 15198 15147 15095 15072 15012 15007 15062 15088 15062
15372 15370 15347 15328 15302 15286 15264 15315 15295 15351 15289 15248 15207 15106 15038 14978 14951 14973 15022 15027 15030
15396 15390 15333 15292 15295 15318 15327 15318 15313 15300 15276 15244 15250 15152 15068 15045 15046 14995 15014 15054 15055
15386 15365 15309 15301 15330 15350 15353 15336 15323 15307 15281 15286 15227 15176 15102 15069 15018 15004 15044 15063 15043
