inst/extdata/modis/lst/modgrid/Lat43.00075Lon-78.78820Start2001-01-01End2013-12-31___MOD11A2/GRID_Lat43.00075Lon-78.78820Start2001-01-01End2013-12-31___MOD11A2_LST_Day_1km_A2005345.asc
ncols		 21
nrows		 21
xllcorner	 -6416881.12
yllcorner	 4772121.02
cellsize	 926.625433055834
NODATA_value	 0
13441 0 0 0 0 0 0 0 0 0 0 0 0 0 0 13195 13248 13252 13310 0 13245
0 0 0 0 0 0 0 0 0 0 0 0 0 0 13257 13257 13277 13310 13263 13236 13235
0 0 0 0 0 0 0 0 13272 0 0 0 0 0 0 13255 13268 13253 13240 13239 13235
0 0 0 13385 0 13351 13295 13272 13272 13277 13277 0 0 0 13252 13252 13258 13257 13253 13243 13235
13340 13355 13356 13368 13330 0 13249 13257 13273 13276 0 0 13295 13263 13252 13249 13235 13231 13241 13242 13221
13351 13358 13332 13249 13251 13254 13251 13263 13263 13262 13282 13289 13295 13278 13259 13226 13215 13231 13232 13232 13231
13322 13292 13250 13248 13262 13275 13263 13279 13275 13283 13285 13289 13273 13264 13226 13224 13234 13234 13235 13229 13230
13272 13247 13253 13248 13275 13288 13289 13298 13299 13292 13289 13264 13263 13243 13237 13233 13231 13234 13198 13210 13242
13241 0 0 0 13287 13287 13292 13295 13292 13283 13258 13250 13243 13237 13233 13222 13217 13198 13214 13244 13222
0 0 0 0 13289 13290 13290 13291 13273 13260 13251 13248 13244 13247 13246 13232 13213 13219 13230 13221 13218
0 0 0 0 0 13299 13298 13268 13258 13248 13241 13229 13236 13241 13236 13236 13226 13222 13219 13229 13240
0 0 0 0 13299 13297 13278 13271 13262 13245 13231 13227 13222 13216 13217 13223 13223 13222 13275 13295 13242
0 13263 13271 13298 13300 13303 13265 13252 13243 13245 13226 13234 13235 13218 13215 13211 13210 13228 13244 13205 13209
13271 13277 13298 13304 13306 13267 13245 13217 13222 13229 13240 13250 13233 13229 13217 13213 13207 13200 13195 13199 13212
13290 13297 13298 13301 13287 13274 13243 13238 13236 13241 13241 13231 13227 13219 13223 13225 13225 13216 13214 13218 0
13297 13291 13290 13287 13271 13254 13250 13247 13257 13252 13242 13228 13220 13228 13229 13230 13225 13217 13213 13207 13195
13287 13290 13291 13271 13262 13261 13256 13246 13240 13243 13231 13225 13237 13233 13231 13219 13204 13201 13202 13192 13191
13286 13288 13272 13264 13245 13249 13245 13220 13204 13210 13217 13232 13231 13225 13227 13222 13203 13198 0 13191 0
13275 13274 13260 13244 13247 13251 13309 13277 13212 13215 13219 13209 13208 13217 13224 13213 13203 13184 13173 13164 13175
13265 13247 13241 13243 13241 13251 13254 13217 13223 13227 13211 13209 13210 13206 13213 13196 13184 13172 13164 13165 13170
13231 13226 13232 13236 13232 13228 13227 13242 13238 13213 13216 13227 13211 13195 13187 13185 13189 13184 13169 13169 13175
