inst/extdata/modis/lst/modgrid/Lat43.00075Lon-78.78820Start2001-01-01End2013-12-31___MOD11A2/GRID_Lat43.00075Lon-78.78820Start2001-01-01End2013-12-31___MOD11A2_LST_Day_1km_A2007281.asc
ncols		 21
nrows		 21
xllcorner	 -6416881.12
yllcorner	 4772121.02
cellsize	 926.625433055834
NODATA_value	 0
14388 14388 14390 14553 14537 14674 14665 14701 14712 14698 14706 14722 14713 14707 14678 14642 14631 14640 14646 14621 14593
14307 14317 14348 14505 14507 14612 14648 14670 14688 14592 14716 14724 14729 14720 14711 14659 14647 14644 14625 14612 14592
14285 14356 14418 14564 14477 14503 14428 14465 14687 14693 14700 14706 14711 14709 14685 14663 14650 14631 14618 14598 14596
14331 14404 14481 14490 14561 14595 14636 14669 14686 14707 14709 14727 14734 14720 14677 14652 14642 14630 14604 14607 14600
14460 14514 14537 14603 14604 14805 14651 14686 14748 14766 14771 14751 14708 14692 14683 14685 14652 14604 14606 14610 14594
14618 14649 14652 14647 14636 14625 14663 14725 14756 14771 14724 14676 14681 14706 14727 14685 14612 14607 14622 14629 14630
14687 14699 14707 14675 14640 14666 14724 14766 14789 14741 14686 14687 14719 14745 14720 14674 14648 14658 14665 14653 14609
14666 14686 14672 14654 14670 14712 14769 14796 14767 14723 14700 14706 14726 14720 14693 14671 14680 14673 14671 14650 14630
14667 14677 14707 14714 14717 14779 14788 14777 14747 14719 14734 14740 14725 14705 14688 14689 14691 14688 14666 14633 14608
14682 14716 14743 14755 14799 14800 14786 14775 14758 14774 14771 14739 14729 14710 14707 14702 14686 14662 14634 14607 14588
14697 14735 14753 14789 14792 14538 14526 14470 14498 14514 14737 14717 14704 14693 14694 14700 14682 14671 14666 14654 14642
14722 14753 14776 14776 14538 14557 14483 14495 14523 14529 14704 14699 14689 14690 14716 14721 14732 14721 14673 14678 14653
14766 14787 14792 14804 14809 14482 14484 14607 14563 14545 14537 14519 14524 14533 14709 14721 14718 14553 14684 14668 14447
14806 14801 14800 14795 14787 14562 14590 14564 14553 14544 14709 14704 14697 14702 14703 14697 14735 14665 14639 14465 14448
14821 14808 14797 14787 14787 14563 14547 14525 14525 14688 14687 14689 14690 14695 14705 14726 14738 14701 14646 14644 14428
14597 14821 14813 14559 14548 14527 14743 14746 14676 14675 14704 14696 14683 14694 14703 14734 14713 14659 14642 14415 14400
14824 14816 14808 14807 14540 14750 14753 14751 14509 14695 14673 14665 14668 14671 14706 14693 14656 14640 14419 14419 14415
14808 14811 14815 14781 14769 14761 14757 14752 14494 14678 14669 14656 14659 14681 14657 14640 14601 14600 14593 14587 14573
14793 14794 14796 14756 14744 14745 14741 14513 14524 14675 14677 14649 14665 14674 14641 14596 14578 14552 14552 14559 14554
14785 14785 14748 14724 14725 14739 14521 14515 14677 14667 14670 14680 14678 14655 14613 14591 14533 14506 14517 14557 14552
14772 14759 14734 14736 14730 14504 14497 14497 14662 14671 14676 14684 14643 14622 14611 14586 14545 14530 14522 14531 14553
