inst/extdata/modis/lst/modgrid/Lat43.00075Lon-78.78820Start2001-01-01End2013-12-31___MOD11A2/GRID_Lat43.00075Lon-78.78820Start2001-01-01End2013-12-31___MOD11A2_LST_Day_1km_A2011353.asc
ncols		 21
nrows		 21
xllcorner	 -6416881.12
yllcorner	 4772121.02
cellsize	 926.625433055834
NODATA_value	 0
13740 13748 13738 13738 13743 13741 13731 13724 13720 13719 13719 13745 13746 13736 13740 13731 13704 13703 13706 13702 13685
13782 13778 13743 13739 13743 13744 13736 13725 13720 13724 13737 13735 13736 13753 13750 13737 13728 13698 13697 13692 13690
13828 13811 13802 13792 13788 13772 13755 13737 13729 13714 13720 13723 13753 13756 13741 13724 13717 13691 13687 13690 13690
13770 13777 13782 13795 13787 13802 13799 13779 13741 13734 13728 13730 13738 13741 13723 13720 13691 13683 13677 13684 13684
13716 13699 13693 13673 13682 13707 13748 13790 13778 13756 13748 13743 13708 13702 13707 13703 13691 13666 13670 13672 13682
13688 13678 13669 13678 13680 13716 13790 13804 13762 13745 13705 13708 13732 13718 13781 13775 13686 13686 13695 13701 13700
13665 13668 13669 13670 13684 13740 13772 13765 13756 13709 13726 13744 13756 13770 13778 13765 13701 13711 13713 13709 13702
13651 13658 13656 13683 13745 13767 13770 13760 13752 13758 13775 13772 13768 13768 13767 13762 13766 13767 13757 13758 13703
13655 13672 13725 13769 13776 13768 13781 13783 13780 13791 13797 13796 13790 13723 13768 13769 13774 13766 13762 13723 13723
13720 13761 13770 13773 13782 13780 13778 13794 13811 13816 13818 13811 13805 13747 13744 13750 13746 13734 13726 13724 13721
13753 13747 13760 13783 13791 13797 13801 13821 13826 13817 13805 13792 13795 13796 13749 13749 13745 13745 13752 13755 13742
13731 13734 13776 13790 13804 13813 13826 13827 13821 13804 13783 13789 13797 13806 13758 13754 13763 13767 13768 13763 13734
13781 13781 13796 13808 13818 13827 13824 13822 13815 13797 13797 13802 13807 13760 13749 13750 13755 13760 13763 13747 13722
13782 13798 13816 13820 13769 13778 13829 13823 13811 13812 13804 13802 13803 13757 13748 13746 13752 13755 13733 13727 13716
13813 13830 13831 13840 13784 13780 13771 13758 13751 13743 13796 13797 13746 13747 13748 13748 13752 13738 13723 13709 13690
13852 13852 13849 13845 13784 13770 13758 13759 13748 13749 13746 13740 13745 13754 13754 13755 13746 13724 13699 13679 13673
13860 13855 13788 13787 13775 13765 13767 13757 13756 13750 13740 13742 13747 13746 13745 13735 13732 13696 13678 13677 13681
13845 13840 13797 13795 13789 13782 13767 13763 13757 13741 13734 13731 13731 13731 13722 13721 13697 13689 13692 13690 13684
13842 13798 13797 13789 13787 13773 13770 13773 13828 13736 13746 13744 13744 13730 13719 13686 13677 13680 13677 13674 13672
13833 13837 13788 13788 13766 13765 13768 13773 13774 13762 13754 13753 13741 13731 13716 13696 13688 13672 13671 13668 13666
13836 13800 13826 13812 13819 13767 13770 13828 13825 13769 13768 13752 13740 13703 13677 13670 13660 13662 13664 13661 13656
