inst/extdata/modis/lst/modgrid/Lat43.00075Lon-78.78820Start2001-01-01End2013-12-31___MOD11A2/GRID_Lat43.00075Lon-78.78820Start2001-01-01End2013-12-31___MOD11A2_LST_Day_1km_A2005073.asc
ncols		 21
nrows		 21
xllcorner	 -6416881.12
yllcorner	 4772121.02
cellsize	 926.625433055834
NODATA_value	 0
0 0 0 0 0 0 0 0 13764 13768 13766 13760 13683 13672 13671 13664 13657 13647 13643 13639 13635
13780 13789 13819 13827 13802 13771 13765 13747 13739 13733 13734 13746 13750 13748 13668 13665 13652 13645 13652 13656 13659
13674 13753 13784 13792 13766 13744 13735 13719 13706 13725 13769 13779 13768 13673 13674 13656 13642 13646 13654 13663 13660
13736 13750 13751 13748 13746 13736 13698 13693 13699 13734 13811 13812 13774 13825 13738 13684 13680 13675 13672 13659 13649
13722 13765 13767 13753 13727 13694 13709 13713 13733 13938 13856 13774 13789 13751 13747 13700 13698 13684 13666 13661 13661
13766 13766 13752 13726 13691 13701 13717 13730 0 0 13697 13758 13760 13762 13796 13796 0 13720 13748 13745 13753
13786 13778 13769 13769 13730 13738 13715 0 0 13697 13806 13810 13809 13953 13953 13705 13705 13783 13777 13781 13791
13783 13753 13745 13721 13739 13744 0 0 0 13933 13832 13830 0 0 13705 13820 13829 13830 13935 13743 13797
13755 13751 13750 13758 13792 13863 0 0 13949 13860 13857 0 0 0 0 13935 13935 13935 13743 13743 13732
13756 13762 13767 13802 13863 0 0 0 13862 13862 0 0 0 0 0 0 13738 13738 13738 13732 13732
13781 13786 0 0 0 0 0 0 0 0 0 0 13731 13731 13731 13738 13738 13738 0 0 13751
13782 0 0 0 0 0 0 0 0 0 0 13731 13731 13731 0 0 0 0 0 13751 13725
0 0 0 0 0 0 0 0 0 0 0 0 0 0 0 0 0 0 13754 13785 13766
0 0 0 0 0 0 0 0 0 0 13810 13810 13845 13853 0 0 0 13720 13777 13760 13736
0 0 0 0 0 0 0 0 0 13810 13813 13845 13853 13765 13765 13765 13708 13708 13786 13756 13751
0 0 0 0 0 13809 13837 13923 0 13837 13853 13853 13765 13765 13765 0 13762 13764 13737 13726 13700
0 0 0 0 13809 13828 13902 0 0 0 0 0 0 13678 0 13762 13745 13731 13717 13698 13690
0 0 0 0 13836 13892 0 0 0 0 0 0 13678 13679 13704 13699 13717 13718 13713 13701 13679
0 0 0 13804 13804 0 0 0 0 0 0 13678 13711 13737 13737 13710 13701 13698 13695 13682 13669
0 0 13804 13804 13804 0 0 0 0 0 0 13736 13754 13747 13729 13712 13699 13691 13692 13693 13685
0 0 13804 13804 0 0 0 0 0 0 0 0 13753 13760 13708 13704 13701 13699 13671 13677 13678
