inst/extdata/modis/lst/modgrid/Lat43.00075Lon-78.78820Start2001-01-01End2013-12-31___MOD11A2/GRID_Lat43.00075Lon-78.78820Start2001-01-01End2013-12-31___MOD11A2_LST_Day_1km_A2001233.asc
ncols		 21
nrows		 21
xllcorner	 -6416881.12
yllcorner	 4772121.02
cellsize	 926.625433055834
NODATA_value	 0
15182 15199 15309 15255 15204 15176 15181 15137 15121 15109 15049 15079 15075 15068 15109 15069 15078 15102 15132 15113 15072
14936 14967 14944 15015 15098 15048 15015 15004 15043 14999 15025 15050 15078 15128 15075 15074 15089 15125 15095 15056 15034
14787 14785 14774 14852 14786 14873 14886 14895 14909 14933 14955 14998 15082 15090 15084 15049 15042 15028 15016 15000 15003
14762 14776 14780 14800 14796 14786 14742 14788 14847 14963 14979 15079 15126 15120 15057 15012 14989 14967 14956 14979 14962
14863 14878 14877 14833 14773 14771 14741 14804 14939 15026 15110 15126 15018 14992 14968 14963 14926 14866 14854 14883 14947
14932 14930 14906 14892 14811 14776 14805 14884 14989 15056 15083 14973 15001 15019 15023 14952 14883 14848 14858 14887 14939
14979 14953 14958 14903 14841 14856 14919 15033 15078 15105 15010 15010 15059 15074 15006 14928 14893 14919 14956 14956 14963
14984 14978 14955 14953 14959 14969 15041 15093 15090 15032 15007 15037 15085 15040 14992 14975 14989 15028 15014 15028 14995
14965 14976 14988 15023 15028 15065 15115 15096 15045 15053 15049 15080 15070 15056 15066 15076 15066 15054 15070 15047 15054
14968 14986 15048 15092 15133 15163 15154 15083 15090 15100 15122 15118 15116 15119 15100 15135 15102 15066 15092 15110 15114
14983 15072 15132 15182 15165 15158 15134 15135 15144 15144 15135 15143 15144 15109 15153 15144 15120 15126 15145 15168 15170
15082 15088 15114 15149 15169 15168 15178 15192 15196 15163 15153 15136 15101 15164 15210 15187 15146 15131 15130 15177 14965
15105 15128 15173 15190 15183 15212 15215 15242 15277 15209 15191 15167 15143 15153 15185 15149 15141 15147 15126 15000 14952
15234 15227 15218 15218 15219 15198 15224 15237 15225 15228 15144 15096 15115 15176 15113 15109 15146 15127 14994 14962 14956
15245 15235 15201 15196 15183 15234 15184 15162 15166 15163 15147 15127 15184 15204 15181 15202 15230 15010 14981 14951 14915
15257 15229 15208 15185 15216 15189 15129 15143 15156 15161 15149 15162 15205 15237 15233 15256 15197 14985 14937 14885 14886
15231 15298 15279 15259 15212 15157 15093 15110 15160 15181 15171 15182 15221 15187 15115 15080 15062 15029 14899 14893 14866
15272 15256 15254 15258 15106 15052 15128 15110 15143 15141 15114 15162 15156 15055 15023 15009 14954 14922 14934 14958 14873
15261 15147 15256 15235 15114 15116 15119 15144 15169 15175 15140 15093 15050 15018 14952 14900 14880 14904 15010 15002 14989
15284 15271 15146 15122 15126 15124 15137 15162 15177 15150 15103 15098 15099 15083 15001 14914 14895 15025 15043 15029 15017
15311 15287 15146 15132 15136 15167 15164 15185 15157 15114 15112 15110 15207 15023 14958 15030 15046 15047 15018 15067 15069
