inst/extdata/modis/lst/modgrid/Lat43.00075Lon-78.78820Start2001-01-01End2013-12-31___MOD11A2/GRID_Lat43.00075Lon-78.78820Start2001-01-01End2013-12-31___MOD11A2_LST_Day_1km_A2008281.asc
ncols		 21
nrows		 21
xllcorner	 -6416881.12
yllcorner	 4772121.02
cellsize	 926.625433055834
NODATA_value	 0
14726 14734 14732 14724 14716 14692 14653 14639 14632 14641 14636 14633 14649 14620 14612 14575 14583 14604 14607 14603 14595
14616 14642 14642 14632 14608 14581 14580 14581 14580 14611 14608 14584 14601 14602 14614 14621 14614 14608 14606 14596 14592
14551 14554 14548 14531 14520 14517 14543 14549 14549 14567 14570 14602 14623 14635 14632 14620 14610 14599 14582 14582 14606
14509 14540 14534 14505 14507 14445 14471 14497 14568 14602 14624 14635 14648 14640 14624 14623 14583 14566 14564 14592 14595
14578 14574 14565 14528 14526 14514 14438 14505 14589 14636 14651 14662 14667 14651 14648 14643 14605 14584 14579 14595 14602
14613 14580 14559 14574 14551 14456 14472 14530 14590 14626 14660 14631 14634 14655 14658 14635 14596 14588 14603 14618 14632
14586 14577 14587 14570 14511 14520 14508 14548 14596 14654 14624 14633 14658 14672 14669 14639 14623 14637 14645 14645 14647
14550 14528 14567 14528 14534 14569 14526 14583 14628 14651 14641 14649 14668 14675 14655 14642 14649 14651 14654 14660 14661
14530 14541 14531 14540 14582 14544 14569 14604 14668 14660 14645 14638 14641 14650 14663 14680 14666 14664 14673 14690 14699
14555 14562 14574 14609 14649 14605 14625 14675 14674 14649 14647 14626 14621 14638 14692 14690 14674 14648 14671 14691 14702
14557 14572 14621 14687 14681 14705 14715 14694 14697 14650 14642 14719 14663 14667 14702 14705 14694 14710 14725 14726 14720
14583 14616 14685 14735 14750 14754 14749 14771 14702 14670 14693 14707 14698 14717 14744 14751 14757 14764 14770 14767 14726
14630 14692 14738 14739 14752 14775 14790 14794 14773 14729 14743 14751 14764 14771 14764 14768 14764 14782 14784 14736 14704
14739 14766 14766 14767 14773 14781 14809 14778 14737 14743 14750 14751 14752 14769 14766 14751 14773 14778 14742 14714 14684
14816 14812 14804 14796 14797 14807 14771 14732 14702 14731 14744 14745 14761 14765 14755 14775 14776 14748 14716 14689 14676
14849 14843 14829 14826 14817 14789 14761 14750 14753 14752 14750 14747 14763 14773 14779 14782 14764 14727 14674 14664 14624
14857 14790 14840 14833 14815 14791 14778 14774 14766 14760 14751 14756 14761 14757 14739 14722 14703 14656 14657 14642 14631
14785 14790 14794 14839 14816 14795 14789 14781 14782 14772 14757 14748 14738 14720 14698 14675 14645 14654 14657 14653 14640
14781 14794 14844 14823 14792 14790 14789 14786 14783 14773 14765 14755 14734 14709 14671 14643 14644 14640 14645 14634 14634
14836 14834 14805 14771 14786 14791 14792 14802 14811 14810 14793 14784 14768 14735 14711 14686 14653 14640 14650 14624 14620
14832 14768 14702 14739 14785 14805 14813 14827 14820 14804 14797 14785 14761 14733 14707 14668 14648 14617 14617 14619 14627
