inst/extdata/modis/lst/modgrid/Lat43.00075Lon-78.78820Start2001-01-01End2013-12-31___MOD11A2/GRID_Lat43.00075Lon-78.78820Start2001-01-01End2013-12-31___MOD11A2_LST_Day_1km_A2004273.asc
ncols		 21
nrows		 21
xllcorner	 -6416881.12
yllcorner	 4772121.02
cellsize	 926.625433055834
NODATA_value	 0
14578 14639 14652 14680 14687 14595 14580 14556 14576 14571 14562 14561 14556 14549 14527 14509 14492 14510 14498 14564 14575
14570 14597 14618 14621 14552 14534 14521 14552 14563 14558 14545 14528 14547 14553 14550 14611 14594 14572 14565 14581 14586
14486 14488 14495 14596 14479 14483 14520 14521 14562 14537 14511 14525 14525 14523 14604 14591 14575 14585 14578 14439 14442
14450 14450 14452 14454 14508 14495 14500 14518 14557 14554 14610 14616 14612 14603 14601 14586 14580 14480 14463 14461 14479
14450 14459 14454 14448 14441 14473 14486 14534 14569 14588 14600 14639 14618 14597 14582 14509 14467 14455 14476 14473 14487
14517 14520 14478 14461 14450 14471 14497 14537 14570 14578 14593 14532 14514 14499 14492 14512 14487 14479 14560 14568 14583
14565 14503 14505 14481 14485 14508 14535 14645 14599 14569 14528 14490 14529 14521 14522 14534 14582 14578 14584 14598 14609
14489 14491 14489 14497 14545 14553 14624 14617 14588 14586 14522 14525 14517 14515 14629 14602 14606 14666 14635 14633 14617
14481 14488 14513 14581 14577 14596 14629 14583 14547 14535 14590 14674 14641 14646 14699 14705 14711 14657 14660 14633 14620
14498 14532 14562 14575 14582 14589 14592 14651 14687 14701 14706 14707 14669 14737 14735 14739 14650 14572 14633 14491 14490
14537 14569 14586 14607 14634 14634 14697 14749 14653 14650 14603 14700 14759 14637 14629 14619 14616 14616 14622 14696 14672
14561 14582 14635 14646 14645 14766 14661 14655 14660 14652 14640 14636 14610 14633 14636 14642 14631 14618 14626 14624 14668
14604 14639 14671 14653 14775 14663 14669 14711 14662 14647 14639 14611 14641 14648 14659 14663 14631 14633 14631 14669 14682
14761 14694 14702 14588 14665 14683 14707 14701 14679 14615 14587 14621 14633 14668 14666 14656 14656 14649 14670 14580 14558
14801 14793 14750 14758 14797 14673 14645 14626 14612 14590 14586 14689 14633 14659 14659 14660 14636 14669 14658 14624 14596
14793 14773 14776 14819 14671 14637 14614 14610 14603 14700 14699 14737 14610 14630 14625 14608 14583 14661 14631 14600 14560
14820 14799 14789 14697 14673 14635 14719 14712 14725 14725 14706 14587 14579 14555 14555 14564 14544 14497 14494 14574 14569
14786 14692 14710 14697 14762 14761 14751 14747 14743 14711 14691 14556 14548 14552 14542 14511 14492 14490 14616 14588 14616
14676 14709 14700 14794 14781 14766 14747 14748 14723 14719 14725 14731 14664 14638 14598 14571 14498 14592 14598 14602 14601
14809 14810 14806 14785 14767 14750 14748 14755 14758 14756 14757 14717 14701 14700 14644 14616 14591 14584 14564 14567 14563
14825 14820 14799 14776 14774 14776 14774 14777 14773 14775 14734 14723 14729 14675 14647 14609 14586 14567 14573 14557 14570
