inst/extdata/modis/lst/modgrid/Lat43.00075Lon-78.78820Start2001-01-01End2013-12-31___MOD11A2/GRID_Lat43.00075Lon-78.78820Start2001-01-01End2013-12-31___MOD11A2_LST_Day_1km_A2012113.asc
ncols		 21
nrows		 21
xllcorner	 -6416881.12
yllcorner	 4772121.02
cellsize	 926.625433055834
NODATA_value	 0
14621 14616 14611 14613 14621 14617 14585 14471 14447 14412 14425 14552 14412 14405 14372 14319 14334 14344 14339 14461 14446
14275 14234 14505 14528 14517 14508 14328 14501 14493 14465 14477 14360 14396 14431 14428 14391 14373 14352 14477 14464 14458
14144 14161 14327 14342 14256 14277 14467 14478 14469 14310 14317 14330 14403 14425 14427 14409 14352 14334 14329 14459 14464
14121 14324 14311 14279 14251 14274 14192 14226 14432 14318 14524 14412 14426 14564 14413 14354 14334 14324 14447 14458 14458
14389 14405 14404 14398 14369 14341 14190 14209 14479 14551 14587 14601 14576 14393 14361 14343 14449 14424 14442 14454 14466
14480 14487 14478 14468 14261 14215 14207 14415 14578 14602 14589 14526 14543 14543 14391 14502 14470 14448 14473 14483 14503
14479 14484 14498 14507 14449 14419 14415 14572 14603 14598 14543 14549 14571 14607 14587 14532 14478 14507 14514 14525 14526
14432 14471 14483 14478 14459 14463 14530 14608 14605 14572 14561 14584 14606 14613 14567 14532 14529 14535 14545 14555 14523
14454 14474 14482 14475 14489 14525 14637 14618 14598 14578 14619 14630 14629 14604 14599 14602 14594 14584 14593 14586 14577
14471 14473 14462 14532 14596 14651 14633 14624 14623 14663 14649 14632 14623 14629 14623 14617 14587 14565 14552 14579 14581
14469 14529 14572 14624 14660 14652 14652 14654 14689 14678 14657 14644 14627 14629 14636 14624 14620 14606 14611 14615 14611
14541 14585 14637 14660 14659 14670 14677 14697 14716 14691 14654 14629 14620 14622 14654 14643 14630 14616 14638 14633 14600
14597 14659 14692 14693 14696 14701 14719 14759 14722 14689 14662 14643 14646 14661 14661 14648 14627 14667 14646 14621 14552
14675 14709 14704 14703 14714 14732 14741 14714 14701 14688 14659 14644 14646 14663 14643 14626 14651 14646 14622 14575 14531
14733 14725 14719 14718 14725 14727 14710 14697 14683 14647 14630 14623 14640 14641 14640 14646 14655 14624 14580 14529 14496
14728 14723 14718 14721 14716 14700 14686 14682 14652 14640 14637 14629 14649 14651 14655 14681 14644 14595 14519 14470 14450
14733 14732 14726 14730 14712 14697 14693 14654 14636 14634 14629 14613 14804 14587 14586 14555 14516 14462 14458 14459 14456
14723 14720 14729 14727 14717 14701 14813 14819 14818 14805 14780 14760 14749 14748 14699 14629 14588 14600 14634 14645 14643
14699 14736 14733 14721 14707 14808 14805 14814 14836 14831 14815 14798 14761 14709 14623 14567 14562 14594 14632 14629 14454
14869 14878 14654 14819 14825 14830 14831 14843 14890 14661 14672 14654 14628 14594 14549 14512 14479 14623 14654 14666 14645
14872 14855 14655 14653 14851 14869 14877 14897 14681 14690 14689 14678 14645 14594 14540 14506 14498 14633 14647 14646 14639
