inst/extdata/modis/lst/modgrid/Lat43.00075Lon-78.78820Start2001-01-01End2013-12-31___MOD11A2/GRID_Lat43.00075Lon-78.78820Start2001-01-01End2013-12-31___MOD11A2_LST_Day_1km_A2001289.asc
ncols		 21
nrows		 21
xllcorner	 -6416881.12
yllcorner	 4772121.02
cellsize	 926.625433055834
NODATA_value	 0
14458 14467 14467 14465 14449 14438 14440 14375 14375 14393 14389 14449 14466 14475 14472 14427 14434 14408 14404 14377 14387
14405 14411 14416 14329 14326 14407 14344 14351 14368 14389 14437 14467 14470 14441 14432 14419 14410 14393 14377 14384 14379
14358 14369 14297 14370 14237 14308 14339 14361 14388 14410 14433 14454 14465 14434 14419 14397 14380 14414 14411 14308 14395
14340 14229 14246 14277 14387 14333 14356 14391 14348 14366 14471 14473 14471 14438 14382 14363 14406 14406 14302 14314 14343
14299 14328 14350 14392 14395 14385 14286 14317 14351 14476 14484 14480 14453 14414 14413 14415 14400 14391 14351 14356 14376
14406 14423 14430 14427 14397 14323 14325 14398 14468 14485 14468 14436 14421 14401 14405 14393 14361 14355 14361 14382 14404
14430 14443 14445 14417 14367 14370 14425 14465 14487 14477 14443 14425 14400 14407 14408 14381 14383 14388 14405 14421 14431
14426 14425 14419 14422 14424 14422 14463 14484 14475 14450 14424 14433 14436 14439 14434 14394 14413 14425 14442 14456 14485
14423 14423 14436 14419 14444 14467 14476 14466 14451 14438 14444 14444 14400 14398 14448 14464 14473 14490 14503 14502 14502
14435 14433 14434 14440 14461 14477 14473 14463 14455 14457 14451 14360 14366 14450 14472 14485 14491 14497 14498 14498 14487
14432 14439 14445 14452 14470 14469 14474 14480 14437 14416 14370 14392 14440 14454 14462 14474 14475 14491 14490 14494 14484
14442 14436 14444 14450 14453 14487 14493 14459 14459 14446 14381 14439 14463 14469 14506 14504 14502 14498 14500 14480 14463
14441 14497 14500 14469 14496 14487 14463 14401 14397 14392 14450 14470 14486 14513 14513 14511 14509 14514 14491 14471 14459
14526 14533 14536 14534 14514 14495 14454 14450 14452 14490 14503 14498 14501 14515 14514 14489 14485 14482 14473 14467 14451
14547 14541 14534 14503 14498 14451 14449 14474 14498 14505 14501 14497 14492 14484 14479 14484 14488 14479 14474 14467 14460
14565 14554 14525 14522 14499 14433 14470 14495 14500 14501 14501 14480 14480 14494 14489 14498 14492 14471 14457 14453 14418
14568 14543 14508 14490 14490 14504 14505 14503 14504 14508 14482 14489 14497 14487 14481 14479 14426 14435 14441 14422 14416
14542 14532 14548 14552 14543 14537 14524 14517 14517 14487 14477 14478 14467 14465 14476 14454 14446 14449 14429 14423 14418
14544 14555 14563 14552 14541 14531 14527 14527 14524 14487 14485 14472 14466 14481 14463 14455 14454 14432 14383 14392 14393
14551 14560 14555 14543 14537 14536 14534 14526 14530 14528 14521 14517 14515 14492 14474 14446 14439 14381 14394 14396 14439
14573 14568 14552 14542 14543 14548 14538 14544 14542 14530 14528 14527 14511 14479 14470 14457 14426 14427 14439 14440 14417
