inst/extdata/modis/lst/modgrid/Lat43.00075Lon-78.78820Start2001-01-01End2013-12-31___MOD11A2/GRID_Lat43.00075Lon-78.78820Start2001-01-01End2013-12-31___MOD11A2_LST_Day_1km_A2011017.asc
ncols		 21
nrows		 21
xllcorner	 -6416881.12
yllcorner	 4772121.02
cellsize	 926.625433055834
NODATA_value	 0
13042 0 0 0 0 0 0 0 0 0 0 0 0 0 0 0 0 0 0 13048 13058
13166 13169 13212 13173 13173 13173 0 0 0 0 0 0 0 0 0 0 0 0 13048 13059 13071
13214 13216 13240 13240 13200 13204 13239 13169 13169 0 0 0 0 0 0 0 0 0 0 0 0
13086 13100 13127 13161 13188 13230 13225 13160 13079 13023 13067 13067 0 0 12928 12928 12952 12952 0 0 0
12984 12970 13011 13001 13018 13058 13102 13111 13057 13066 13066 13067 0 12926 12927 12952 12952 0 13254 13254 13263
12909 12901 12909 12971 12948 13019 13138 13243 13212 13059 12991 12915 12917 12918 0 12908 12898 13067 13254 13264 13275
12854 12840 12841 12888 12912 13099 13175 13111 13093 13059 13097 13086 13085 13295 13106 13121 12879 0 0 0 13280
12826 12873 12881 12904 13095 13138 13126 13089 13062 13108 13267 13266 13085 13090 13348 13318 13258 13264 13269 13276 13278
12869 12881 12912 13155 13158 13118 13098 13131 13301 13291 0 13077 13078 13292 13288 13266 13264 13265 13270 13099 13097
13342 13338 13135 13148 13099 13095 13127 13281 13094 13094 13280 13269 13261 13259 13262 13257 13255 13255 13084 13084 13072
13323 13293 13273 13265 13272 13274 13267 13086 13089 13274 13259 13248 13240 13234 13229 13231 13084 13085 13080 13070 13069
13279 13242 13224 13237 13249 13251 13250 13258 13264 13243 13228 13218 13215 13211 13079 13085 13093 13085 13095 13063 13059
13075 13194 13202 13213 13221 13225 13233 13236 13217 13213 13206 13206 13203 13209 13048 13055 13046 13084 13221 13045 13211
12942 0 12934 13064 13196 13200 13205 13195 13197 13192 13057 13059 13089 13089 13091 13093 13106 13108 13109 13109 13193
12942 12934 13058 13184 13191 13190 13184 13187 13193 13056 13051 13183 13084 13085 13087 13095 13096 13096 13099 13099 13196
0 13177 13177 13177 0 0 13059 13060 13055 13055 13173 13176 13180 13078 13078 13080 13083 13084 13100 13003 13003
0 0 0 0 0 13055 13059 13063 13160 13166 13167 0 12941 12941 13076 13076 13078 13068 13071 13071 13065
12953 0 0 13077 13004 12932 12935 0 0 0 0 12905 12905 13074 13074 13065 13062 13062 13063 13065 13127
0 13077 13077 13003 13003 12934 0 0 13186 13186 13034 13031 13169 13170 13152 13061 13046 13046 13127 13127 0
13097 13090 13082 13077 0 0 0 13186 13048 13043 13037 13162 13157 13126 13121 13099 13101 0 0 0 0
13100 13100 13098 0 13167 13167 13040 12919 12909 12909 13156 13154 13118 13115 13093 13093 0 0 0 0 0
