inst/extdata/modis/lst/modgrid/Lat43.00075Lon-78.78820Start2001-01-01End2013-12-31___MOD11A2/GRID_Lat43.00075Lon-78.78820Start2001-01-01End2013-12-31___MOD11A2_LST_Day_1km_A2010057.asc
ncols		 21
nrows		 21
xllcorner	 -6416881.12
yllcorner	 4772121.02
cellsize	 926.625433055834
NODATA_value	 0
0 0 0 0 0 0 13789 13758 13746 13721 13722 13720 13710 13702 13687 13688 13687 13680 13673 13676 13684
13694 13710 13724 13757 13782 13746 13762 13735 13728 13711 13725 13716 13711 13697 13704 13698 13692 13685 13676 13688 13691
13678 13692 13750 13727 13720 13726 13727 13715 13672 13683 13712 13713 13725 13752 13703 13692 13683 13668 13677 13697 13695
13677 13710 13725 13718 13723 13728 13714 13693 13699 13732 13735 13743 13768 13730 13720 13714 13686 13700 13711 13696 13688
13721 13740 13755 13744 13723 13704 13698 13694 13711 13750 13759 13795 13768 13745 13728 13728 13740 13726 13713 13703 13691
13754 13753 13740 13725 13701 13704 13727 13741 13707 13668 13755 13753 13740 13734 13746 13752 13743 13731 13731 13730 13730
13749 13742 13734 13704 13703 13729 13761 13746 0 13746 13740 13744 13795 13796 13773 13765 13746 13747 13744 13744 13751
13743 13728 13703 13698 13709 13740 13837 13767 0 13751 13770 13786 13786 13812 13772 13765 13764 13761 13762 13769 13762
13730 13716 13720 13733 13775 13837 13906 0 13762 13779 13795 13803 13832 13834 13821 13772 13772 13778 13787 13781 13779
13731 13736 13757 13778 13906 13906 0 13892 13848 13803 0 13838 13844 13851 13731 13779 13783 13788 13788 13785 13772
13732 13759 13773 13783 0 0 13867 13895 13937 0 13829 13829 13814 13789 13805 13785 13807 13811 13817 13781 13776
13766 13765 13783 0 0 13867 13902 13937 0 0 13846 13793 13796 13827 13835 0 13824 13824 0 13807 13779
0 0 0 0 0 0 0 0 0 13881 13827 13818 13831 13837 0 13816 13816 0 13812 13777 13746
0 0 0 0 0 0 0 0 13881 13842 13826 13798 13798 0 13802 13815 13845 13845 13764 13751 13738
0 0 0 0 0 0 0 0 0 13849 13805 13805 13816 13804 13812 13817 13845 13770 13756 13752 13743
0 0 0 0 0 13813 13824 13763 13777 13853 13858 13862 13833 13824 13824 13793 13772 13761 13742 13714 13710
0 0 0 0 13811 13819 13764 13704 13721 13704 13784 13823 13820 13815 13786 13760 13751 13732 13708 13697 13683
0 0 0 0 0 13728 13723 13717 13702 13745 13771 13771 13718 13717 13717 13742 13724 13714 13705 13695 13677
0 13760 13757 13767 13797 13794 13796 13703 0 13756 13778 13727 13723 13716 13708 13721 13721 13714 13703 13684 13674
13752 13750 13781 13795 13805 13795 13716 0 0 13785 13709 13752 13749 13728 13737 13733 13711 13702 13691 13685 13681
13729 13821 13808 13806 13796 13718 0 0 13791 13791 13836 13826 13804 13782 13758 13720 13707 13701 13695 13677 13656
