inst/extdata/modis/lst/modgrid/Lat43.00075Lon-78.78820Start2001-01-01End2013-12-31___MOD11A2/GRID_Lat43.00075Lon-78.78820Start2001-01-01End2013-12-31___MOD11A2_LST_Day_1km_A2009297.asc
ncols		 21
nrows		 21
xllcorner	 -6416881.12
yllcorner	 4772121.02
cellsize	 926.625433055834
NODATA_value	 0
14364 14390 14389 14386 14393 14396 14396 14399 14397 14386 14386 14398 14402 14398 14388 14361 14346 14353 14351 14345 14354
14331 14351 14357 14359 14354 14363 14368 14359 14351 14349 14380 14400 14390 14383 14373 14353 14342 14350 14345 14354 14363
14291 14305 14307 14302 14309 14306 14326 14331 14326 14354 14368 14374 14384 14385 14374 14346 14332 14326 14343 14347 14359
14277 14277 14272 14289 14294 14301 14309 14313 14369 14385 14382 14395 14397 14378 14353 14345 14342 14339 14346 14342 14345
14312 14328 14340 14320 14307 14299 14291 14323 14375 14388 14402 14403 14383 14364 14361 14375 14346 14338 14358 14367 14350
14351 14367 14355 14333 14315 14294 14311 14359 14390 14402 14391 14379 14377 14394 14413 14403 14363 14366 14385 14377 14360
14360 14354 14331 14326 14332 14342 14364 14394 14424 14416 14385 14392 14414 14428 14436 14415 14390 14389 14375 14369 14344
14347 14345 14344 14350 14359 14373 14400 14414 14411 14412 14404 14403 14430 14433 14381 14378 14388 14372 14387 14408 14374
14351 14351 14371 14367 14372 14400 14416 14403 14398 14401 14385 14392 14387 14400 14406 14402 14402 14366 14367 14347 14341
14377 14370 14378 14387 14410 14386 14390 14414 14419 14418 14422 14419 14414 14435 14418 14419 14349 14378 14368 14346 14357
14376 14384 14403 14417 14441 14411 14435 14443 14439 14448 14442 14422 14408 14425 14434 14429 14412 14409 14425 14453 14420
14396 14411 14429 14439 14447 14413 14435 14448 14465 14458 14434 14418 14427 14447 14438 14428 14441 14442 14452 14441 14411
14420 14435 14432 14439 14408 14539 14560 14558 14444 14438 14430 14414 14404 14404 14424 14435 14439 14462 14453 14406 14381
14408 14428 14435 14413 14427 14398 14441 14458 14428 14413 14391 14362 14351 14412 14397 14400 14411 14403 14367 14349 14331
14505 14516 14431 14426 14385 14432 14438 14356 14387 14374 14355 14313 14314 14317 14345 14398 14340 14329 14320 14319 14292
14496 14435 14426 14480 14480 14480 14358 14360 14365 14359 14423 14419 14417 14344 14417 14315 14301 14378 14378 14378 14375
14425 14369 14370 14375 14480 14461 14331 14339 14444 14443 14412 14400 14401 14401 14401 14364 14351 14353 14354 14353 14348
14379 14372 14376 14480 14463 14328 14328 14444 14372 14356 14398 14398 14398 14381 14361 14342 14342 14342 14341 14344 14348
14492 14492 14492 14474 14448 14448 14448 14374 14366 14415 14413 14410 14399 14373 14347 14337 14370 14368 14355 14287 14317
14492 14492 14476 14449 14449 14449 14449 14440 14419 14419 14417 14424 14408 14374 14343 14392 14391 14315 14340 14324 14337
14492 14476 14462 14448 14456 14437 14436 14433 14429 14427 14465 14403 14380 14351 14410 14343 14315 14328 14322 14328 14327
