inst/extdata/modis/lst/modgrid/Lat43.00075Lon-78.78820Start2001-01-01End2013-12-31___MOD11A2/GRID_Lat43.00075Lon-78.78820Start2001-01-01End2013-12-31___MOD11A2_LST_Day_1km_A2008097.asc
ncols		 21
nrows		 21
xllcorner	 -6416881.12
yllcorner	 4772121.02
cellsize	 926.625433055834
NODATA_value	 0
14576 14546 14632 14653 14640 14601 14592 14582 14562 14529 14530 14540 14524 14526 14506 14519 14435 14434 14401 14403 14428
14292 14371 14420 14515 14407 14511 14508 14519 14490 14486 14467 14507 14525 14527 14579 14476 14450 14404 14366 14397 14417
13935 14050 14207 14249 14307 14335 14304 14439 14503 14419 14453 14466 14473 14607 14573 14543 14501 14401 14365 14365 14389
14161 14229 14068 14079 14079 14018 14025 14076 14361 14584 14601 14627 14571 14545 14481 14412 14407 14385 14349 14363 14414
14362 14410 14543 14505 14254 14244 14026 14087 14496 14611 14644 14592 14549 14488 14448 14435 14421 14477 14477 14379 14381
14462 14603 14582 14569 14513 14442 14075 14106 14525 14658 14633 14541 14530 14595 14599 14562 14428 14433 14443 14526 14537
14618 14626 14494 14465 14549 14451 14398 14514 14693 14657 14550 14537 14585 14619 14593 14482 14474 14481 14566 14564 14556
14620 14492 14483 14585 14512 14389 14549 14693 14705 14678 14661 14604 14624 14606 14448 14426 14545 14537 14496 14502 14498
14595 14601 14598 14569 14484 14631 14709 14720 14598 14697 14578 14596 14577 14490 14465 14497 14607 14463 14471 14460 14533
14543 14508 14407 14474 14708 14732 14742 14619 14637 14651 14768 14618 14629 14718 14615 14665 14639 14599 14434 14424 14567
14386 14474 14682 14763 14787 14645 14765 14669 14688 14796 14750 14738 14706 14703 14718 14742 14732 14725 14649 14653 14614
14647 14715 14755 14786 14791 14803 14824 14837 14828 14770 14747 14728 14723 14744 14773 14775 14761 14748 14749 14735 14607
14731 14756 14787 14809 14817 14832 14857 14866 14836 14800 14771 14749 14757 14769 14776 14766 14758 14770 14768 14713 14667
14808 14834 14846 14838 14837 14847 14855 14841 14808 14780 14775 14760 14762 14773 14762 14753 14769 14774 14728 14684 14660
14837 14854 14852 14843 14844 14843 14840 14824 14790 14784 14712 14698 14760 14754 14761 14785 14781 14751 14707 14691 14633
14877 14872 14854 14851 14827 14817 14805 14762 14748 14725 14731 14755 14751 14640 14589 14645 14748 14707 14669 14616 14608
14885 14864 14860 14839 14825 14814 14778 14766 14739 14738 14713 14552 14613 14558 14568 14672 14620 14603 14585 14606 14594
14872 14863 14861 14852 14825 14681 14623 14775 14773 14721 14526 14533 14675 14611 14605 14445 14434 14570 14606 14610 14586
14877 14880 14865 14827 14674 14611 14774 14771 14818 14516 14526 14699 14628 14617 14556 14525 14561 14580 14493 14486 14460
14884 14877 14844 14812 14586 14588 14578 14556 14620 14593 14747 14746 14732 14600 14566 14553 14538 14404 14451 14461 14541
14882 14861 14841 14794 14797 14819 14649 14647 14623 14787 14765 14766 14702 14656 14587 14573 14536 14418 14425 14546 14554
