inst/extdata/modis/lst/modgrid/Lat43.00075Lon-78.78820Start2001-01-01End2013-12-31___MOD11A2/GRID_Lat43.00075Lon-78.78820Start2001-01-01End2013-12-31___MOD11A2_LST_Day_1km_A2002041.asc
ncols		 21
nrows		 21
xllcorner	 -6416881.12
yllcorner	 4772121.02
cellsize	 926.625433055834
NODATA_value	 0
13470 13420 13441 13415 13472 13481 13460 13382 13340 13333 13320 13315 13288 13289 13287 13284 0 0 0 0 13272
13554 13548 13501 13511 13517 13459 13453 13462 13465 13337 13321 13306 13301 13302 13297 13306 0 0 13285 13277 13273
13646 13618 13586 13622 13566 13563 13562 13537 13488 13469 13306 13311 13314 13310 13306 13299 13289 13288 13286 13287 13283
13597 13591 13595 13577 13639 13590 13598 13551 13517 13468 13466 13466 13311 13310 13306 13298 13296 13297 13295 13291 13285
13526 13524 13490 13483 13593 13593 13599 13623 13560 13481 13471 13322 13316 13310 13310 13304 13305 13294 13290 13285 13289
13449 13443 13442 13457 13568 13550 13632 13620 13589 13492 13338 13320 13310 13319 13319 13310 13305 13287 13290 13291 13302
13318 13316 13466 13470 13489 13555 13610 13603 13365 13351 13328 13326 13342 13340 13334 0 13294 13297 13305 13300 13297
13314 13307 13310 13314 13492 13544 13539 13383 13375 13331 13331 13349 13349 13344 13343 13320 13306 13321 13317 13307 13301
13303 13337 13349 13391 13451 13432 13406 13380 13342 13339 13348 13354 13363 13353 13339 13336 13323 13325 13319 13316 13338
13380 13378 13415 13430 13425 13407 13378 13361 13365 13364 13364 13372 13366 13357 13346 13327 13325 13318 13315 13336 13337
13421 13367 13387 13430 0 0 13361 13370 13370 13370 13369 13365 13361 13344 13331 13335 13339 13328 13308 13339 13306
13359 13360 13366 13359 13341 13345 13374 13373 13407 13399 13368 13364 13341 13335 13340 13342 13335 13332 13343 13345 13315
13374 13378 13376 13361 13365 13383 13387 13414 13407 13370 13367 13316 13322 13343 13344 13332 13331 13342 13350 13316 13335
13387 13387 13377 13387 13387 13400 13411 13389 13363 13360 13311 13318 13345 13343 13348 13349 13387 13339 13293 13332 13330
13394 13389 13389 13388 13386 13385 13361 13356 13344 13336 13429 13387 13384 13365 13350 13417 13407 13365 13331 13328 13286
13392 13382 13382 13379 13368 13343 13342 13339 13393 13397 13396 13387 13386 13386 13385 13380 13365 13345 13360 13362 13274
13384 13382 13380 13369 13346 13343 13343 13342 13399 13401 13345 13347 13387 13379 13362 13360 13367 13397 13379 13291 13291
13370 13366 13373 13359 13352 13350 13346 13348 13349 13347 13346 13354 13352 13362 13326 13365 13414 13401 13348 13305 13300
13368 13402 13402 13348 13348 13348 13346 13350 13350 13361 13373 13356 13365 13362 13357 13318 13316 13348 13343 13300 13290
13403 13391 13346 13342 13362 13360 13397 13402 13379 13375 13346 13363 13362 13318 13311 13305 13343 13342 13300 13288 13356
13363 13363 13364 13365 13371 13402 13401 13393 13392 13343 13332 13334 13333 13317 13303 13298 13270 13278 13281 13356 13429
