inst/extdata/modis/lst/modgrid/Lat43.00075Lon-78.78820Start2001-01-01End2013-12-31___MOD11A2/GRID_Lat43.00075Lon-78.78820Start2001-01-01End2013-12-31___MOD11A2_LST_Day_1km_A2008201.asc
ncols		 21
nrows		 21
xllcorner	 -6416881.12
yllcorner	 4772121.02
cellsize	 926.625433055834
NODATA_value	 0
14977 14971 14972 15027 15320 15020 15003 14949 15232 14951 14945 14933 14929 14964 14918 14901 14903 14905 14907 14892 14863
14850 14885 14888 14907 14928 14923 14912 14916 14909 14917 14923 14928 14965 14970 14957 14958 14928 14929 14909 14885 14862
14802 14814 14811 14809 14838 14844 14854 14856 14875 14911 14928 14977 14982 14980 14973 14942 14927 14909 14896 14877 14881
14781 14798 14800 14806 14784 14764 14766 14812 14870 14914 15009 15018 14990 14986 14955 14937 14911 14890 14873 14876 14872
14837 14863 14869 14821 14788 14776 14793 14847 14927 14965 15038 15015 14998 14999 14945 14920 14895 14889 14865 14873 14875
14893 14892 14868 14839 14822 14803 14818 14891 14942 15032 15022 14973 14954 14962 14962 14931 14887 14869 14885 14907 14945
14933 14930 14909 14886 14852 14882 14944 14987 15012 15057 14982 14968 15023 14984 14977 14939 14918 14925 14939 14933 14948
14864 14864 14867 14854 14862 14904 14968 15007 15070 15039 14999 15020 15052 14983 14961 14946 14950 14967 14946 14940 14933
14857 14860 14903 14927 14933 15003 15090 15077 15057 15020 15055 15064 15022 14946 14962 14978 14952 14929 14944 14977 14998
14891 14900 14926 14960 15065 15112 15099 15075 15080 15107 15098 15067 15046 15042 14971 14946 14915 14967 14985 15006 15009
14911 14965 15001 15052 15110 15107 15090 15084 15085 15105 15062 15049 14993 14910 15046 15022 14969 15006 15043 15038 15015
14966 15002 15050 15068 15073 15078 15129 15037 15060 15004 14983 14955 14939 14958 15010 15034 15042 15062 15048 15034 14994
15030 15065 15080 15089 15088 15094 15079 15090 15021 14987 14977 14945 14972 14994 14978 15094 14962 15044 15042 14966 14893
15075 15207 15094 15085 15089 15079 15088 15060 15004 14976 15096 15078 14977 14978 15099 15067 15142 15127 15066 15036 15020
15192 15193 15073 15076 15041 15045 15042 15116 15118 15102 15075 15070 15100 15100 15071 15105 15159 15073 15048 15037 14997
15084 15058 15050 15149 15027 15114 15102 15106 15101 15103 15102 15089 15095 15097 15114 15132 15095 15056 14977 14936 14957
15063 15148 15149 15146 15123 15104 15101 15099 15105 15112 15084 15091 15089 15075 15022 14999 15036 15097 14976 14976 14937
15145 15144 15150 15144 15128 15122 15121 15116 15111 15101 15053 15038 15033 14989 14962 14965 14952 14963 14978 14978 14966
15147 15159 15155 15131 15118 15116 15115 15119 15127 15109 15097 15064 15054 15016 14963 14933 14925 14939 14954 14943 14889
15164 15165 15138 15109 15109 15115 15123 15126 15125 15112 15087 15080 15074 15026 14995 14950 14935 14935 14920 14894 14877
15167 15160 15140 15131 15126 15139 15141 15149 15164 15139 15072 15065 15091 15055 14977 14957 14932 14912 14873 14868 14859
