inst/extdata/modis/lst/modgrid/Lat43.00075Lon-78.78820Start2001-01-01End2013-12-31___MOD11A2/GRID_Lat43.00075Lon-78.78820Start2001-01-01End2013-12-31___MOD11A2_LST_Day_1km_A2011241.asc
ncols		 21
nrows		 21
xllcorner	 -6416881.12
yllcorner	 4772121.02
cellsize	 926.625433055834
NODATA_value	 0
15143 15011 15065 15218 15266 15257 15194 15203 15006 15023 14985 15014 15005 14992 15014 14981 14964 14963 14968 14960 15003
14915 14980 14970 14939 15042 15111 14883 14887 14905 14908 14965 14986 15013 15047 15042 15034 14979 14964 14961 15007 15006
14889 14917 14897 14872 14774 14801 14802 14838 14884 14944 14968 14995 15038 15041 15035 15030 15000 14946 14970 14984 14988
14698 14740 14786 14748 14797 14745 14785 14855 14929 14987 15011 15028 15056 15069 15049 15012 14966 14942 14957 14941 14918
14869 14792 14959 14889 14800 14809 14828 14914 15037 15103 15070 15080 15075 15062 15036 15058 14999 14911 14903 14909 14898
14892 14964 15038 15011 14848 14813 14840 14983 15081 15122 15086 15035 15048 15063 15059 14908 14881 14886 14919 15079 15108
14977 15082 14965 14919 14892 14894 15002 15057 15107 15081 15059 15054 15089 15104 14972 14921 14881 14976 14995 15069 15083
14980 14984 14929 14914 14943 15007 15046 15110 15110 15096 15079 15087 15088 15130 15091 15067 15015 15027 15054 15103 15140
14980 14989 14976 14993 15020 15075 15116 15066 15071 15094 15095 15087 15074 15053 15064 15058 15064 15066 15104 15173 15184
14972 14975 15025 15056 15127 15146 15143 15115 15146 15172 15163 15133 15118 15142 15124 15105 15067 15036 15146 15172 15065
14950 15045 15093 15162 15197 15201 15181 15218 15235 15220 15173 15152 15135 15088 15094 15115 15084 15144 15173 15068 14948
14996 15078 15161 15203 15242 15253 15261 15277 15284 15204 15181 15157 15108 15092 15187 15241 15201 15173 15201 15060 15046
15096 15177 15210 15242 15278 15295 15300 15302 15254 15231 15197 15158 15173 15228 15258 15150 15157 15182 15082 15034 15014
15163 15232 15262 15254 15275 15271 15259 15234 15223 15205 15184 15204 15206 15255 15156 15159 15233 15095 15034 15035 15022
15213 15244 15212 15248 15221 15210 15194 15121 15158 15172 15226 15218 15254 15176 15158 15232 15131 15077 15032 15011 14973
15250 15208 15253 15242 15227 15216 15190 15108 15155 15251 15245 15244 15211 15230 15208 15116 15098 15042 15008 14967 14929
15265 15257 15239 15232 15161 15144 15147 15171 15269 15269 15217 15149 15152 15055 15073 15060 15018 14996 14983 14962 14953
15245 15245 15265 15322 15302 15192 15187 15248 15258 15245 15162 15140 15020 15031 15021 14984 14963 14971 14977 14979 14964
15267 15277 15330 15295 15261 15260 15268 15303 15269 15245 15086 15059 15052 15033 14973 14937 14937 14955 14973 14967 14960
15267 15338 15299 15259 15254 15282 15327 15321 15315 15104 15089 15096 15084 15072 15034 14989 14976 14968 14982 14995 14933
15336 15322 15299 15228 15243 15171 15184 15181 15154 15123 15132 15125 15111 15071 15038 15006 14992 14978 14967 14927 14900
