inst/extdata/modis/lst/modgrid/Lat43.00075Lon-78.78820Start2001-01-01End2013-12-31___MOD11A2/GRID_Lat43.00075Lon-78.78820Start2001-01-01End2013-12-31___MOD11A2_LST_Day_1km_A2013185.asc
ncols		 21
nrows		 21
xllcorner	 -6416881.12
yllcorner	 4772121.02
cellsize	 926.625433055834
NODATA_value	 0
15108 15089 15127 15121 15272 15249 15219 15166 15153 15147 15125 15040 15028 14985 14906 14885 14884 14883 14874 14859 14813
15016 15057 15093 15012 14985 14955 14915 15002 15028 14968 14973 14961 15019 14904 14883 14883 14883 14871 14847 14821 14839
14705 14771 14761 14771 14899 14820 14839 14854 14864 14862 14937 14940 0 0 0 14883 14876 14838 14836 14865 14874
14761 14743 14754 14807 14729 14742 14760 14845 14883 14973 15015 15185 15192 0 14883 14883 14832 14816 14830 14869 14864
14796 14802 14831 14811 14791 14770 14803 14853 14928 14997 15185 15192 15192 14988 14936 14936 14736 14736 14849 14857 14840
14943 14956 14834 14825 14818 14796 14822 14864 14988 15151 15096 14934 14977 15003 15051 14902 14868 14819 14819 14819 14848
14958 14915 14862 14847 14812 14811 15026 15238 15209 15092 14934 14981 15018 15051 14895 14868 14819 14819 14819 14888 14920
14913 14868 14837 14825 14827 14849 15157 15242 15291 15165 15074 15014 0 14917 14916 14914 14914 15016 15016 14961 14946
14907 14886 14886 14885 14887 15125 15239 15268 15170 15057 15031 15087 15075 15071 0 0 15016 15016 15002 14999 0
14884 14882 14893 14985 0 15180 15213 15284 15206 15037 15087 15074 15093 15173 0 0 0 14904 14931 0 0
14944 14939 0 0 15092 15186 15336 15299 15335 15401 0 15173 15173 15173 15112 15112 14881 14881 15211 15211 15033
15002 15182 15155 15210 15198 15234 15307 15362 15416 15401 0 15173 0 15112 15112 0 0 15211 15211 15248 15213
15242 15193 15129 15148 15129 15315 15450 15529 15357 15241 15164 0 15182 15192 15247 0 0 15211 15254 15207 15026
15277 15073 15169 15242 15217 15391 15476 15421 15260 15190 15001 15091 15173 15231 15137 15095 0 0 0 0 14826
15359 15235 15253 15246 15347 15380 15376 15311 15245 15001 15001 15128 15162 15126 15095 0 0 15045 14951 14856 14851
15265 15225 0 0 15360 15360 0 15306 15284 15249 0 15188 15188 15206 15206 15045 15045 14951 14856 14854 14843
15321 15293 0 15167 15197 15236 15306 15278 15249 0 15188 15177 15162 15159 15130 14852 14853 14961 14962 14886 14844
15365 0 15167 15204 15236 0 15154 15166 0 0 15176 15151 15052 15051 14852 14844 14955 14957 14883 14850 14807
0 0 0 0 0 15149 15163 15284 15284 15231 15245 15110 14972 14852 14923 14924 14841 14865 14851 14808 14808
0 0 0 0 15163 15194 15298 15272 15114 15114 15204 15223 0 15009 14920 14832 14831 0 0 14809 14800
15259 0 0 15177 15237 15359 15208 15174 15114 15202 15211 0 0 0 0 0 0 14746 14771 14770 14793
