inst/extdata/modis/lst/modgrid/Lat43.00075Lon-78.78820Start2001-01-01End2013-12-31___MOD11A2/GRID_Lat43.00075Lon-78.78820Start2001-01-01End2013-12-31___MOD11A2_LST_Day_1km_A2006161.asc
ncols		 21
nrows		 21
xllcorner	 -6416881.12
yllcorner	 4772121.02
cellsize	 926.625433055834
NODATA_value	 0
15093 15130 15169 15190 15180 15139 15118 15095 15139 15134 15099 15136 15126 15036 14979 14893 14894 15021 14976 14881 14848
14932 14999 15046 15042 15039 14982 14969 14993 14971 15035 15046 15079 15084 15069 15053 14999 15005 14968 14919 14914 14884
14699 14699 14752 14925 14817 14802 14807 14913 14942 14955 15049 15043 15053 15020 15034 14986 14942 14961 14941 14939 14969
14632 14685 14669 14665 14670 14675 14671 14791 14868 15059 15059 15062 14995 15025 14947 14920 14932 14917 14845 14894 14965
14836 14847 14851 14816 14743 14773 14670 14755 14953 15076 15086 15166 15039 14992 14965 14954 14912 14746 14785 14891 15044
14932 14947 14914 14828 14762 14693 14691 14875 14991 15140 15076 14918 14937 14975 15047 15010 14779 14777 14855 14987 15033
14967 14970 14981 14925 14833 14764 14825 14962 15345 15049 14906 14928 14983 15346 15109 14904 14840 14910 14955 14987 14921
14943 14894 14893 14885 14880 14874 14992 15383 15171 15111 14950 14976 15132 15039 14990 14963 14968 14971 15115 14932 14936
14866 14874 14916 14905 14920 14995 15170 15214 15039 15028 15062 15108 15051 15039 15047 15042 15062 14993 14987 14976 14918
14846 14882 14939 15012 15066 15127 15139 15083 15091 15129 15142 15128 15128 15114 15169 15132 14951 14906 15050 14971 15029
14882 15037 15086 15197 15236 15427 15154 15159 15207 15176 15138 15138 15127 15183 15081 14994 14971 15070 15001 15069 15073
15010 15132 15316 15247 15452 15319 15184 15198 15327 15173 15151 15225 15190 15104 15103 15101 15116 15219 15106 15105 15015
15370 15454 15470 15466 15470 15209 15331 15339 15308 15453 15219 15189 15177 15182 15094 15075 15157 15133 15143 15043 14992
15431 15475 15279 15272 15289 15317 15327 15292 15164 15149 15180 15140 15140 15083 15083 15139 15192 15392 15093 15067 15014
15303 15299 15269 15263 15270 15267 15143 15120 15120 15163 15135 15084 15101 15150 15146 15191 15384 15138 15080 15013 14893
15323 15288 15279 15275 15259 15202 15173 15159 15153 15157 15109 15106 15160 15181 15202 15398 15191 15095 15021 14876 14850
15292 15300 15302 15288 15160 15122 15178 15173 15180 15112 15107 15167 15180 15164 15153 15157 15096 15044 15016 14896 14886
15264 15306 15315 15210 15168 15230 15212 15214 15145 15137 15184 15154 15126 15033 15007 14824 14784 14843 14871 14998 14904
15268 15293 15303 15252 15190 15236 15227 15252 15261 15268 15216 15167 15057 14955 14841 14785 14835 14849 14908 14882 14883
15318 15315 15258 15169 15216 15219 15246 15257 15283 15219 15183 15147 15043 15008 14876 14902 14879 14880 14921 14886 14833
15339 15322 15239 15236 15249 15261 15261 15266 15244 15197 15183 15184 15074 14993 14914 14926 14910 14901 14860 14849 14866
