inst/extdata/modis/lst/modgrid/Lat43.00075Lon-78.78820Start2001-01-01End2013-12-31___MOD11A2/GRID_Lat43.00075Lon-78.78820Start2001-01-01End2013-12-31___MOD11A2_LST_Day_1km_A2008073.asc
ncols		 21
nrows		 21
xllcorner	 -6416881.12
yllcorner	 4772121.02
cellsize	 926.625433055834
NODATA_value	 0
0 0 0 0 0 0 0 0 0 0 13631 13627 13632 13627 13628 13622 13633 13608 13581 13591 13600
13644 13628 13744 0 13617 13617 13617 13488 13488 13554 13629 13655 13656 13671 13671 13646 13608 13587 13583 13603 13627
13637 13656 13573 13590 13615 13668 13644 13594 13618 13604 13648 13664 13698 13694 13698 13655 13611 13586 13609 13629 13618
13635 13576 13575 13574 13668 13656 13621 13623 13664 13683 13697 13705 13708 13702 13680 13624 13601 13626 13633 13615 13599
13587 13588 13596 13679 13674 13674 13666 13661 13683 13730 0 0 13692 13696 13653 13645 13649 13638 13618 13600 13594
13632 13633 13628 13608 13673 13661 13670 13700 13741 13794 13711 13682 13679 13681 13707 13693 13655 13638 13647 13663 13682
13632 13637 13657 13624 13670 13678 13725 13741 13794 13711 13674 13673 13721 13718 13696 13665 13657 13672 13688 13724 13707
13621 13623 13621 13629 13635 13656 13661 0 0 13701 13704 13710 0 13731 13704 13698 13712 13719 13730 13693 13694
13627 13625 13643 13665 13690 13672 0 0 0 13748 13737 0 13731 13731 13698 13726 13748 13754 13738 13718 13701
13638 13666 13672 13697 0 0 0 0 13763 13763 0 0 13731 0 0 13770 13752 13719 13733 13707 13695
13640 13684 13706 0 0 0 0 0 0 0 0 0 13692 13692 0 13738 13713 13734 13734 13732 13732
13697 13706 0 0 0 0 0 0 0 0 0 13692 13692 0 0 0 0 0 13732 13732 13671
0 0 0 0 0 0 0 0 0 0 0 13692 0 0 0 0 0 0 13670 13670 13628
0 0 0 0 0 0 0 0 0 0 0 13724 13724 0 0 0 0 0 0 13643 13637
0 0 0 0 0 0 0 0 0 0 13724 13724 13724 0 0 0 0 0 13651 13651 0
0 0 0 0 0 0 0 0 0 0 13724 0 0 0 0 0 0 0 13665 13580 13580
0 0 0 0 0 0 0 0 0 0 0 0 0 0 13672 13668 13661 13665 13625 13591 13541
0 0 0 0 0 0 0 0 0 0 0 0 13655 13658 13664 13650 13631 13610 13604 13486 13456
0 0 0 0 0 0 0 0 0 0 0 13655 13655 0 13631 13622 13605 13588 13485 13479 13473
0 0 13718 13718 13718 0 0 0 0 0 0 0 0 13629 13631 13617 13584 13548 13480 13480 13510
0 13718 13718 13718 0 0 0 0 0 0 0 0 0 13645 13645 13584 13584 13527 13527 0 13471
