inst/extdata/modis/lst/modgrid/Lat43.00075Lon-78.78820Start2001-01-01End2013-12-31___MOD11A2/GRID_Lat43.00075Lon-78.78820Start2001-01-01End2013-12-31___MOD11A2_LST_Day_1km_A2009025.asc
ncols		 21
nrows		 21
xllcorner	 -6416881.12
yllcorner	 4772121.02
cellsize	 926.625433055834
NODATA_value	 0
13560 13434 13433 13438 13427 13427 13419 13413 13410 13402 13394 13391 13255 13251 13249 13240 13236 13240 13236 13225 13237
13506 13495 13458 13478 13441 13439 13436 13422 13402 13395 13386 13238 13239 13246 13243 13243 13242 13242 13237 13238 13239
13506 13506 13519 13516 13503 13534 13462 13418 13395 13248 13234 13235 13365 13361 13246 13357 13359 13239 13238 13353 13351
13485 13464 13464 13469 13482 13511 13497 13453 13252 13378 13375 13369 13361 13360 13359 13373 13377 13374 13359 13248 13247
13425 13430 13411 13403 13403 13453 13453 13395 13378 13378 13373 13371 13368 13362 13364 13371 13387 13383 13260 13254 13350
13392 13401 13395 13393 13520 13396 13395 0 13378 13372 13371 13371 13369 13369 13365 13380 13392 13389 13374 13360 13356
13388 13383 13519 13519 13391 13539 13685 13685 13685 0 13371 13369 13369 13369 13373 13373 13269 13262 13364 13362 13357
13371 13522 13368 13393 13541 13543 13565 13564 13443 0 0 0 13369 13373 13373 13264 13255 13353 13356 13360 13356
13373 13394 13413 13551 13555 13570 13570 13432 13402 13402 13402 0 0 0 13353 13353 13353 13353 0 0 13360
13548 13555 13552 13552 13566 13565 13551 13543 13402 13402 0 0 0 0 0 0 0 0 0 0 0
13691 13552 13550 13683 13686 13686 13543 13545 13545 0 0 0 0 0 0 0 0 0 0 0 0
13682 13685 13686 13689 13689 13688 13692 13692 13704 0 0 0 0 0 0 0 0 0 0 0 13315
13684 13687 13693 13692 13690 13696 13696 13704 0 0 0 0 0 0 0 0 0 0 13346 0 0
13689 13703 13703 13696 13691 13692 13695 0 0 13694 13694 13694 0 0 0 0 0 13346 13346 13346 13323
13705 13706 13700 13694 13693 13689 13689 13688 13692 13693 13690 13677 13677 0 0 13346 13346 13346 13344 13317 13316
13700 13701 13704 13700 13692 13692 13692 13690 13690 13682 13675 13674 13669 0 0 0 13346 13337 13316 13316 13316
13710 13718 13716 13703 13701 13695 13688 13688 13670 13663 13665 13669 0 0 0 0 0 0 13316 13316 0
13704 13705 13697 13699 13688 13679 13682 13642 13640 13643 13669 0 0 0 0 0 0 0 0 0 0
13693 13684 13684 13667 13652 13652 13649 13637 13637 0 0 0 0 0 0 0 0 0 0 0 0
13678 13678 13670 13652 13652 13652 0 0 0 0 0 0 0 0 0 0 0 0 0 0 0
13676 13676 0 0 0 0 0 0 0 0 0 0 0 0 0 0 0 0 0 0 0
