inst/extdata/modis/lst/modgrid/Lat43.00075Lon-78.78820Start2001-01-01End2013-12-31___MOD11A2/GRID_Lat43.00075Lon-78.78820Start2001-01-01End2013-12-31___MOD11A2_LST_Day_1km_A2004313.asc
ncols		 21
nrows		 21
xllcorner	 -6416881.12
yllcorner	 4772121.02
cellsize	 926.625433055834
NODATA_value	 0
14016 14007 14019 14036 14026 14012 14004 13978 13978 13971 13965 13962 13937 13925 13914 13906 13910 13943 13938 13931 13923
13900 13974 14006 14013 14008 13973 13949 13960 13961 13958 13963 13975 13927 13921 13920 13928 13931 13907 13918 13957 13949
13988 14019 14015 14024 14002 13988 13990 13981 13995 13953 13938 13984 13918 13923 13926 13933 13900 13953 13956 13949 13947
14000 13989 14017 14012 13993 14016 14023 14022 14013 13928 13912 13936 13874 13889 13878 13883 13937 13938 13944 14034 14038
13959 13953 14032 13988 13999 14017 14063 13986 13946 13922 13974 13888 13872 13860 13945 13980 13951 13942 13927 14026 13926
13974 14036 14017 13998 13989 13956 13967 13953 13922 13984 13975 13946 13938 13989 14007 13993 13951 13937 13935 13929 13861
14017 14027 13969 13959 13954 13985 14000 14049 14017 13990 13961 13964 13986 14016 14008 13965 13957 13956 13863 13875 13885
14016 13968 13958 13949 13990 14011 14006 14058 14129 13972 13974 14094 14106 14000 13985 13984 13979 13876 13899 13924 13922
13934 13930 13983 14063 14018 14013 14135 14131 14115 14116 14122 14123 14119 13985 13990 13993 13892 13924 13936 13929 13933
13963 14039 14068 14072 14073 14134 14125 13977 13983 13986 13988 14138 14129 14116 14114 13921 13956 13965 13976 13975 13917
14036 14050 14056 14043 14031 14027 13984 13980 13985 14001 14028 14022 14020 13932 13933 13909 13921 13977 13922 13935 13935
14007 14010 14003 13996 14005 14017 14020 14008 14020 14025 14016 14000 13993 13888 13915 13934 13940 13942 13951 13952 13858
13980 13992 13992 14001 14026 14029 14034 14037 14036 14025 13993 13989 13929 13956 13942 13948 13952 13977 14068 13860 13864
14005 14017 14029 14024 14028 14030 14073 14143 13967 13976 13975 13888 13915 13950 13946 13930 13962 13951 13935 13926 13895
14025 14045 14034 14038 14043 14102 14083 13961 13961 13900 13902 13950 13959 13955 13929 13956 13958 13937 13924 13923 13873
14109 14108 14057 14118 14112 14079 14063 13975 13913 13906 13966 13973 13976 13992 13977 13974 13966 13947 13901 13889 13882
14131 14045 14051 14139 14115 14097 14081 13952 13946 13939 13952 13971 13977 13985 13997 13992 13954 13899 13910 13921 13913
14052 14042 14050 14050 14120 14111 14095 14007 13943 13957 13950 13970 14000 13936 13930 13906 13956 13979 13938 13932 13945
13972 13977 13988 14140 14102 14101 14012 14037 14002 13986 14011 13943 13948 13956 13930 13898 13964 13983 13994 13966 13972
13989 13985 13975 14066 14084 14007 13994 13999 13991 14042 14037 13964 13985 13951 13967 13949 13975 13977 13981 13980 13979
14026 14113 14074 14060 13988 13997 14015 14020 14022 14006 14047 14058 14025 13982 13960 13886 13877 13950 13941 13930 13932
