inst/extdata/modis/lst/modgrid/Lat43.00075Lon-78.78820Start2001-01-01End2013-12-31___MOD11A2/GRID_Lat43.00075Lon-78.78820Start2001-01-01End2013-12-31___MOD11A2_LST_Day_1km_A2007313.asc
ncols		 21
nrows		 21
xllcorner	 -6416881.12
yllcorner	 4772121.02
cellsize	 926.625433055834
NODATA_value	 0
14216 14233 14033 14033 14058 14084 14228 14228 14230 14246 14250 14250 14252 14255 14255 14254 14253 14246 14241 13858 13868
14233 14233 14033 14062 14066 14139 14221 14222 14232 14235 14235 14238 14257 14257 14257 14257 14240 14236 13781 13781 13789
14194 14196 14030 14046 14127 14136 14154 14167 14051 14051 14222 14256 14256 14256 14256 14235 14234 13780 13780 13824 13885
14191 14019 14043 14125 14122 14051 14064 14067 14067 14239 14258 14258 14257 14253 14221 14219 14219 14218 13873 13876 13877
13999 14005 14006 14022 14050 14152 14060 14062 14067 14266 14265 14264 14254 14231 14229 14228 14226 14223 13881 13881 13920
14010 14018 14018 14228 14004 14151 14051 14077 14117 14281 14281 14273 14259 14258 14256 14252 14245 14243 14242 13924 13956
14013 14015 14030 14012 14010 14039 14068 14118 14283 14283 14280 14271 14270 14269 14277 14279 14277 14275 13917 13933 13941
14005 14020 14026 14020 14060 14065 14280 14281 14281 14279 14278 14278 14278 14284 14291 14291 14290 13850 13886 13897 14005
14003 14015 14058 14057 14099 14132 14278 14279 14280 14282 14282 14281 14282 14284 14285 14285 13848 13849 13869 13998 14001
14016 14074 14072 14093 14111 14284 14283 14284 14293 14293 14293 14292 14289 14288 14287 14291 14298 13948 13947 13944 14005
14075 14075 14058 14071 14082 14292 14294 14305 14307 14307 14303 14297 14296 14296 14300 14308 13952 13952 13950 14028 14077
14261 13997 14032 14082 14075 14074 14309 14313 14313 14311 14298 14294 14294 14299 14311 14314 14314 14312 14064 14062 14061
14273 14023 14031 14055 14060 14306 14310 14310 14309 14297 14294 14294 14298 14314 13972 13972 14313 13955 13963 13974 14062
14023 14023 14051 14054 14313 14311 14310 14304 14296 14296 14296 14303 14319 13977 13984 13979 13946 13930 13943 14025 14020
14338 14339 14343 14338 14337 14336 14319 14303 14303 14302 14295 14282 13910 13949 13958 13996 14291 13995 13981 13962 14014
14340 14350 14348 14347 14346 14325 14310 14310 14309 14297 14287 13830 13849 13857 13903 14289 14289 13966 13949 13987 14028
14363 14361 14360 14360 14339 14323 14323 14322 14307 14288 13831 13833 13785 13819 13928 13929 14250 14223 13969 13993 14000
14358 14359 14272 14263 14329 14329 14329 14309 14287 14286 14286 13845 13839 13915 13914 13897 14222 13845 13918 13938 14030
14337 14261 14257 14255 14255 14326 14313 14290 14290 14290 14274 13913 13914 13913 13900 14220 13815 13809 13897 14001 14039
14229 14238 14247 14327 14326 14326 14333 14335 14329 14307 14299 14298 14296 14265 14226 13801 13801 13831 13950 13960 14028
14234 14236 14244 14244 14244 14240 14344 14343 14311 14312 14311 14311 14277 14226 14112 14113 13943 13939 13936 14040 14077
