inst/extdata/modis/lst/modgrid/Lat43.00075Lon-78.78820Start2001-01-01End2013-12-31___MOD11A2/GRID_Lat43.00075Lon-78.78820Start2001-01-01End2013-12-31___MOD11A2_LST_Day_1km_A2007089.asc
ncols		 21
nrows		 21
xllcorner	 -6416881.12
yllcorner	 4772121.02
cellsize	 926.625433055834
NODATA_value	 0
14098 14115 14124 14136 14149 0 0 0 0 0 0 0 0 0 0 0 0 0 0 0 14290
14028 14035 14045 14068 14042 14042 14057 14206 14206 14206 14206 0 0 0 0 0 0 0 0 0 0
13805 13829 13927 0 13953 13963 14108 14149 14151 14154 14059 0 0 0 0 0 0 0 0 0 0
13761 13864 13889 13892 0 13995 14050 14056 14062 14059 0 0 0 0 0 0 0 0 0 0 0
14008 14034 14023 14017 14041 14044 14043 14042 14084 0 0 0 0 0 0 0 0 0 0 0 0
14165 14162 14156 14125 14109 14106 14102 14230 14344 14344 14344 14344 0 0 0 0 0 0 0 0 0
14187 14186 14168 14167 14164 14161 14296 14369 14367 14366 14393 0 0 0 0 0 0 0 0 0 0
14204 14228 14232 14229 14226 14348 14408 14406 14403 14447 14510 14510 14510 14510 0 0 0 0 0 0 0
14235 14249 14248 14248 14371 14443 14442 14440 14478 14510 14510 14510 14510 0 0 0 0 0 0 0 0
14261 14261 14260 14393 14476 14474 14473 14486 14510 14510 14510 14510 0 0 0 0 0 0 0 0 0
14267 14266 14425 14487 14487 14486 14483 0 0 0 0 0 0 0 0 0 0 0 0 0 0
14350 14479 14511 14509 14508 14506 0 0 0 0 0 0 0 0 0 0 0 0 0 14161 14161
14484 14518 14518 14518 14518 0 0 14656 14656 14656 14656 14656 0 0 0 0 0 0 14161 14161 14262
14518 14518 14518 14621 14642 14642 14649 14643 14641 14643 14638 14604 0 0 0 0 0 0 0 14223 14221
0 0 14642 14642 14642 14646 14635 14629 14629 14623 14616 14627 14627 14627 0 0 14275 14275 14249 14229 14228
0 14679 14677 14674 14666 14647 14639 14638 14632 14624 14626 14626 14626 14622 0 14275 14275 14252 14234 14234 14364
14696 14696 14696 14690 14669 14660 14659 14654 14630 14624 14624 14623 14622 0 0 0 0 0 14235 14286 14330
14673 14675 14677 14672 14667 14667 14664 14637 14622 14622 14622 14622 0 0 0 0 0 14235 14281 14326 14326
14649 14654 14662 14661 14662 14661 14656 0 0 0 0 0 0 0 0 0 0 14322 14342 14344 14342
14652 14657 14654 14654 14654 14653 0 0 0 0 0 0 0 0 0 0 14374 14375 14374 14372 14361
14657 14651 14651 14651 14650 0 0 14641 14641 14641 14641 14641 0 0 0 14384 14364 14361 14363 14341 14281
