inst/extdata/modis/lst/modgrid/Lat43.00075Lon-78.78820Start2001-01-01End2013-12-31___MOD11A2/GRID_Lat43.00075Lon-78.78820Start2001-01-01End2013-12-31___MOD11A2_LST_Day_1km_A2005113.asc
ncols		 21
nrows		 21
xllcorner	 -6416881.12
yllcorner	 4772121.02
cellsize	 926.625433055834
NODATA_value	 0
0 0 0 14522 14504 14531 14571 14574 14578 14590 14601 14588 14355 14356 14358 14359 14408 14452 14452 14453 14460
0 14379 14407 14407 14408 14460 14481 14555 14576 14575 14576 14333 14333 14333 14333 14396 14464 14463 14462 14466 14460
13996 14078 14115 14356 14417 14346 14358 14419 14523 14564 14333 14333 14333 14333 14405 14474 14474 14474 14455 14442 14443
14126 14148 14188 14286 14286 14286 14308 14431 14464 14496 14554 14589 14590 14467 14454 14455 14456 14436 14399 14401 14403
14362 14446 14441 14440 14286 14289 14294 14295 14454 14511 14574 14583 14440 14440 14440 14440 14412 14371 14372 14373 14400
14518 14515 14503 14475 14392 14337 14290 14336 14526 14566 14568 14547 14475 14465 14478 14384 14377 14377 14376 14414 14442
14553 14555 14528 14418 14406 14359 14297 14547 14553 14558 14533 14451 14442 14444 14463 14379 14379 14379 14426 14441 14441
14537 14523 14607 14607 14530 14468 14477 14571 14610 14537 14537 14537 14537 14571 14588 0 0 0 0 0 0
14520 14611 14650 14537 14511 14489 14616 14603 14570 14554 14564 14563 14578 14561 14560 14588 14588 0 0 0 0
14559 14479 14532 14584 14602 14683 14623 14609 14630 14589 14588 14605 14567 14552 14504 14601 14605 14605 14605 0 0
14544 14603 14638 14655 14658 14619 14647 14660 14648 14646 14626 14569 14533 14512 14621 14625 14625 14626 14647 0 0
14629 14649 14646 14649 14638 14669 14678 14689 14685 14638 14575 14548 14538 14537 14649 14647 14646 14647 0 0 0
14660 14657 14656 14655 14679 14694 14696 14698 14651 14614 14609 14571 14538 14625 14625 14625 14617 14588 14588 0 0
14667 14680 14666 14683 14697 14699 14698 14659 14646 14619 14619 14619 14622 14622 14620 14616 14587 14588 0 0 0
14777 14741 14704 14705 14706 14697 14668 14653 14630 14622 14616 14615 14615 14612 14608 14607 14608 14628 14628 0 0
14789 14763 14750 14752 14715 14646 14637 14626 14631 14615 14613 14542 14540 14607 14606 14605 14619 14563 14523 14523 14523
14785 14772 14769 14706 14662 14648 14599 14588 14567 14561 14545 14539 14604 14605 14605 14612 14533 14523 14523 14523 0
14775 14759 14718 14681 14645 14565 14588 14584 14577 14577 14636 14633 14614 14614 14599 14517 14517 14518 14517 14499 14499
14786 14763 14735 14646 14536 14572 14577 14637 14637 14641 14692 14693 14693 14611 14545 14544 14542 14537 14525 14523 14521
14754 14719 14681 14623 14575 14644 14690 14690 14700 14708 14707 14706 14664 14590 14588 14585 14577 14555 14553 14552 14523
14726 14674 14764 14804 14725 14721 14718 14732 14737 14738 14737 14701 14631 14629 14626 14582 14546 14548 14550 14543 14513
