inst/extdata/modis/lst/modgrid/Lat43.00075Lon-78.78820Start2001-01-01End2013-12-31___MOD11A2/GRID_Lat43.00075Lon-78.78820Start2001-01-01End2013-12-31___MOD11A2_LST_Day_1km_A2003313.asc
ncols		 21
nrows		 21
xllcorner	 -6416881.12
yllcorner	 4772121.02
cellsize	 926.625433055834
NODATA_value	 0
14031 14039 14045 14035 14020 14009 14008 14004 13995 13996 13993 14009 14001 13999 13984 13957 13952 13957 13956 13952 13947
14058 14069 14022 14006 14004 14007 14000 13978 13970 13976 14007 14009 14014 14000 13985 13966 13961 13954 13960 13961 13950
14096 14095 14072 14052 14053 14051 14041 14034 14026 14004 14004 14006 13993 13990 13980 13959 13944 13955 13954 13949 13953
14032 14001 14003 14022 14021 14046 14056 14055 14026 14019 14018 14011 14012 13999 13960 13946 13949 13944 13932 13940 13944
13976 13961 13971 13948 13973 13996 14033 14077 14075 14069 14037 14024 14007 13983 13973 13990 13967 13938 13934 13941 13942
13966 13970 13970 13966 13968 13994 14071 14085 14074 14035 14016 14001 13999 14009 14017 13992 13955 13948 13947 13946 13947
14001 14004 14002 13962 13962 14034 14066 14066 14044 14027 14018 14016 14018 14026 14021 13980 13977 13995 13980 13969 13964
13991 14002 13963 13971 14017 14075 14069 14048 14034 14022 14009 14014 14021 14025 14002 13997 14007 14001 14002 13996 14000
14000 13998 13984 14049 14079 14065 14049 14036 14031 14033 14033 14037 14033 14018 14024 14020 14014 14015 14017 14019 14014
14033 14045 14037 14049 14049 14043 14043 14046 14046 14047 14049 14051 14046 14040 14030 14028 14020 14010 13999 13996 14000
14042 14003 14024 14034 14039 14033 14031 14044 14057 14062 14045 14038 14040 14037 14042 14041 14032 14023 14019 14023 14015
13988 14013 14026 14037 14038 14043 14052 14063 14074 14048 14027 14029 14040 14052 14055 14049 14046 14040 14050 14047 14023
14017 14050 14061 14048 14053 14067 14074 14081 14071 14049 14042 14046 14052 14049 14047 14041 14040 14053 14051 14028 14005
14056 14077 14072 14068 14066 14071 14076 14063 14047 14041 14041 14031 14032 14059 14040 14036 14049 14042 14024 14011 13981
14092 14082 14072 14060 14056 14055 14044 14034 14033 14033 14028 14026 14039 14034 14040 14044 14043 14029 14013 13984 13964
14149 14133 14083 14081 14074 14047 14035 14034 14029 14028 14036 14027 14035 14057 14053 14058 14041 14013 13977 13960 13948
14139 14128 14083 14079 14056 14042 14042 14037 14038 14043 14036 14040 14056 14041 14021 14013 13994 13960 13954 13954 13951
14121 14114 14103 14096 14073 14070 14053 14046 14052 14050 14037 14027 14040 14029 14006 13987 13956 13957 13967 13960 13951
14116 14103 14103 14089 14088 14066 14053 14058 14057 14046 14037 14039 14041 14035 13996 13950 13942 13952 13956 13950 13945
14122 14104 14099 14086 14080 14066 14071 14074 14076 14077 14064 14058 14063 14029 13982 13982 13969 13960 13957 13963 13962
14139 14129 14095 14074 14074 14085 14094 14102 14100 14087 14075 14078 14060 14014 13991 13982 13964 13958 13957 13958 13961
