inst/extdata/modis/lst/modgrid/Lat43.00075Lon-78.78820Start2001-01-01End2013-12-31___MOD11A2/GRID_Lat43.00075Lon-78.78820Start2001-01-01End2013-12-31___MOD11A2_LST_Day_1km_A2011161.asc
ncols		 21
nrows		 21
xllcorner	 -6416881.12
yllcorner	 4772121.02
cellsize	 926.625433055834
NODATA_value	 0
15280 15267 15283 15298 15296 15291 15237 15225 15209 15162 15148 15160 15135 15118 15077 15055 15053 15057 15052 15013 14990
14885 15074 15090 15093 15101 15075 15070 15055 15059 15058 15078 15086 15111 15095 15090 15081 15044 15035 14992 14963 14932
14647 14815 14856 14881 14864 14852 14899 14947 15000 15011 15024 15047 15095 15118 15233 15145 15059 15002 14965 14935 14954
14738 14768 14774 14772 14771 14778 14797 14887 14993 15060 15144 15213 15247 15244 15187 15154 15097 15053 15037 15067 14972
14908 14941 14953 14906 14820 14765 14744 14876 15046 15156 15219 15200 15170 15116 15098 15091 15054 15003 15017 14961 14976
15028 15061 15020 14975 14896 14844 14842 14937 15164 15232 15185 15115 15084 15115 15141 15073 14928 14921 15000 15043 14990
15059 15072 15063 14997 14969 14944 14959 15143 15240 15214 15116 15090 15172 15213 15164 15059 14984 15043 15021 15026 15009
15030 15032 14999 14994 15001 15007 15105 15254 15264 15183 15129 15176 15223 15224 15161 15074 15100 15039 15050 15038 15013
14979 15016 15050 15054 15057 15134 15251 15260 15199 15164 15208 15203 15186 15184 15173 15177 15075 15061 15054 15010 15028
14930 14952 15066 15113 15218 15289 15290 15247 15222 15285 15292 15270 15236 15216 15210 15090 15050 15019 15011 15045 15052
14983 15085 15159 15261 15320 15324 15302 15293 15298 15302 15283 15256 15217 15190 15088 15093 15082 15104 15138 15108 15091
15163 15196 15283 15268 15280 15328 15334 15327 15352 15387 15267 15230 15187 15206 15224 15300 15159 15162 15186 15135 15077
15249 15345 15338 15328 15335 15343 15318 15333 15429 15274 15242 15209 15227 15222 15163 15191 15267 15325 15199 15125 15034
15338 15389 15377 15342 15306 15308 15345 15377 15326 15202 15170 15148 15132 15162 15179 15174 15200 15196 15130 15028 15008
15408 15386 15343 15340 15333 15344 15342 15207 15194 15178 15159 15125 15165 15183 15180 15200 15190 15159 15041 15025 14937
15427 15390 15376 15363 15343 15318 15195 15188 15186 15183 15187 15174 15258 15197 15207 15293 15272 15152 15015 14926 14902
15412 15387 15371 15360 15331 15196 15195 15192 15189 15193 15243 15231 15237 15141 15143 15113 15034 14997 14971 14947 14949
15376 15380 15394 15382 15338 15310 15203 15195 15293 15268 15229 15123 15088 15064 15032 14971 14923 14939 14947 14966 14955
15366 15400 15389 15345 15304 15295 15282 15298 15297 15295 15177 15133 15106 15070 14980 14918 14894 14913 14939 14949 14943
15389 15372 15318 15275 15269 15268 15282 15285 15311 15215 15179 15158 15140 15074 15016 14974 14941 14949 14959 14960 14947
15363 15334 15289 15274 15276 15300 15320 15323 15311 15285 15197 15193 15148 15077 15010 14975 14957 14944 14949 14953 14936
