inst/extdata/modis/lst/modgrid/Lat43.00075Lon-78.78820Start2001-01-01End2013-12-31___MOD11A2/GRID_Lat43.00075Lon-78.78820Start2001-01-01End2013-12-31___MOD11A2_LST_Day_1km_A2012089.asc
ncols		 21
nrows		 21
xllcorner	 -6416881.12
yllcorner	 4772121.02
cellsize	 926.625433055834
NODATA_value	 0
14513 14539 14538 14527 14532 14530 14524 14498 14474 14454 14448 14459 14452 14446 14424 14376 14364 14384 14385 14386 14360
14312 14389 14423 14463 14451 14436 14425 14416 14421 14410 14420 14432 14451 14438 14407 14390 14384 14388 14340 14359 14349
14147 14170 14165 14202 14271 14302 14328 14358 14391 14386 14405 14424 14429 14430 14420 14401 14382 14345 14343 14351 14360
14136 14218 14172 14157 14148 14164 14180 14234 14311 14446 14451 14465 14476 14457 14408 14382 14325 14312 14324 14355 14357
14354 14350 14369 14321 14260 0 14164 14234 14400 14475 14492 14474 14455 14415 14398 14331 14308 14286 14303 14327 14329
14411 14426 14400 14383 14338 14251 14218 14287 14417 14491 14454 14374 14372 14402 14422 14395 14296 14298 14323 14334 14384
14440 14430 14413 14391 14335 14303 14284 14376 14439 14405 14363 14379 14411 14438 14419 14382 14365 14367 14381 14392 14389
14418 14399 14394 14376 14360 14321 14429 14426 14395 14378 14426 14441 14432 14433 14417 14395 14399 14392 14397 14421 14395
14352 14370 14397 14396 14370 14446 14474 14479 14457 14451 14461 14454 14417 14429 14446 14455 14442 14437 14446 14422 14428
14318 14306 14322 14390 14426 14437 14518 14504 14501 14504 14488 14480 14480 14478 14482 14476 14440 14427 14440 14446 14436
14303 14392 14424 14443 14483 14485 14475 14491 14509 14537 14510 14497 14481 14479 14493 14506 14474 14472 14491 14493 14472
14436 14498 14508 14482 14469 14469 14511 14536 14553 14521 14455 14494 14477 14512 14486 14498 14503 14514 14523 14517 14470
14518 14531 14550 14425 14431 14451 14533 14557 14534 14480 14460 14504 14525 14492 14496 14481 14506 14513 14533 14490 14417
14544 14579 14569 14441 14441 14575 14593 14586 14478 14470 14525 14505 14439 14465 14460 14510 14470 14483 14479 14439 14413
14579 14581 14581 14559 14562 14568 14565 14527 14520 14517 14504 14429 14449 14454 14525 14534 14479 14460 14432 14429 14341
14590 14589 14577 14552 14547 14534 14520 14520 14520 14517 14501 14498 14506 14517 14536 14480 14460 14437 14403 14356 14332
14558 14563 14558 14550 14542 14526 14526 14526 14521 14512 14486 14484 14476 14486 14505 14490 14424 14377 14388 14374 14342
14542 14554 14539 14535 14563 14545 14530 14521 14517 14499 14469 14460 14464 14453 14428 14408 14352 14379 14389 14358 14333
14513 14541 14544 14563 14544 14539 14538 14535 14519 14502 14496 14493 14491 14462 14417 14352 14283 14296 14362 14355 14344
14547 14545 14582 14550 14538 14542 14546 14537 14552 14550 14530 14519 14514 14476 14421 14311 14301 14331 14347 14351 14355
14550 14591 14567 14546 14548 14563 14575 14586 14572 14556 14547 14541 14493 14446 14410 14384 14337 14336 14334 14334 14363
