inst/extdata/modis/lst/modgrid/Lat43.00075Lon-78.78820Start2001-01-01End2013-12-31___MOD11A2/GRID_Lat43.00075Lon-78.78820Start2001-01-01End2013-12-31___MOD11A2_LST_Day_1km_A2004081.asc
ncols		 21
nrows		 21
xllcorner	 -6416881.12
yllcorner	 4772121.02
cellsize	 926.625433055834
NODATA_value	 0
13998 14008 14328 14343 14343 14320 14278 14255 14259 14221 13915 13632 0 0 0 0 13881 14187 13887 13895 13899
13930 13959 13963 14018 14005 14273 14238 14224 14209 13914 13621 13606 14289 14289 13920 13916 13574 13885 13887 13891 13888
13766 13776 13771 13772 13771 13883 13895 13913 13889 13895 13909 14255 14289 14264 13916 13574 13561 13861 14163 13870 13879
13774 13766 13776 13765 13793 13803 13815 13855 13869 13911 14259 0 0 0 0 13624 14152 14152 13857 13868 13883
13885 13942 13952 14210 14118 13832 13837 13863 14008 14296 0 0 13587 13602 13624 13951 14278 14135 13851 13871 13892
14282 14286 14269 14243 13895 13863 13828 13934 13991 14331 13934 13930 13930 13944 13949 14266 14142 13850 13865 13891 13894
14311 14314 14303 14272 13905 13945 13901 14233 14336 13949 13945 13929 13945 14256 14192 14187 13874 13892 13911 14238 13899
14310 14296 13936 13921 13936 13934 14002 14055 14345 13967 13931 14274 14299 14281 14227 14253 14262 14269 14289 13942 13927
14280 14284 13943 13965 13971 14019 14061 14372 14345 14306 14305 14322 14310 14299 14321 14337 14344 14358 13978 13965 13971
14215 14158 14213 14266 14320 14390 14386 14369 14379 14385 14390 14360 14347 14359 14382 14395 14366 14324 14344 14367 14357
14164 14267 14312 14374 14405 14387 14372 14420 14416 14414 14375 14353 14340 14005 14019 14016 14361 14373 14393 14382 14349
14333 14350 14365 14400 14406 14410 14452 14445 14430 14382 14342 14328 14006 14025 14409 14388 14401 14407 14405 14394 14351
14400 14424 14445 14452 14455 14477 14477 14469 14436 14408 14392 14389 14401 14408 14403 14396 14399 14404 14405 13993 13971
14440 14488 14486 14489 14492 14487 14482 14468 14437 14421 14411 14400 14405 14415 14014 14013 14397 14401 13995 13981 13944
14514 14502 14499 14502 14494 14476 14450 14431 14425 14419 14405 14408 14415 14030 14029 14424 14430 14395 14363 14309 13928
14509 14498 14483 14484 14462 14431 14415 14413 14409 14407 14399 14395 14407 14021 14415 14435 14405 14375 14302 14262 13887
14517 14506 14497 14475 14441 14406 14411 14419 14404 14402 14395 14382 14375 14375 14378 14337 14294 14232 14269 14272 14274
14507 14512 14523 14528 14476 14458 14442 14425 14418 14406 14363 14345 14337 14346 14335 14307 14254 14270 14289 14298 14266
14503 14511 14506 14454 14438 14433 14434 14433 14432 0 14405 14404 14400 14382 14000 13977 14279 13940 13954 14286 14302
14524 14519 14490 14443 14442 14444 14441 14456 14468 14456 14449 14444 14427 14021 13992 13975 13959 13958 14321 14321 14319
14547 14221 14196 14466 14472 14474 14495 14501 14498 14479 14475 14465 14435 14009 13984 14327 14317 13940 14324 13921 13928
