inst/extdata/modis/lst/modgrid/Lat43.00075Lon-78.78820Start2001-01-01End2013-12-31___MOD11A2/GRID_Lat43.00075Lon-78.78820Start2001-01-01End2013-12-31___MOD11A2_LST_Day_1km_A2007017.asc
ncols		 21
nrows		 21
xllcorner	 -6416881.12
yllcorner	 4772121.02
cellsize	 926.625433055834
NODATA_value	 0
13428 0 13398 13412 13410 13417 13420 13423 13409 13406 13414 0 0 0 0 0 0 0 0 0 0
13629 13632 13480 13429 13430 13438 13443 13446 13426 13436 13444 0 0 0 0 0 0 0 0 0 0
13644 13658 13675 13632 13546 13490 13468 13461 13460 13452 0 0 13382 13382 13382 0 13346 13427 13427 13342 13342
13590 13564 13610 13643 13665 13630 13609 13568 13571 0 0 13425 13422 13420 13361 13350 13390 13394 13390 13342 13342
13470 13464 13442 13471 13573 13607 13606 13571 13528 13495 13432 13423 13417 13412 13406 13411 13395 13392 0 0 13340
13437 13433 13429 13433 13436 13496 13536 13527 13505 13484 13472 13421 13414 13461 13468 13460 13454 13433 13362 13340 13340
13426 13414 13418 13460 13477 13501 13543 13541 13489 13482 13456 0 13434 13434 13422 13416 13424 13376 13344 13344 13339
13402 13407 13443 13435 13482 13529 13500 13482 13466 13445 13447 13425 13429 13414 13411 13386 13336 13345 13345 0 0
13451 13450 13455 13492 13535 13496 13479 13456 13445 13440 13444 13448 13427 13431 13328 13328 0 0 0 0 0
13504 13502 13496 13510 13470 13470 13452 13438 13438 13453 13447 13427 13450 13472 13472 0 0 0 0 0 0
13488 13457 13461 13439 13439 13442 13420 13415 13445 13448 13451 13458 13469 13472 0 0 13403 13403 0 0 0
13420 13428 13423 13418 13423 13431 13434 13444 13447 13450 13440 13435 13407 13410 13414 13404 13403 13424 13427 0 0
13405 13392 13408 13410 13422 13431 13440 13442 13448 13436 13432 13416 13413 13414 13408 13405 13413 13419 0 0 0
13368 13384 13401 13409 13413 13430 13423 13423 13425 13423 13423 13417 13415 13417 13407 13396 13401 13404 13380 13376 0
13374 13401 13400 13386 13393 13408 13408 13410 13407 13403 13417 13419 13425 13406 13390 13408 13410 13386 13378 0 13330
0 13384 13384 13401 13407 13395 13390 13390 13406 13414 13421 13429 13424 13415 13420 13416 13412 13410 13408 13403 13401
0 0 0 0 0 13390 0 13405 13411 13421 13415 13418 13420 13426 13422 13416 13434 13426 13402 13395 13372
0 0 0 0 0 13391 13398 13406 13418 13419 13420 13416 13412 13406 13410 13438 13446 13403 13399 13387 13381
13401 13420 13420 0 13394 13394 13404 13415 13423 13429 13415 13409 13406 13407 13404 13403 13404 13400 13398 13381 13378
13423 13414 13386 13379 13382 13391 0 13424 13417 13410 13412 13415 13409 13408 13404 13404 13400 13392 13383 13385 13381
13400 13386 13365 13364 13365 0 0 13406 13406 13407 13410 13400 13404 13403 13400 13399 13396 13387 13391 13393 13382
