inst/extdata/modis/lst/modgrid/Lat43.00075Lon-78.78820Start2001-01-01End2013-12-31___MOD11A2/GRID_Lat43.00075Lon-78.78820Start2001-01-01End2013-12-31___MOD11A2_LST_Day_1km_A2008209.asc
ncols		 21
nrows		 21
xllcorner	 -6416881.12
yllcorner	 4772121.02
cellsize	 926.625433055834
NODATA_value	 0
15068 15066 15087 15100 15015 15001 15019 15015 15007 14972 14919 14909 14964 14959 14921 14893 14833 14827 14833 14976 14839
14954 14976 14986 14967 14906 14905 14921 14916 14911 14938 14885 14917 14965 14986 14956 14955 14912 14848 14849 14841 14803
14721 14789 14824 14879 14828 14811 14843 14865 14869 14858 14862 14907 15001 14993 14977 14907 14865 14844 14790 14787 14821
14699 14768 14807 14825 14837 14790 14825 14856 14932 14962 14965 14997 15048 15003 14932 14882 14876 14808 14774 14799 14796
14819 14847 14895 14870 14823 14789 14800 14883 15008 15077 15063 15041 14993 14966 14912 14877 14861 14759 14731 14767 14770
14907 14940 14947 14877 14819 14820 14841 14917 15073 15120 15001 14937 14953 14976 14988 14958 14837 14810 14842 14821 14829
14954 14932 14923 14857 14854 14852 14870 15042 15233 15009 14937 15014 15064 15103 15011 14941 14897 14914 14868 14891 14922
14903 14888 14877 14883 14920 14953 15079 15138 15128 15050 15038 15055 15103 15103 15017 14948 14961 14929 14947 14961 14911
14886 14892 14943 14958 14995 15073 15180 15186 15116 15115 15141 15129 15093 15073 15072 15035 15000 15019 14999 14981 14966
14901 14970 15035 15041 15155 15187 15115 15204 15181 15189 15153 15115 15057 15062 15076 15052 15025 14975 14996 14991 14958
14930 14988 15034 15068 15089 15090 15210 15211 15212 15174 15143 15079 15061 15042 15049 15070 14980 15030 15067 15070 15155
15005 15031 15125 15066 15201 15214 15267 15254 15257 15132 15104 15075 15058 15107 15106 15087 15069 15084 15200 15150 15092
14990 15055 15166 15215 15252 15254 15274 15355 15259 15174 15094 15074 15179 15181 15186 15122 15125 15150 15117 15047 14957
15074 15240 15240 15258 15259 15261 15296 15221 15226 15226 15163 15120 15103 15211 15123 15109 15152 15063 15025 15011 15021
15413 15258 15253 15254 15234 15232 15169 15142 15147 15129 15108 15122 15101 15165 15132 15176 15125 15022 14981 14990 14969
15387 15258 15284 15277 15250 15164 15216 15166 15132 15138 15083 15077 15104 15111 15109 15189 15156 15091 14932 14937 14934
15345 15330 15328 15266 15188 15233 15213 15183 15175 15086 15085 15080 15082 15052 15086 15067 15016 14950 14951 14943 14888
15329 15328 15311 15281 15337 15245 15222 15189 15179 15189 15163 15094 15036 15031 15011 14961 14928 14948 14961 14979 15002
15285 15356 15397 15313 15244 15235 15199 15196 15230 15221 15152 15098 15068 15028 14971 14891 14872 14894 14943 14941 14920
15329 15401 15298 15247 15244 15234 15264 15272 15248 15220 15108 15091 15085 15012 14951 14906 14888 14907 14928 14917 14912
15328 15290 15282 15274 15279 15316 15278 15259 15221 15207 15212 15154 15050 14981 14945 14929 14912 14906 14895 14904 14889
