inst/extdata/modis/lst/modgrid/Lat43.00075Lon-78.78820Start2001-01-01End2013-12-31___MOD11A2/GRID_Lat43.00075Lon-78.78820Start2001-01-01End2013-12-31___MOD11A2_LST_Day_1km_A2005033.asc
ncols		 21
nrows		 21
xllcorner	 -6416881.12
yllcorner	 4772121.02
cellsize	 926.625433055834
NODATA_value	 0
13619 13599 13594 13584 13591 13587 13582 13562 13555 13544 13538 13539 13523 13523 13528 13524 13500 13500 13495 13490 13516
13620 13618 13615 13620 13615 13601 13565 13554 13541 13530 13542 13534 13536 13539 13535 13330 13320 13306 13490 13527 13538
13655 13669 13661 13653 13636 13604 13586 13552 13529 13536 13540 13544 13547 13344 13334 13323 13308 13503 13534 13538 13532
13624 13631 13632 13644 13636 13676 13658 13613 13565 13564 13557 13562 13567 13560 13542 13522 13525 13544 13552 13514 13505
13578 13579 13577 13570 13583 13621 13636 13620 13601 13587 13594 13586 13570 13555 13540 13545 13562 13573 13544 13524 13515
13586 13579 13576 13578 13585 13613 13642 13637 13606 13594 13580 13565 13555 13561 13575 13584 13580 13563 13550 13541 13539
13570 13573 13578 13574 13572 13589 13619 13642 13627 13600 13574 13549 13576 13592 13593 13589 13578 13566 13561 13562 13572
13581 13577 13563 13554 13573 13607 13641 13640 13618 13588 13567 13590 13597 13595 13591 13585 13580 13577 13580 13584 13576
13576 13559 13569 13589 13618 13639 13631 13602 13585 13581 13589 13597 13594 13597 13596 13599 13591 13589 13587 13585 13582
13601 13612 13589 13608 13633 13635 13610 13591 13584 13602 13614 13608 13602 13607 13615 13598 13593 13591 13591 13579 13579
13604 13589 13599 13615 13624 13614 13602 13590 13594 13616 13612 13601 13595 13579 13587 13595 13595 13592 13602 13604 13593
13580 13589 13608 13609 13611 13613 13611 13597 13789 13620 13610 13580 13572 13590 13604 13602 13602 13608 13622 13607 13590
13602 13621 13616 13622 13631 13641 13632 13809 13647 13635 13598 13582 13597 13622 13617 13615 13613 13622 13611 13594 13568
13636 13650 13669 13666 13663 13662 13812 13660 13646 13622 13602 13596 13605 13629 13606 13610 13620 13611 13596 13580 13586
13824 13680 13675 13667 13673 13678 13666 13648 13635 13624 13616 13618 13625 13608 13605 13623 13631 13612 13601 13603 13601
13833 13693 13688 13685 13683 13665 13650 13648 13643 13637 13637 13631 13630 13623 13625 13631 13620 13598 13578 13585 13588
13704 13706 13714 13831 13659 13649 13656 13649 13644 13646 13637 13633 13760 13632 13620 13602 13578 13561 13563 13562 13551
13715 13715 13729 13721 13693 13666 13655 13646 13643 13623 13601 13592 13599 13602 13591 13581 13570 13572 13565 13549 13538
13715 13725 13732 13679 13661 13655 13648 13654 13645 13632 13615 13600 13607 13604 13593 13586 13588 13570 13547 13538 13543
13727 13838 13681 13659 13646 13649 13660 13658 13651 13632 13607 13613 13611 13599 13578 13587 13571 13553 13548 13549 13571
13837 13694 13663 13638 13654 13665 13661 13654 13641 13626 13622 13623 13619 13603 13590 13574 13563 13566 13570 13573 13544
