inst/extdata/modis/lst/modgrid/Lat43.00075Lon-78.78820Start2001-01-01End2013-12-31___MOD11A2/GRID_Lat43.00075Lon-78.78820Start2001-01-01End2013-12-31___MOD11A2_LST_Day_1km_A2009329.asc
ncols		 21
nrows		 21
xllcorner	 -6416881.12
yllcorner	 4772121.02
cellsize	 926.625433055834
NODATA_value	 0
13985 14026 14028 14049 13956 13969 13956 13953 13960 13992 14003 14025 14022 13934 13928 13895 13885 13890 13894 13906 13913
13999 13987 13972 13892 13898 13926 13946 13963 13987 13987 14004 14012 13927 13919 13946 13939 13928 13918 13922 13929 13927
13987 13986 13933 14026 13920 13933 13948 13960 13974 13983 13972 13958 13957 13962 13956 13939 13926 13920 13922 13922 13921
13985 13933 13921 13911 13986 13924 13940 13970 13994 13993 13982 13976 13973 13964 13948 13933 13924 13920 13921 13916 13920
13940 13949 13997 13890 13897 14037 13949 13968 13998 13993 13996 13985 13975 13961 13953 13938 13926 13927 13920 13918 13921
13950 13936 13935 13977 13880 13900 13933 13992 13986 13994 13986 13973 13970 13981 13989 13973 13951 13930 13926 13939 13964
13923 13920 13918 13923 13933 13911 13951 13967 13988 13986 13966 13967 13970 13979 13974 13973 13961 13957 13945 13958 13992
13909 13901 13923 13934 13941 13951 13973 13980 13978 13960 13966 13964 13960 13948 13947 13952 13953 13952 13878 13883 13978
13911 13925 13936 13967 13969 13957 13944 13961 13932 13926 13935 13937 13948 13946 13948 13941 13925 13868 13882 13873 13888
13940 13948 13985 13983 13982 13962 13960 13930 13934 13961 13946 13949 13931 13932 13921 13834 13927 13865 13814 13820 13835
13948 13940 13962 13976 13982 13967 13936 13942 13984 13987 13978 13870 13855 13843 13833 13840 13841 13833 13820 13820 13823
13942 13968 13975 13976 13955 13956 13955 14035 13988 13974 13879 13855 13753 13843 13851 13847 13843 13838 13840 13837 13825
13985 13943 13961 13961 14051 13945 13950 13946 13921 13900 13887 13870 13816 13843 13853 13857 13850 13845 13843 13814 13813
13981 13979 13973 14054 13949 13953 13949 13929 13917 13888 13873 13809 13804 13824 13843 13847 13848 13843 13903 13903 13800
13982 13993 13927 13929 13938 13941 13930 13913 13885 13877 13860 13825 13859 13828 13841 13960 13956 13925 13809 13699 13751
13968 13908 13918 13912 13912 13906 13896 13872 13869 13863 13766 13828 13893 13903 13920 13939 13937 13802 13783 13753 13756
13909 13836 13813 13901 13894 13870 13862 13858 13748 13760 13754 13725 13878 13882 13818 13815 13794 13787 13719 13707 13748
13885 13874 13795 13780 13766 13858 13745 13739 13752 13741 13726 0 0 13809 13810 13737 13800 13737 13721 13748 13746
13870 13785 13858 13851 13833 13736 13739 13745 13741 13741 13742 13733 13729 13724 13731 13733 13736 13734 13737 13755 13750
13866 13865 13854 13837 13742 13742 13742 13737 13734 13734 13731 13736 13737 13719 13732 13731 13712 13716 13771 13772 13774
13855 13859 13830 13824 13822 13744 13737 13738 13733 13732 13734 13741 13741 13743 13739 13733 13739 13777 13777 13780 13786
