inst/extdata/modis/lst/modgrid/Lat43.00075Lon-78.78820Start2001-01-01End2013-12-31___MOD11A2/GRID_Lat43.00075Lon-78.78820Start2001-01-01End2013-12-31___MOD11A2_LST_Day_1km_A2002121.asc
ncols		 21
nrows		 21
xllcorner	 -6416881.12
yllcorner	 4772121.02
cellsize	 926.625433055834
NODATA_value	 0
14744 14762 14764 14752 14740 14727 14704 14687 14667 14641 14608 14621 14603 14604 14591 14520 14504 14512 14513 14625 14487
14517 14589 14617 14621 14631 14611 14604 14600 14588 14557 14588 14698 14721 14623 14594 14559 14514 14508 14620 14483 14486
14262 14334 14362 14400 14392 14394 14450 14498 14521 14547 14682 14708 14575 14587 14577 14544 14510 14611 14610 14609 14623
14248 14301 14339 14389 14421 14305 14324 14405 14495 14579 14747 14613 14638 14624 14574 14513 14606 14600 14594 14615 14639
14441 14481 14490 14473 14433 14447 14339 14395 14556 14817 14823 14821 14778 14729 14684 14670 14631 14592 14599 14623 14639
14575 14578 14592 14557 14487 14402 14447 14564 14783 14826 14794 14729 14714 14733 14756 14709 14629 14603 14631 14638 14649
14600 14625 14623 14593 14537 14556 14583 14733 14826 14787 14743 14725 14758 14797 14771 14691 14657 14678 14680 14678 14686
14598 14603 14599 14576 14626 14599 14690 14816 14810 14767 14742 14762 14815 14815 14753 14720 14721 14722 14733 14729 14701
14581 14588 14576 14564 14560 14718 14805 14823 14787 14776 14768 14792 14768 14758 14761 14772 14774 14772 14763 14752 14737
14543 14531 14538 14608 14806 14831 14839 14808 14830 14860 14881 14823 14798 14803 14811 14810 14780 14742 14736 14742 14726
14506 14591 14676 14853 14851 14847 14835 14870 14897 14906 14838 14817 14800 14786 14812 14810 14778 14783 14791 14811 14787
14612 14791 14836 14840 14845 14858 14897 14931 14934 14862 14834 14810 14785 14815 14855 14854 14828 14818 14829 14839 14773
14819 14837 14849 14874 14892 14917 14949 14953 14918 14866 14839 14811 14831 14852 14852 14830 14828 14845 14870 14763 14725
14878 14908 14909 14900 14910 14937 14940 14925 14880 14852 14823 14797 14811 14835 14816 14815 14832 14841 14745 14728 14696
14934 14930 14910 14899 14907 14903 14890 14862 14839 14826 14817 14806 14825 14816 14795 14829 14850 14780 14733 14687 14530
14962 14936 14911 14914 14896 14860 14838 14840 14828 14826 14815 14809 14812 14835 14831 14834 14822 14609 14563 14547 14535
14956 14931 14924 14918 14882 14859 14853 14839 14833 14821 14797 14791 14793 14775 14772 14762 14555 14516 14539 14561 14532
14923 14929 14932 14927 14901 14877 14858 14854 14855 14838 14792 14763 14722 14709 14700 14536 14503 14544 14575 14554 14522
14925 14941 14952 14908 14871 14855 14854 14858 14847 14819 14789 14772 14754 14725 14671 14489 14488 14525 14549 14524 14620
14936 14944 14902 14846 14844 14850 14861 14862 14876 14852 14819 14810 14789 14738 14540 14524 14518 14528 14545 14668 14662
14959 14932 14865 14861 14874 14894 14903 14909 14886 14856 14845 14845 14798 14594 14566 14534 14516 14515 14652 14659 14536
