inst/extdata/modis/lst/modgrid/Lat43.00075Lon-78.78820Start2001-01-01End2013-12-31___MOD11A2/GRID_Lat43.00075Lon-78.78820Start2001-01-01End2013-12-31___MOD11A2_LST_Day_1km_A2006321.asc
ncols		 21
nrows		 21
xllcorner	 -6416881.12
yllcorner	 4772121.02
cellsize	 926.625433055834
NODATA_value	 0
13970 13967 14011 14016 13995 14013 14021 14011 14003 13998 14006 14018 14030 14028 14013 13999 13986 13981 13983 13945 13932
13939 13952 13954 13987 13995 13991 14002 14004 14000 14007 14019 14020 14024 14021 14019 14010 14002 13977 13933 13935 13934
13935 13955 13991 13992 13988 13987 13987 13992 14003 14004 14009 14015 14016 14023 14012 14000 13944 13943 13927 13927 13917
13944 13956 13971 13976 13979 13989 14002 14009 14025 14021 14034 14037 14032 14012 13999 13945 13920 13871 13888 13955 13969
13953 13967 13961 13955 13965 13969 14004 14042 14048 14051 14047 14033 14009 13969 13962 13940 13895 13911 13946 13944 13921
13979 13974 13973 13971 13958 13983 14010 14036 14032 14033 14025 13981 13983 13986 13993 13975 13951 13939 13943 13929 13936
13991 13991 13984 13963 13977 14000 14027 14030 14032 14027 13986 14003 14009 13996 13986 13954 13950 13976 13968 13959 13954
14003 14007 14035 14001 14013 14035 14040 14036 14026 14000 14003 14007 14005 13998 13960 13959 13999 14000 13994 13984 13978
14019 14044 14030 14039 14051 14049 14040 14057 14006 14002 14009 14012 14012 14026 14008 14002 14011 14006 14005 13984 13988
14061 14036 14044 14059 14058 14054 14012 14012 14013 14013 14015 14023 14024 14024 14019 14015 14008 13987 13972 13973 14029
14076 14077 14079 14052 14053 14008 14012 14023 14023 14021 14024 14015 14013 14013 14013 14011 13992 13983 13996 13997 13990
14057 14067 14073 14061 14060 14012 14023 14082 14080 14059 13989 13989 13999 14014 14021 14025 14009 14018 14025 14025 14058
14074 14073 14059 14074 14079 14079 14083 14090 14072 13997 13996 14007 14022 14019 14017 14083 14087 14035 14081 14060 14032
14069 14080 14080 14079 14083 14085 14017 14004 14008 14009 14014 14030 14020 14090 14018 14016 14021 14076 14063 14043 14027
14085 14097 14092 14023 14021 14015 14008 14011 14011 14010 14056 14058 14070 14023 14021 14027 14086 14076 14055 14043 14026
14111 14110 14031 14026 14023 14007 14012 14018 14014 14065 14067 14065 14073 14083 14099 14099 14089 14056 14024 14017 14010
14115 14022 14019 14020 14019 14075 14064 14064 14071 14078 14077 14077 14082 14075 14077 14074 14043 14017 14012 14013 14016
14015 14014 14024 14028 14034 14079 14082 14090 14090 14080 14068 14071 14069 14064 14066 14035 14013 14012 14018 14014 14015
14008 14025 14042 14043 14088 14089 14100 14102 14095 14084 14081 14080 14081 14076 14042 14018 14006 14005 14009 14010 14010
14116 14134 14103 14097 14091 14102 14105 14104 14102 14103 14107 14112 14108 14072 14043 14022 14008 14002 13956 14006 13989
14136 14109 14105 14094 14109 14113 14113 14112 14118 14119 14119 14120 14091 14066 14029 14005 13949 13947 13939 13937 13934
