inst/extdata/modis/lst/modgrid/Lat43.00075Lon-78.78820Start2001-01-01End2013-12-31___MOD11A2/GRID_Lat43.00075Lon-78.78820Start2001-01-01End2013-12-31___MOD11A2_LST_Day_1km_A2013249.asc
ncols		 21
nrows		 21
xllcorner	 -6416881.12
yllcorner	 4772121.02
cellsize	 926.625433055834
NODATA_value	 0
14940 14962 15013 15018 15032 15000 14976 14957 14948 14916 14927 14936 14917 14896 14859 14834 14840 14847 14839 14732 14669
14833 14869 14864 14875 14901 14907 14878 14865 14856 14877 14902 14910 14924 14910 14895 14885 14874 14822 14815 14758 14745
14746 14758 14772 14768 14784 14777 14811 14807 14826 14843 14859 14883 14916 14919 14910 14884 14823 14760 14761 14771 14780
14719 14717 14715 14726 14714 14722 14762 14792 14879 14897 14908 14941 14949 14931 14881 14822 14774 14748 14758 14771 14775
14747 14761 14772 14737 14728 14738 14760 14850 14915 14967 14986 14987 14943 14897 14858 14826 14779 14750 14750 14768 14776
14796 14811 14789 14777 14749 14760 14795 14883 14964 14992 14957 14881 14890 14904 14890 14841 14787 14833 14779 14785 14797
14818 14851 14862 14844 14815 14831 14880 14949 14999 14966 14887 14894 14925 14941 14902 14832 14796 14808 14753 14795 14803
14824 14829 14835 14840 14868 14882 14918 14998 14980 14932 14898 14914 14937 14870 14859 14839 14849 14860 14853 14839 14822
14821 14845 14875 14894 14899 14920 14987 14958 14932 14914 14927 14935 14916 14920 14909 14906 14901 14891 14810 14834 14834
14841 14874 14903 14943 14980 15003 14981 14960 14950 14967 14984 14958 14958 14957 14968 14952 14845 14797 14785 14835 14835
14861 14909 14954 14985 15007 14996 14991 14991 15028 15028 14978 14967 14952 14949 14954 14893 14860 14832 14820 14961 14880
14912 14944 14978 14992 15014 15037 15055 15065 15071 15038 14970 14944 14918 14952 14974 14936 14969 14988 14984 14981 14946
14974 15020 15062 15040 15042 15042 15054 15072 15047 14971 14947 14948 14972 14983 15017 14983 14988 15022 15025 14961 14891
15049 15071 15060 15070 15042 15049 15055 15041 15007 14978 14931 14947 14970 15011 14985 14988 15027 15025 14960 14910 14869
15077 15089 15015 15046 15040 15040 15027 14979 14929 14927 14928 14935 14971 14981 14991 15024 15020 14970 14896 14885 14829
15116 15080 15045 15057 15050 14998 14972 14941 14917 14927 14932 14939 14977 15013 15017 15017 14997 14924 14890 14827 14797
15090 15051 15043 15042 15014 14986 14949 14934 14922 14921 14920 14947 14972 14972 14980 14965 14837 14823 14792 14778 14781
15036 15040 15038 15032 15003 14975 14953 14938 14922 14925 14935 14947 14876 14877 14865 14818 14789 14783 14792 14810 14787
15047 15055 15041 15008 14979 14961 14951 14933 14873 14880 14898 14871 14883 14879 14836 14810 14780 14782 14806 14806 14807
15071 15050 15013 14991 14979 14973 14957 14909 14877 14856 14848 14911 14917 14902 14877 14837 14814 14819 14829 14838 14829
15072 15019 15011 14994 14993 14987 14957 14936 14867 14863 14957 14973 14947 14928 14881 14858 14839 14804 14799 14794 14796
