inst/extdata/modis/lst/modgrid/Lat43.00075Lon-78.78820Start2001-01-01End2013-12-31___MOD11A2/GRID_Lat43.00075Lon-78.78820Start2001-01-01End2013-12-31___MOD11A2_LST_Day_1km_A2004137.asc
ncols		 21
nrows		 21
xllcorner	 -6416881.12
yllcorner	 4772121.02
cellsize	 926.625433055834
NODATA_value	 0
14886 14826 14830 14871 14865 14812 14777 14832 14821 14982 14990 15022 15028 14979 14973 14924 14906 14929 14946 14938 14927
14598 14649 14659 14689 14840 14823 14994 14980 14732 14726 14960 14973 15010 15012 14996 14880 14865 14860 14853 14843 14837
14379 14425 14453 14623 14451 14472 14513 14808 14863 14898 14908 14926 14930 14920 14906 14886 14875 14856 14836 14828 14824
14311 14349 14478 14705 14688 14700 14692 14794 14879 14903 14927 14939 14958 14946 14901 14883 14848 14816 14810 14813 14821
14760 14776 14807 14809 14736 14676 14712 14740 14814 14926 14946 14959 14949 14918 14903 14854 14824 14797 14793 14803 14818
14927 14847 14837 14804 14775 14740 14736 14815 14896 14946 14961 14949 14923 14919 14908 14893 14840 14808 14814 14827 14917
14873 14867 14854 14853 14801 14794 14836 14853 14949 14985 14963 14937 14943 14943 14922 14865 14849 14850 14849 14932 14943
14867 14862 14860 14850 14842 14847 14868 14967 14996 14968 14942 14962 14986 14971 14924 14913 14897 14893 15023 15016 15004
14849 14854 14851 14854 14870 14903 14979 15009 14982 14957 14979 14988 14981 14964 14959 14953 14938 14927 14923 14916 14915
14846 14829 14829 14937 14992 15023 15027 15010 15008 15023 15023 15008 14983 14974 14982 14985 14947 14941 14926 14918 14910
14860 14860 14980 15003 15026 15038 15046 15067 15059 15047 15030 15002 14987 14963 14957 14988 14983 14982 14970 14955 14936
14912 15020 15024 15032 15031 15074 15109 15117 15119 15086 15020 15004 14985 14984 15014 15011 15002 14997 14998 14996 14899
15059 15063 15085 15084 15110 15118 15130 15137 15106 15045 15028 15004 15001 15028 15028 15011 15009 15020 15011 14909 14878
15092 15105 15103 15105 15107 15120 15132 15097 15061 15040 15020 15014 15000 14999 15003 15004 15023 15013 14928 14898 14883
15146 15140 15102 15093 15089 15087 15042 15027 15024 15021 15015 14990 14986 14992 15002 15021 14999 14967 14954 14902 14879
15175 15138 15125 15108 15088 15027 15006 15001 15002 15010 15009 15000 14996 15000 15009 14998 14975 14960 14907 14874 14811
15153 15144 15124 15110 15052 15025 15012 15008 15026 15031 15019 15000 14999 14998 14994 14966 14955 14912 14851 14822 14818
15141 15145 15127 15094 15083 15051 15040 15046 15042 15027 15014 15002 14973 14960 14930 14922 14858 14828 14838 14837 14817
15149 15140 15131 15124 15077 15069 15075 15072 15075 15066 15040 15014 14996 14965 14932 14843 14824 14838 14841 14826 14813
15138 15139 15139 15090 15084 15093 15088 15100 15103 15087 15064 15036 15012 14977 14900 14881 14855 14851 14845 14835 14804
15155 15149 15108 15108 15117 15113 15130 15134 15122 15117 15108 15094 15022 14934 14909 14871 14864 14839 14832 14817 14818
