inst/extdata/modis/lst/modgrid/Lat43.00075Lon-78.78820Start2001-01-01End2013-12-31___MOD11A2/GRID_Lat43.00075Lon-78.78820Start2001-01-01End2013-12-31___MOD11A2_LST_Day_1km_A2006073.asc
ncols		 21
nrows		 21
xllcorner	 -6416881.12
yllcorner	 4772121.02
cellsize	 926.625433055834
NODATA_value	 0
14060 13954 13970 13981 13990 13971 13957 13956 13947 13917 13928 13931 13925 13907 13898 13858 13855 13868 13850 13863 13852
13852 13882 13874 13904 13893 13894 13895 13886 13905 13908 13918 13920 13989 13986 13877 13797 13798 13872 13848 13861 13860
13732 13772 13704 13778 13731 13698 13833 13868 13865 13889 13902 13967 13967 13972 13852 13833 13873 13850 13793 13796 13782
13654 13648 13667 13693 13769 13667 13811 13841 13888 13964 13976 13981 14003 14010 13967 13854 13849 13780 13786 13808 13831
13760 13734 13873 13812 13844 13822 13817 13836 13959 14009 14015 14017 14011 13974 13944 13872 13847 13835 13797 13862 13877
13767 13779 13896 13891 13854 13827 13815 13921 14031 14034 14001 14056 14046 13986 13997 14041 13858 13768 13804 13875 13835
13914 13936 13948 13918 13850 13847 13931 14063 14122 13908 13900 13918 14077 14036 14025 13957 13882 13840 13867 13867 13865
13910 13925 13999 13993 13999 14013 14027 14008 14024 13926 13927 14009 14034 14044 13963 13947 13994 14008 13957 13958 13960
13873 13995 14009 13958 13959 13971 14015 14026 14048 14026 14024 14044 14031 13978 13974 14027 14033 13976 13996 13894 13906
13923 13876 13948 13932 13962 14050 14038 14073 14082 14069 14065 14041 14038 14033 14036 14059 14035 13973 13894 13911 14002
13886 13968 13959 13976 14073 14076 14077 14081 14183 14087 14063 14043 14028 14015 14015 14036 14037 14050 14075 14079 14059
13981 14017 14029 14072 14083 14096 14108 14065 14075 14046 14042 14060 14020 14025 14059 14070 14077 14115 14109 14085 14022
14050 14066 14086 14028 14026 14106 14067 14088 14059 14064 14094 14033 14036 14068 14081 14070 14103 14113 14096 14031 14010
14086 14118 14049 14039 14046 14051 14134 14076 14039 14033 14037 14038 14053 14080 14066 14082 13992 14134 14110 14018 14057
14112 14116 14038 14035 14033 14044 14087 14067 14024 14032 14030 14038 14062 14095 13984 13987 14149 14123 14081 14049 14023
14102 14106 14076 14078 14055 14052 13997 13989 14011 14029 14034 14058 14095 14089 14092 14159 14141 14079 14035 14004 13889
14075 14127 14127 14054 14037 14004 13994 14011 14037 14074 14070 14085 14090 14108 14120 14114 14048 14040 13909 13925 13932
14043 14045 14092 14118 14109 14026 14027 14050 14092 14079 14053 14107 14092 14088 14052 14032 14011 13922 13958 13972 13955
14045 14091 14090 14120 14037 14034 14032 14110 14104 14089 14121 14100 14099 14073 14030 13911 13899 13947 13976 13969 13965
14110 14105 14135 14056 14056 14056 14101 14111 14038 14045 14151 14146 14001 13978 13954 13944 13955 13888 13902 13990 13953
14148 14139 14138 14124 14121 14115 14120 14055 14056 14167 14169 14031 14052 14010 13985 13989 13885 13878 13874 13865 13861
