inst/extdata/modis/lst/modgrid/Lat43.00075Lon-78.78820Start2001-01-01End2013-12-31___MOD11A2/GRID_Lat43.00075Lon-78.78820Start2001-01-01End2013-12-31___MOD11A2_LST_Day_1km_A2011001.asc
ncols		 21
nrows		 21
xllcorner	 -6416881.12
yllcorner	 4772121.02
cellsize	 926.625433055834
NODATA_value	 0
13583 13581 13568 13570 13569 13568 13567 13561 13555 13436 13427 13431 13413 0 0 0 0 0 0 0 0
13569 13574 13579 13586 13578 13574 13525 13495 13489 13400 13412 13418 13426 13434 13434 0 0 0 0 0 0
13497 13605 13605 13607 13576 13554 13538 13510 13489 13506 13418 13421 13435 13434 0 0 0 0 0 0 0
13597 13594 13588 13541 13537 13561 13564 13549 13520 13432 13427 13437 13438 13438 13439 0 0 0 13214 13214 13214
13508 13485 13498 13502 13518 13529 13572 13566 13460 13449 13444 13423 13422 13428 0 0 0 13214 13214 13214 13203
13488 13486 13411 13423 13514 13521 13555 13492 13492 13439 13418 13403 13400 0 0 13112 0 13214 13214 13197 13193
13481 13394 13403 0 13432 13432 0 0 0 13391 13391 0 0 0 13265 13265 0 0 13188 13188 13189
13397 13399 0 0 0 0 0 13432 13400 13391 13391 0 0 13263 13311 13304 13219 13186 13186 13186 13183
0 0 0 0 0 0 13432 13421 13404 13391 0 13341 13341 13287 13289 13292 13183 13178 13175 13161 13164
0 0 0 0 0 0 13414 13407 0 0 0 13341 13273 13274 13285 13173 13157 13154 13136 13135 13127
0 0 0 0 0 0 0 0 0 0 13333 13333 13324 13258 13255 13244 13140 13122 13118 13118 0
0 0 0 0 0 0 0 0 0 0 0 13318 13320 13330 13347 0 0 0 0 0 0
0 0 0 0 0 0 0 0 0 0 13318 13315 13314 0 0 0 0 0 0 0 0
13246 13246 13248 13274 13274 13274 0 0 0 0 0 0 0 0 0 0 0 0 0 0 0
13250 13262 13282 13281 13269 13258 13258 0 0 0 0 0 0 0 0 0 0 0 0 0 0
13277 13291 13290 13262 13249 13232 13186 13183 13180 0 0 0 0 0 0 0 13153 13234 13234 13225 13123
13278 13280 13255 13239 13227 13180 13171 13160 13083 0 0 0 0 0 0 13135 13224 13226 13224 13131 13118
13246 13230 13221 13209 13164 13157 13127 13082 13082 13049 13006 13006 0 0 13111 13116 13120 13126 13125 13108 13072
13192 13187 13181 13146 13140 13114 13079 13078 13041 13008 13006 13027 13032 13060 13081 13086 13100 13102 13101 13060 13059
13176 13167 13133 13127 13104 13069 13067 13026 13007 13003 13007 13011 13034 13056 13061 13074 13080 13080 13066 13063 0
13154 13120 13116 13081 13049 13047 13000 12983 12982 12984 12987 13010 13031 13034 13042 13046 13054 13056 13057 13046 0
