inst/extdata/modis/lst/modgrid/Lat43.00075Lon-78.78820Start2001-01-01End2013-12-31___MOD11A2/GRID_Lat43.00075Lon-78.78820Start2001-01-01End2013-12-31___MOD11A2_LST_Day_1km_A2005225.asc
ncols		 21
nrows		 21
xllcorner	 -6416881.12
yllcorner	 4772121.02
cellsize	 926.625433055834
NODATA_value	 0
15325 15355 15367 15346 15342 15296 15270 15260 15243 15196 15185 15193 15187 15172 15167 15131 15131 15152 15164 15129 15070
15207 15224 15179 15186 15183 15193 15182 15176 15167 15140 15127 15179 15213 15231 15205 15162 15162 15152 15126 15096 15040
14982 15006 15029 15038 15041 15062 15087 15113 15125 15123 15150 15188 15241 15240 15218 15169 15130 15089 15059 15038 15033
14900 14900 14942 14958 14945 14930 14951 14975 15008 15039 15190 15257 15262 15256 15188 15117 15068 15040 14984 15006 15024
14996 15028 15022 14990 14945 14945 14937 14965 15079 15305 15325 15280 15244 15219 15189 15147 15090 14954 14972 14996 14900
15072 15094 15074 15051 15005 14975 14983 15180 15284 15360 15276 15183 15179 15221 15219 15152 14974 14994 15049 14951 14967
15119 15128 15142 15107 15030 15023 15146 15302 15371 15295 15184 15194 15231 15303 15252 15128 15085 15113 14986 14997 14981
15112 15125 15125 15094 15155 15185 15289 15387 15329 15262 15209 15244 15299 15304 15224 15176 15189 15202 15203 15194 15180
15091 15112 15138 15192 15225 15293 15368 15337 15301 15265 15308 15306 15293 15264 15234 15238 15249 15258 15241 15220 15218
15087 15154 15212 15272 15354 15379 15373 15349 15331 15396 15399 15359 15336 15334 15331 15310 15237 15202 15206 15219 15240
15123 15175 15247 15417 15422 15416 15418 15422 15449 15449 15393 15372 15342 15325 15309 15260 15214 15213 15251 15290 15280
15210 15264 15414 15428 15436 15459 15470 15493 15515 15439 15409 15388 15348 15319 15328 15339 15321 15313 15368 15335 15288
15309 15440 15439 15438 15448 15457 15497 15539 15465 15425 15385 15347 15336 15313 15283 15282 15304 15381 15347 15316 15197
15450 15458 15455 15434 15443 15484 15525 15451 15419 15384 15327 15295 15259 15297 15269 15291 15357 15338 15297 15220 15205
15464 15455 15427 15429 15425 15411 15367 15333 15313 15301 15279 15241 15272 15276 15288 15318 15273 15232 15155 15149 15151
15486 15446 15432 15419 15405 15364 15293 15274 15290 15303 15250 15250 15303 15286 15301 15307 15246 15177 15142 15125 15115
15473 15451 15442 15434 15402 15312 15254 15258 15266 15249 15252 15292 15268 15279 15275 15233 15186 15165 15139 15137 15141
15429 15442 15473 15473 15424 15328 15314 15308 15341 15348 15335 15275 15241 15205 15165 15127 15115 15113 15154 15148 15093
15423 15455 15457 15457 15341 15334 15334 15355 15374 15374 15321 15271 15244 15273 15159 15084 15017 15061 15098 15088 15080
15448 15464 15463 15347 15342 15352 15358 15368 15372 15359 15414 15375 15348 15272 15172 15114 15081 15082 15104 15132 15084
15474 15468 15459 15457 15480 15374 15386 15386 15358 15433 15392 15385 15356 15214 15150 15094 15081 15039 15024 15024 15006
