inst/extdata/modis/lst/modgrid/Lat43.00075Lon-78.78820Start2001-01-01End2013-12-31___MOD11A2/GRID_Lat43.00075Lon-78.78820Start2001-01-01End2013-12-31___MOD11A2_LST_Day_1km_A2010257.asc
ncols		 21
nrows		 21
xllcorner	 -6416881.12
yllcorner	 4772121.02
cellsize	 926.625433055834
NODATA_value	 0
14636 14686 14699 14730 14749 14732 14641 14626 14720 14686 14660 14623 14637 14624 14564 14529 14587 14561 14599 14553 14556
14602 14644 14647 14576 14546 14534 14552 14611 14621 14591 14553 14600 14622 14638 14608 14607 14625 14631 14614 14589 14572
14589 14582 14511 14513 14478 14480 14490 14542 14548 14530 14539 14589 14658 14687 14628 14601 14613 14614 14585 14559 14598
14522 14547 14548 14468 14489 14478 14548 14546 14580 14518 14622 14648 14675 14647 14627 14601 14593 14557 14538 14541 14555
14551 14585 14594 14558 14532 14545 14525 14565 14632 14732 14703 14645 14627 14652 14673 14598 14547 14488 14485 14551 14558
14623 14629 14610 14586 14522 14500 14546 14615 14707 14739 14617 14611 14640 14717 14642 14577 14519 14516 14629 14643 14648
14668 14654 14646 14620 14543 14562 14634 14690 14750 14633 14620 14682 14662 14666 14688 14651 14647 14670 14672 14668 14668
14655 14611 14603 14631 14641 14677 14723 14740 14737 14692 14681 14693 14662 14724 14700 14671 14676 14678 14685 14641 14635
14572 14591 14617 14642 14707 14716 14757 14751 14676 14668 14699 14741 14739 14717 14725 14722 14699 14678 14658 14667 14662
14582 14604 14651 14705 14721 14722 14721 14719 14682 14707 14761 14795 14790 14776 14756 14717 14690 14628 14665 14702 14705
14590 14661 14729 14742 14736 14737 14785 14796 14751 14744 14771 14774 14791 14780 14779 14769 14679 14695 14720 14732 14722
14630 14748 14753 14803 14820 14806 14812 14827 14849 14787 14769 14784 14785 14797 14802 14776 14750 14746 14754 14764 14756
14739 14742 14796 14819 14865 14857 14867 14874 14857 14832 14825 14754 14757 14822 14792 14783 14797 14761 14831 14751 14697
14777 14782 14864 14865 14863 14870 14886 14885 14857 14835 14720 14715 14774 14791 14771 14747 14767 14803 14740 14715 14686
14813 14821 14868 14855 14848 14814 14810 14771 14748 14706 14700 14747 14815 14786 14773 14817 14829 14671 14658 14627 14635
14887 14860 14851 14854 14804 14761 14726 14738 14778 14796 14791 14791 14810 14824 14834 14843 14697 14654 14635 14649 14625
14863 14830 14829 14824 14818 14798 14813 14801 14790 14794 14785 14799 14802 14798 14787 14753 14711 14678 14638 14654 14651
14850 14871 14842 14860 14857 14847 14801 14793 14797 14823 14813 14788 14765 14748 14722 14690 14666 14645 14669 14687 14636
14883 14896 14876 14869 14870 14776 14769 14813 14850 14840 14829 14807 14788 14735 14686 14652 14625 14621 14626 14626 14628
14833 14873 14872 14873 14869 14786 14829 14881 14867 14801 14809 14806 14767 14728 14704 14672 14652 14610 14627 14624 14588
14843 14865 14861 14883 14884 14900 14901 14879 14836 14820 14817 14826 14804 14727 14674 14658 14628 14609 14615 14623 14662
