inst/extdata/modis/lst/modgrid/Lat43.00075Lon-78.78820Start2001-01-01End2013-12-31___MOD11A2/GRID_Lat43.00075Lon-78.78820Start2001-01-01End2013-12-31___MOD11A2_LST_Day_1km_A2001113.asc
ncols		 21
nrows		 21
xllcorner	 -6416881.12
yllcorner	 4772121.02
cellsize	 926.625433055834
NODATA_value	 0
14831 14854 14873 14866 14852 14856 14833 14820 14814 14772 14765 14787 14788 14786 14770 14739 14719 14728 14722 14723 14721
14594 14657 14681 14704 14729 14730 14734 14741 14722 14719 14749 14773 14785 14784 14754 14719 14709 14706 14712 14711 14709
14314 14376 14298 14454 14328 14374 14530 14585 14642 14683 14720 14749 14768 14763 14736 14705 14685 14682 14686 14689 14696
14282 14322 14342 14279 14370 14309 14348 14466 14611 14711 14767 14783 14796 14785 14734 14691 14672 14666 14672 14689 14706
14536 14585 14607 14582 14518 14432 14346 14432 14634 14781 14809 14822 14816 14772 14738 14726 14706 14690 14692 14718 14743
14701 14716 14701 14677 14613 14524 14413 14537 14761 14815 14798 14767 14757 14764 14792 14778 14726 14704 14717 14740 14756
14751 14765 14755 14717 14631 14565 14541 14725 14804 14812 14779 14774 14791 14858 14847 14781 14752 14770 14782 14782 14776
14757 14752 14738 14673 14643 14591 14692 14797 14834 14813 14794 14808 14874 14876 14830 14817 14828 14825 14818 14811 14800
14720 14717 14681 14695 14642 14708 14812 14849 14833 14829 14841 14872 14858 14852 14855 14863 14858 14854 14848 14834 14833
14615 14572 14609 14708 14802 14863 14878 14872 14886 14909 14928 14907 14894 14884 14894 14895 14868 14848 14847 14854 14852
14589 14648 14786 14851 14890 14896 14900 14921 14954 14963 14936 14917 14897 14889 14897 14896 14881 14874 14881 14891 14875
14767 14825 14852 14876 14893 14921 14952 14986 15002 14969 14942 14918 14904 14913 14949 14946 14933 14927 14936 14939 14895
14858 14885 14907 14923 14944 14972 15000 15022 14998 14968 14935 14917 14913 14944 14947 14937 14939 14962 14956 14900 14866
14918 14940 14953 14966 14982 15002 15015 15001 14968 14936 14915 14902 14924 14947 14932 14923 14946 14948 14892 14867 14845
14966 14967 14971 14970 14969 14974 14972 14947 14933 14916 14907 14904 14928 14927 14920 14935 14966 14908 14862 14852 14823
14993 14992 14987 14987 14974 14953 14935 14930 14931 14933 14929 14921 14933 14936 14939 14959 14920 14867 14836 14798 14784
15015 15008 15008 14999 14972 14951 14941 14940 14940 14942 14930 14932 14956 14954 14951 14878 14840 14801 14798 14806 14801
14998 15016 15021 15005 14977 14965 14958 14953 14954 14942 14923 14919 14924 14914 14855 14821 14772 14778 14785 14790 14764
15021 15030 15024 14989 14957 14952 14957 14962 14959 14954 14954 14942 14920 14868 14821 14775 14766 14768 14786 14767 14768
15030 15028 14989 14952 14951 14963 14974 14979 14984 14978 14960 14948 14911 14874 14813 14792 14761 14799 14818 14822 14812
15042 15016 14977 14965 14988 14999 15008 15011 15001 14986 14980 14961 14930 14856 14818 14793 14809 14812 14820 14831 14822
