inst/extdata/modis/lst/modgrid/Lat43.00075Lon-78.78820Start2001-01-01End2013-12-31___MOD11A2/GRID_Lat43.00075Lon-78.78820Start2001-01-01End2013-12-31___MOD11A2_LST_Day_1km_A2006241.asc
ncols		 21
nrows		 21
xllcorner	 -6416881.12
yllcorner	 4772121.02
cellsize	 926.625433055834
NODATA_value	 0
14860 14869 14908 14865 14879 14866 14842 14843 14806 14769 14771 14797 14772 14735 14726 14704 14687 14684 14665 14649 14649
14837 14855 14826 14795 14782 14800 14773 14757 14740 14755 14784 14769 14753 14744 14714 14711 14716 14720 14524 14516 14538
14719 14712 14731 14734 14718 14688 14685 14696 14714 14734 14749 14761 14754 14728 14727 14708 14683 14725 14720 14703 14669
14660 14660 14641 14641 14665 14672 14677 14687 14726 14770 14783 14749 14749 14806 14700 14719 14728 14707 14699 14681 14636
14697 14659 14659 14663 14669 14669 14677 14713 14796 14753 14811 14791 14803 14768 14744 14742 14685 14673 14660 14662 14664
14672 14672 14670 14672 14672 14672 14716 14757 14760 14815 14793 14760 14742 14753 14772 14676 14672 14652 14673 14665 14655
14668 14675 14682 14653 14681 14720 14746 14767 14767 14766 14758 14741 14734 14725 14724 14724 14669 14674 14640 14694 14694
14680 14698 14661 14661 14698 14748 14791 14791 14791 14791 14778 14765 14765 14765 14764 14687 14639 14721 14707 14694 14504
14707 14706 14705 14704 14747 14792 14792 14791 14791 14779 14765 14765 14765 14765 14692 14710 14717 14720 14638 14528 14476
14732 14732 14732 14762 14800 14800 14800 14800 14789 14771 14771 14771 14770 14729 14739 14737 14690 14688 14605 14553 14549
14734 14733 14759 14832 14800 14800 14800 14791 14771 14771 14771 14771 14739 14710 14710 14710 14710 14646 14598 14598 14598
14762 14756 14796 14797 14733 14735 14686 14623 14628 14634 14639 14667 14692 14693 14694 14695 14623 14566 14568 14570 14572
14758 14726 14726 14726 14726 14674 14590 14590 14590 14590 14632 14684 14684 14684 14684 14606 14534 14534 14534 14534 14408
14825 14822 14819 14799 14708 14649 14647 14644 14639 14641 14660 14662 14663 14665 14611 14533 14533 14533 14511 14380 14304
14843 14843 14826 14723 14674 14674 14674 14671 14651 14639 14639 14639 14634 14613 14491 14491 0 14210 14226 14229 14229
14816 14793 14670 14613 14616 14620 14621 14603 14592 14596 14600 14599 14581 0 0 0 14202 14217 14224 14226 14228
14767 14640 14569 14569 14569 14567 14543 14523 14523 14523 14519 14501 0 0 0 14132 14136 14137 14137 14139 14140
14649 14569 14569 14569 14568 14545 14522 14523 14523 14520 14501 0 0 0 14132 14136 14137 14137 14137 14139 14143
0 0 0 0 14442 14442 14442 14442 0 0 14329 14281 14276 0 14132 14132 14135 14136 14137 14143 0
0 0 0 0 0 14695 14638 14609 14588 14348 14325 14315 14291 0 0 0 0 0 0 0 0
0 14638 14638 14638 14685 14652 14642 14647 14652 14526 14402 14315 0 0 0 0 0 0 0 0 14143
