inst/extdata/modis/lst/modgrid/Lat43.00075Lon-78.78820Start2001-01-01End2013-12-31___MOD11A2/GRID_Lat43.00075Lon-78.78820Start2001-01-01End2013-12-31___MOD11A2_LST_Day_1km_A2003145.asc
ncols		 21
nrows		 21
xllcorner	 -6416881.12
yllcorner	 4772121.02
cellsize	 926.625433055834
NODATA_value	 0
14914 14926 14919 14909 14914 14894 14862 14842 14816 14771 14777 14800 14776 14722 14713 14660 14658 14688 14619 14589 14594
14602 14664 14677 14700 14676 14787 14753 14741 14702 14678 14718 14734 14733 14760 14743 14706 14673 14573 14548 14581 14668
14452 14514 14529 14477 14468 14467 14514 14628 14645 14670 14695 14727 14775 14768 14734 14654 14540 14583 14638 14656 14638
14405 14453 14473 14484 14465 14439 14482 14547 14634 14693 14736 14818 14819 14776 14617 14598 14584 14636 14630 14651 14678
14605 14583 14572 14561 14499 14442 14428 14543 14688 14834 14852 14813 14741 14646 14661 14694 14663 14609 14613 14647 14670
14650 14655 14644 14664 14519 14483 14458 14651 14796 14852 14782 14713 14717 14776 14795 14736 14595 14587 14642 14657 14686
14750 14756 14743 14671 14525 14501 14629 14752 14857 14796 14731 14765 14815 14840 14828 14633 14630 14695 14712 14775 14752
14686 14689 14676 14646 14639 14630 14733 14848 14827 14805 14775 14824 14854 14884 14795 14727 14721 14727 14787 14809 14783
14654 14661 14713 14716 14700 14791 14867 14831 14802 14800 14852 14854 14840 14838 14854 14793 14756 14800 14844 14812 14852
14676 14661 14669 14793 14862 14935 14886 14859 14873 15004 14968 14947 14920 14911 14884 14889 14854 14815 14811 14853 14871
14679 14772 14953 14926 14942 14923 14912 14969 15017 15001 14963 14937 14920 14859 14888 14889 14872 14878 14899 14929 14903
14810 14946 14983 15003 14991 15015 15037 15063 15067 15067 14978 14941 14907 14963 14991 14986 14957 14937 14966 14969 14854
14974 15006 15014 15004 15003 15027 15095 15137 15100 15023 14972 14949 14962 14990 14970 14943 14933 14990 15006 14883 14798
15046 15059 15030 14993 15013 15093 15130 15086 15024 14981 14950 14929 14942 15008 14947 14914 14984 14966 14844 14811 14800
15044 15010 15003 15032 15060 15055 15001 14980 14963 14942 14916 14899 14963 14950 14894 14965 14988 14916 14826 14808 14752
15028 15043 15048 15068 15061 14964 14947 14948 14949 14953 14936 14922 14938 14968 14969 14998 14940 14850 14789 14699 14695
15100 15080 15090 15082 14996 14957 14954 14954 14962 14967 14923 14940 14973 14915 14927 14881 14822 14759 14738 14735 14745
15079 15082 15088 15076 15015 15000 14990 14987 15004 14999 14938 14904 14877 14865 14805 14747 14710 14727 14764 14794 14760
15082 15104 15110 15050 15015 15003 14997 15010 15025 15014 14968 14919 14878 14828 14747 14683 14679 14715 14769 14747 14737
15103 15104 15039 14992 14996 15017 15027 15036 15076 15021 14969 14963 14957 14882 14787 14742 14745 14761 14782 14787 14775
15117 15089 15034 15011 15035 15062 15075 15095 15054 15013 15009 15005 14956 14863 14796 14783 14769 14761 14750 14759 14760
