inst/extdata/modis/lst/modgrid/Lat43.00075Lon-78.78820Start2001-01-01End2013-12-31___MOD11A2/GRID_Lat43.00075Lon-78.78820Start2001-01-01End2013-12-31___MOD11A2_LST_Day_1km_A2002145.asc
ncols		 21
nrows		 21
xllcorner	 -6416881.12
yllcorner	 4772121.02
cellsize	 926.625433055834
NODATA_value	 0
14912 14930 14953 14945 14940 14966 14950 14911 14838 14803 14782 14792 14783 14772 14763 14752 14738 14771 14812 14763 14758
14733 14831 14821 14856 14863 14868 14779 14773 14756 14763 14782 14778 14786 14771 14795 14778 14770 14799 14793 14793 14783
14394 14447 14464 14589 14544 14548 14561 14604 14686 14727 14733 14769 14786 14837 14810 14796 14811 14786 14786 14706 14709
14443 14463 14471 14548 14506 14476 14546 14579 14650 14695 14785 14803 14873 14855 14820 14761 14736 14723 14660 14656 14671
14610 14595 14687 14655 14657 14603 14515 14563 14687 14784 14831 14888 14863 14839 14787 14765 14742 14657 14652 14672 14679
14757 14801 14783 14766 14732 14585 14547 14665 14802 14838 14881 14839 14832 14836 14843 14814 14744 14718 14728 14738 14697
14850 14812 14814 14797 14700 14645 14665 14757 14827 14857 14842 14798 14804 14883 14860 14809 14783 14769 14769 14791 14793
14815 14813 14804 14796 14735 14734 14855 14903 14920 14868 14809 14816 14902 14939 14874 14843 14819 14814 14855 14848 14831
14792 14721 14711 14745 14758 14862 14888 14919 14899 14882 14896 14950 14952 14905 14883 14897 14891 14875 14863 14857 14840
14710 14675 14689 14809 14888 14929 14940 14935 14935 14982 14989 14973 14924 14924 14916 14908 14902 14873 14858 14916 14927
14660 14712 14834 14912 14944 14970 14947 14999 15010 15034 15026 15001 14990 14923 14924 14936 14918 14894 14937 14943 14934
14906 14947 15009 15027 15037 15053 15070 15065 15089 15068 15016 14946 14923 14938 14945 14950 14993 14985 15000 15003 14956
14999 15045 15051 15046 15051 15077 15083 15105 15083 14980 14969 14943 14947 14955 14964 15013 15000 15017 15028 14966 14772
15085 15101 15094 15091 15014 15103 15128 14993 14972 14968 14940 14933 14976 15032 15007 14992 15015 15020 14941 14888 14847
15112 15092 15088 15008 15001 15078 14964 14959 14956 14959 14921 14930 15006 15001 14987 15013 15006 14954 14898 14715 14690
15124 15110 15092 15012 15085 14965 14961 14930 14922 14924 14939 14979 14988 14995 15004 14992 14977 14906 14706 14676 14676
15131 15113 15103 15098 14982 14914 14928 14921 14924 14944 14884 14896 14968 14972 14947 14943 14860 14815 14798 14793 14782
15099 15105 15105 15105 14991 14954 14929 14949 14966 14905 14890 14963 14948 14907 14891 14820 14791 14719 14731 14729 14695
15043 15052 15118 15085 14964 14905 14944 14994 15003 15023 14983 14968 14937 14909 14826 14766 14683 14642 14654 14651 14638
15050 15059 14944 14915 14945 14960 15020 15041 15052 15031 14986 14961 14940 14877 14751 14736 14667 14688 14698 14667 14722
15074 14979 14934 14965 14978 14989 15014 15020 15062 15014 15000 14990 14966 14798 14773 14689 14664 14643 14741 14749 14716
