inst/extdata/modis/lst/modgrid/Lat43.00075Lon-78.78820Start2001-01-01End2013-12-31___MOD11A2/GRID_Lat43.00075Lon-78.78820Start2001-01-01End2013-12-31___MOD11A2_LST_Day_1km_A2012081.asc
ncols		 21
nrows		 21
xllcorner	 -6416881.12
yllcorner	 4772121.02
cellsize	 926.625433055834
NODATA_value	 0
14897 14930 14946 14968 14980 14979 14958 14929 14919 14893 14904 14912 14906 14903 14887 14855 14852 14851 14845 14844 14835
14387 14466 14528 14676 14675 14671 14801 14833 14835 14805 14864 14882 14892 14907 14896 14872 14850 14844 14846 14836 14820
14221 14236 14242 14406 14349 14419 14702 14763 14798 14859 14859 14863 14888 14894 14890 14853 14828 14820 14801 14791 14803
14244 14294 14259 14250 14420 14248 14276 14460 14630 14844 14870 14917 14925 14913 14863 14827 14811 14789 14773 14794 14810
14717 14743 14715 14673 14588 14461 14347 14431 14639 14873 14951 14948 14929 14881 14856 14845 14804 14770 14793 14813 14845
14846 14847 14848 14833 14810 14655 14553 14542 14850 14947 14930 14875 14859 14880 14891 14842 14801 14787 14825 14861 14869
14865 14873 14873 14872 14777 14655 14518 14795 14929 14933 14875 14875 14902 14938 14910 14861 14833 14870 14889 14893 14887
14867 14866 14872 14850 14766 14554 14648 14897 14918 14887 14879 14897 14917 14917 14881 14866 14887 14902 14906 14909 14898
14845 14842 14822 14781 14587 14794 14921 14927 14906 14873 14906 14916 14911 14899 14909 14939 14946 14936 14939 14932 14931
14768 14738 14589 14782 14900 14953 14950 14946 14946 14973 14955 14933 14929 14936 14956 14962 14939 14920 14914 14928 14932
14741 14830 14896 14958 14971 14962 14959 14962 14998 14991 14963 14949 14936 14944 14961 14952 14948 14941 14940 14944 14924
14885 14921 14973 14983 14986 14992 14999 15019 15039 15000 14972 14955 14950 14961 14980 14980 14968 14956 14974 14955 14919
14941 14972 14981 14989 15002 15013 15028 15056 15013 14987 14970 14965 14974 14979 14983 14971 14962 14992 14981 14938 14889
14976 15006 15004 15007 15017 15034 15043 15014 14993 14977 14955 14938 14943 14973 14955 14944 14961 14975 14939 14906 14876
15031 15023 15013 15007 15007 15005 14998 14974 14963 14950 14937 14934 14958 14950 14948 14961 14981 14946 14918 14884 14865
15036 15023 15014 15011 14995 14976 14955 14958 14960 14955 14947 14936 14937 14955 14963 14971 14958 14910 14858 14848 14844
15032 15019 15012 15000 14983 14964 14963 14953 14955 14950 14935 14932 14942 14949 14943 14930 14881 14837 14845 14851 14849
15008 15007 15004 15003 14991 14973 14952 14950 14959 14946 14936 14920 14907 14902 14896 14853 14825 14839 14859 14863 14850
14991 14999 14998 14983 14961 14948 14948 14958 14960 14961 14953 14939 14923 14903 14854 14821 14814 14831 14853 14855 14849
14995 14996 14977 14946 14940 14951 14960 14979 14998 14986 14969 14966 14953 14916 14869 14858 14848 14855 14860 14865 14862
15009 15005 14978 14960 14971 14983 15000 15017 15004 14987 14983 14979 14949 14899 14877 14863 14856 14865 14869 14872 14872
