inst/extdata/modis/lst/modgrid/Lat43.00075Lon-78.78820Start2001-01-01End2013-12-31___MOD11A2/GRID_Lat43.00075Lon-78.78820Start2001-01-01End2013-12-31___MOD11A2_LST_Day_1km_A2002017.asc
ncols		 21
nrows		 21
xllcorner	 -6416881.12
yllcorner	 4772121.02
cellsize	 926.625433055834
NODATA_value	 0
13712 13715 13715 13710 13703 13296 13287 13284 13681 13674 13666 13662 13664 13661 13636 13636 13634 13635 13635 13636 13660
13718 13721 13720 13718 13714 13706 13697 13691 13688 13679 13669 13647 13641 13641 13639 13633 13633 13633 13633 13664 13667
13706 13721 13722 13720 13717 13714 13709 13702 13681 13671 13647 13641 13641 13638 13631 13633 13633 13633 13673 13669 13667
13702 13703 13720 13722 13719 13717 13715 13690 13679 13647 13641 13641 13639 13631 13662 13664 13675 13682 13680 13676 13671
13711 13729 13730 13725 13724 13714 13694 13691 13689 13683 13676 13668 13665 13663 13666 13708 13691 13683 13682 13678 13664
13721 13731 13731 13733 13709 13701 13699 13694 13691 13691 13687 13681 13672 13686 13768 13784 13756 13717 13674 13663 13661
13707 13714 13727 13720 13718 13713 13704 13701 13698 13693 13691 13690 13697 13723 13745 13764 13784 13699 13682 13672 13664
13703 13712 13717 13718 13719 13679 13686 13686 13690 13686 13685 13684 13679 13678 13678 13688 13695 13695 13698 13697 13681
13716 13688 13688 13688 13679 13686 13686 13690 13686 13685 13684 13680 13679 13679 13688 13694 13694 13695 13695 13695 13693
13688 13688 13688 13682 13680 13680 13685 13689 13689 13687 13678 13678 13678 13685 13690 13691 13694 13695 13695 13693 13690
13675 13676 13676 13676 13677 13683 13690 13690 13688 13677 13677 13677 13677 13677 13677 13689 13693 13693 13683 13677 13677
13661 13665 13668 13668 13677 13691 13691 13691 13688 13687 13686 13674 13674 13674 13686 13690 13691 13684 13678 13677 13670
13516 13517 13597 13601 13697 13696 13693 13691 13689 13689 13673 13672 13672 13683 13686 13686 13685 13684 13684 13668 13643
13530 13579 13591 13704 13704 13700 13698 13698 13695 13689 13688 13683 13678 13679 13678 13672 13671 13673 13666 13648 13645
13597 13580 13723 13720 13725 13717 13712 13700 13690 13690 13685 13677 13676 13674 13664 13661 13661 13663 13662 13662 13661
13766 13741 13741 13766 13761 13761 13723 13689 13688 13688 13678 13675 13674 13666 13663 13663 13661 13659 13659 13655 13639
13781 13777 13756 13742 13745 13720 13690 13688 13687 13677 13675 13674 13668 13666 13666 13658 13654 13654 13646 13640 13640
13795 13749 13725 13725 13713 13691 13689 13685 13667 13662 13660 13648 13646 13648 13658 13673 13671 13659 13640 13640 13636
13732 13729 13728 13714 13689 13687 13684 13670 13665 13662 13649 13644 13643 13658 13681 13681 13669 13639 13639 13631 13616
13730 13394 13390 13378 13685 13388 13384 13387 13671 13671 13672 13671 13668 13666 13448 13441 13639 13482 13480 13474 13622
13403 13394 13394 13416 13403 13390 13394 13395 13673 13673 13673 13671 13667 13447 13439 13638 13474 13480 13483 13634 13630
