inst/extdata/modis/lst/modgrid/Lat43.00075Lon-78.78820Start2001-01-01End2013-12-31___MOD11A2/GRID_Lat43.00075Lon-78.78820Start2001-01-01End2013-12-31___MOD11A2_LST_Day_1km_A2006281.asc
ncols		 21
nrows		 21
xllcorner	 -6416881.12
yllcorner	 4772121.02
cellsize	 926.625433055834
NODATA_value	 0
14588 14595 14800 14591 14588 14591 14590 14589 14583 14725 14568 14584 14585 14694 14538 14502 14495 14527 14516 14629 14492
14519 14518 14689 14530 14531 14542 14553 14548 14537 14530 14556 14576 14587 14731 14513 14504 14657 14652 14511 14506 14511
14428 14566 14576 14579 14577 14427 14451 14480 14491 14516 14540 14564 14724 14696 14697 14548 14662 14520 14635 14623 14623
14432 14421 14416 14438 14534 14445 14461 14490 14558 14573 14532 14542 14598 14706 14683 14663 14656 14634 14627 14629 14685
14472 14460 14490 14488 14469 14546 14452 14501 14539 14738 14542 14594 14691 14680 14681 14693 14648 14629 14628 14678 14684
14524 14550 14546 14509 14604 14585 14465 14509 14690 14754 14701 14685 14689 14728 14752 14700 14666 14672 14684 14698 14712
14534 14559 14557 14546 14528 14516 14490 14747 14761 14731 14697 14705 14746 14775 14732 14703 14697 14722 14724 14721 14713
14558 14567 14568 14543 14669 14680 14723 14768 14753 14719 14700 14723 14766 14782 14747 14723 14744 14727 14746 14738 14730
14552 14569 14583 14584 14582 14615 14649 14770 14745 14721 14738 14752 14756 14762 14757 14756 14756 14693 14689 14751 14690
14508 14562 14591 14612 14644 14655 14790 14780 14773 14803 14813 14796 14795 14793 14785 14781 14684 14682 14705 14708 14694
14541 14585 14639 14673 14682 14801 14787 14797 14825 14834 14807 14805 14790 14776 14786 14705 14704 14716 14730 14749 14730
14715 14756 14772 14787 14803 14814 14816 14836 14863 14819 14800 14807 14792 14803 14735 14747 14760 14767 14789 14778 14726
14786 14808 14803 14810 14820 14827 14847 14878 14840 14801 14780 14706 14711 14735 14747 14740 14750 14789 14796 14739 14699
14834 14835 14827 14820 14825 14842 14858 14835 14805 14788 14708 14706 14730 14762 14742 14738 14776 14794 14730 14717 14713
14852 14830 14824 14827 14832 14819 14794 14770 14785 14701 14722 14730 14753 14745 14743 14779 14789 14740 14713 14717 14678
14861 14841 14830 14835 14811 14778 14759 14755 14712 14747 14744 14738 14763 14778 14782 14778 14757 14721 14701 14654 14641
14859 14837 14836 14825 14798 14778 14770 14744 14760 14757 14743 14758 14781 14765 14758 14742 14718 14694 14654 14652 14654
14839 14845 14854 14841 14819 14807 14781 14778 14793 14800 14781 14768 14760 14743 14717 14698 14682 14663 14657 14667 14675
14852 14863 14858 14838 14821 14804 14790 14802 14819 14813 14794 14775 14760 14733 14710 14688 14675 14673 14665 14681 14688
14851 14859 14842 14814 14799 14795 14809 14821 14833 14825 14807 14795 14774 14754 14728 14710 14679 14663 14667 14706 14671
14877 14855 14820 14797 14802 14822 14834 14858 14844 14829 14819 14807 14753 14731 14707 14689 14687 14686 14664 14669 14671
