inst/extdata/modis/lst/modgrid/Lat43.00075Lon-78.78820Start2001-01-01End2013-12-31___MOD11A2/GRID_Lat43.00075Lon-78.78820Start2001-01-01End2013-12-31___MOD11A2_LST_Day_1km_A2012105.asc
ncols		 21
nrows		 21
xllcorner	 -6416881.12
yllcorner	 4772121.02
cellsize	 926.625433055834
NODATA_value	 0
14815 14839 14860 14868 14879 14867 14845 14805 14677 14675 14729 14770 14765 14736 14681 14660 14666 14668 14584 14579 14605
14488 14612 14645 14638 14619 14632 14532 14634 14624 14673 14713 14759 14744 14711 14700 14688 14703 14604 14599 14616 14625
14326 14397 14433 14504 14454 14447 14412 14502 14638 14681 14730 14734 14743 14712 14701 14694 14630 14622 14592 14600 14597
14343 14362 14351 14378 14454 14395 14414 14523 14587 14710 14764 14779 14777 14720 14689 14601 14572 14560 14575 14602 14638
14503 14496 14493 14490 14528 14540 14481 14434 14619 14767 14813 14756 14726 14661 14628 14586 14587 14582 14608 14657 14703
14544 14592 14527 14564 14550 14592 14364 14486 14658 14795 14742 14723 14687 14700 14679 14668 14616 14631 14679 14766 14769
14659 14614 14605 14647 14557 14507 14509 14640 14812 14739 14699 14687 14720 14749 14745 14704 14684 14769 14788 14793 14772
14634 14625 14638 14641 14601 14497 14604 14753 14767 14729 14720 14806 14835 14768 14812 14805 14803 14762 14767 14795 14748
14557 14632 14680 14608 14591 14670 14757 14783 14808 14819 14859 14833 14870 14861 14870 14842 14795 14788 14785 14782 14769
14558 14579 14647 14717 14803 14799 14830 14866 14869 14907 14862 14856 14847 14850 14861 14854 14811 14792 14791 14745 14754
14615 14719 14812 14874 14896 14899 14906 14909 14935 14926 14897 14870 14847 14844 14851 14841 14833 14816 14816 14789 14788
14776 14844 14876 14911 14881 14907 14935 14950 14977 14931 14892 14870 14833 14837 14884 14879 14879 14854 14882 14833 14798
14838 14870 14904 14904 14917 14947 14971 14996 14964 14910 14888 14860 14879 14905 14898 14888 14862 14872 14849 14808 14717
14880 14919 14929 14939 14947 14953 14970 14952 14923 14903 14885 14863 14882 14906 14870 14847 14860 14825 14780 14720 14702
14935 14934 14923 14924 14933 14928 14901 14910 14893 14895 14861 14858 14879 14852 14833 14818 14829 14793 14749 14727 14743
14959 14931 14920 14925 14999 14885 14884 14902 14896 14886 14872 14864 14847 14847 14837 14846 14811 14791 14752 14751 14750
14943 14926 14941 14944 14872 14873 14888 14891 14884 14876 14864 14855 14850 14841 14821 14790 14784 14747 14764 14763 14760
15012 14952 14954 14952 14895 14880 14876 14874 14888 14876 14846 14835 14826 14809 14793 14766 14741 14769 14784 14785 14773
14952 14958 14952 14900 14872 14862 14868 14878 14884 14882 14872 14857 14831 14809 14751 14722 14727 14750 14771 14774 14765
14959 14952 14900 14868 14859 14876 14885 14900 14918 14905 14888 14860 14847 14823 14789 14758 14742 14743 14760 14776 14779
14962 14940 14889 14877 14895 14913 14938 14943 14923 14909 14899 14903 14873 14833 14792 14766 14758 14755 14761 14774 14773
