inst/extdata/modis/lst/modgrid/Lat43.00075Lon-78.78820Start2001-01-01End2013-12-31___MOD11A2/GRID_Lat43.00075Lon-78.78820Start2001-01-01End2013-12-31___MOD11A2_LST_Day_1km_A2005233.asc
ncols		 21
nrows		 21
xllcorner	 -6416881.12
yllcorner	 4772121.02
cellsize	 926.625433055834
NODATA_value	 0
15143 15217 15256 15249 15236 15199 15141 15144 15189 15096 15086 15054 15088 15097 15060 15048 15049 15060 15040 15020 14990
14970 15041 15093 15114 15107 15084 15070 15052 14966 14953 15029 15073 15098 15079 15085 15067 15067 15040 15006 14985 14971
14831 14948 14962 14981 15000 15008 14988 14984 14985 15016 15036 15070 15145 15077 15078 15070 15026 14974 14940 14928 14929
14827 14853 14883 14898 14891 14897 14917 14940 14979 15033 15086 15119 15134 15127 15119 15000 14950 14905 14897 14914 14910
14915 14945 14952 14920 14907 14915 14913 14946 15056 15121 15127 15128 15106 15103 15074 15027 14887 14861 14870 14908 14924
15031 15044 15034 15024 14981 14945 14939 15011 15116 15128 15097 15059 15061 15084 15061 14975 14905 14879 14930 14958 14985
15070 15061 15059 15010 14976 14969 15030 15103 15125 15071 15024 15031 15073 15098 15056 15027 15001 15003 15018 15033 15025
15058 15070 15050 15028 15033 15067 15104 15146 15110 15071 15048 15057 15078 15089 15064 15045 15045 15052 15072 15073 15066
15063 15078 15082 15078 15102 15132 15161 15141 15098 15079 15082 15105 15104 15108 15120 15127 15121 15123 15114 15109 15107
15063 15072 15114 15153 15202 15231 15229 15211 15201 15199 15211 15195 15185 15178 15175 15163 15141 15117 15120 15120 15127
15074 15113 15176 15260 15277 15281 15280 15280 15283 15285 15270 15254 15226 15206 15198 15188 15164 15158 15168 15183 15175
15142 15206 15281 15289 15308 15317 15323 15338 15341 15323 15301 15286 15270 15253 15228 15205 15193 15184 15200 15194 15134
15248 15304 15302 15315 15330 15337 15355 15369 15348 15317 15287 15266 15261 15248 15220 15205 15177 15201 15192 15130 15031
15322 15325 15326 15326 15332 15347 15354 15337 15310 15270 15234 15216 15216 15203 15192 15166 15187 15177 15127 15043 15025
15339 15343 15340 15333 15323 15315 15300 15274 15224 15202 15198 15185 15180 15183 15175 15176 15179 15128 15063 15032 15007
15360 15354 15342 15322 15303 15274 15244 15212 15202 15207 15186 15170 15182 15205 15202 15199 15157 15094 15046 15008 14980
15361 15330 15313 15299 15277 15249 15210 15203 15219 15209 15189 15189 15179 15169 15168 15146 15091 15050 15023 15004 14991
15310 15306 15287 15257 15248 15234 15227 15228 15234 15228 15215 15157 15140 15132 15100 15041 15008 14987 14993 15000 14978
15248 15272 15277 15246 15243 15244 15240 15256 15267 15259 15225 15162 15142 15106 15042 14998 14944 14945 14967 14968 14950
15279 15282 15273 15264 15263 15268 15274 15285 15278 15241 15222 15214 15175 15113 15059 14996 14973 14990 14984 14971 14952
15327 15313 15297 15287 15295 15308 15309 15289 15248 15235 15236 15216 15174 15110 15032 15003 15007 14995 14981 14970 14941
