inst/extdata/modis/lst/modgrid/Lat43.00075Lon-78.78820Start2001-01-01End2013-12-31___MOD11A2/GRID_Lat43.00075Lon-78.78820Start2001-01-01End2013-12-31___MOD11A2_LST_Day_1km_A2011089.asc
ncols		 21
nrows		 21
xllcorner	 -6416881.12
yllcorner	 4772121.02
cellsize	 926.625433055834
NODATA_value	 0
14435 14448 14445 14443 14449 14424 14403 14405 14407 14378 14347 14357 14362 14373 14356 14302 14295 14293 14297 14306 14287
14199 14231 14273 14303 14332 14289 14265 14319 14319 14305 14324 14320 14350 14384 14376 14350 14322 14296 14283 14293 14286
13930 14027 14063 14052 13997 14061 14213 14246 14246 14230 14239 14263 14368 14409 14410 14379 14320 14272 14250 14259 14280
13846 13922 13942 13977 13985 14000 14038 14144 14204 14278 14282 14393 14445 14443 14391 14338 14320 14205 14213 14259 14284
14174 14140 14119 14085 14072 14002 13987 14059 14293 14381 14438 14468 14458 14410 14376 14340 14283 14212 14243 14288 14284
14276 14263 14245 14259 14251 14029 13980 14099 14268 14333 14305 14230 14249 14351 14392 14330 14261 14238 14299 14299 14310
14294 14282 14305 14305 14252 14192 14116 14246 14338 14316 14237 14244 14355 14438 14405 14345 14266 14338 14323 14327 14355
14260 14287 14302 14312 14262 14165 14265 14344 14493 14443 14376 14314 14340 14391 14373 14363 14358 14346 14351 14349 14318
14184 14254 14318 14297 14255 14275 14333 14464 14427 14409 14329 14352 14352 14374 14401 14406 14406 14385 14369 14356 14387
14185 14204 14249 14327 14455 14501 14492 14481 14485 14504 14525 14479 14358 14365 14424 14431 14412 14372 14378 14412 14418
14211 14254 14366 14471 14498 14483 14434 14491 14540 14530 14350 14340 14358 14399 14443 14464 14450 14438 14448 14463 14448
14276 14374 14422 14461 14483 14481 14525 14548 14543 14376 14343 14357 14368 14398 14460 14500 14485 14477 14504 14504 14380
14420 14429 14477 14519 14536 14573 14577 14581 14486 14403 14375 14356 14359 14435 14485 14464 14463 14508 14507 14433 14366
14422 14475 14540 14548 14556 14563 14584 14537 14499 14456 14402 14332 14421 14512 14451 14442 14487 14472 14407 14382 14372
14446 14484 14521 14541 14535 14543 14521 14484 14436 14393 14324 14385 14445 14439 14434 14455 14475 14447 14386 14376 14312
14474 14525 14529 14527 14519 14479 14459 14435 14408 14372 14407 14422 14440 14449 14456 14490 14473 14395 14350 14295 14266
14526 14493 14488 14509 14478 14454 14457 14443 14414 14395 14415 14419 14423 14414 14425 14401 14334 14301 14284 14303 14282
14477 14465 14497 14502 14488 14473 14460 14457 14460 14437 14395 14375 14363 14332 14333 14296 14256 14266 14321 14315 14262
14467 14486 14505 14496 14463 14476 14468 14469 14467 14424 14399 14393 14374 14359 14297 14227 14209 14231 14264 14255 14258
14481 14493 14467 14417 14437 14455 14471 14471 14466 14452 14415 14420 14409 14357 14313 14289 14265 14251 14249 14266 14262
14493 14496 14464 14444 14445 14481 14484 14488 14478 14455 14456 14459 14418 14351 14300 14271 14250 14244 14251 14257 14249
