inst/extdata/modis/lst/modgrid/Lat43.00075Lon-78.78820Start2001-01-01End2013-12-31___MOD11A2/GRID_Lat43.00075Lon-78.78820Start2001-01-01End2013-12-31___MOD11A2_LST_Day_1km_A2007249.asc
ncols		 21
nrows		 21
xllcorner	 -6416881.12
yllcorner	 4772121.02
cellsize	 926.625433055834
NODATA_value	 0
15180 15307 15331 15334 15315 15291 15275 15270 15273 15263 15254 15259 15266 15266 15229 15195 15080 15092 15084 15071 15044
15176 15242 15234 15212 15195 15206 15214 15217 15216 15209 15237 15164 15163 15144 15131 15089 15076 15195 15054 15027 15024
14875 14957 14995 15020 15038 15039 15075 15117 15123 15150 15107 15117 15129 15141 15136 15211 15333 15310 15277 15071 15013
14929 14943 14938 14946 14960 14952 14903 14971 15036 15114 15108 15108 15244 15243 15218 15320 15281 15243 15027 15046 14996
15073 15112 15096 14976 14933 15063 14892 14930 15124 15168 15377 15374 15247 15330 15324 15322 15271 15189 15026 15048 15271
15086 15109 15095 15057 15013 14943 14928 15028 15095 15149 15123 15100 15126 15323 15364 15305 15223 15222 15234 15300 15125
15120 15135 15137 15093 15029 15007 14997 15087 15145 15136 15097 15118 15329 15388 15347 15299 15088 15102 15121 15130 15337
15107 15107 15109 15089 15061 15028 15082 15253 15267 15247 15229 15234 15258 15368 15353 15114 15129 15344 15344 15347 15338
15093 15097 15098 15092 15092 15197 15250 15371 15261 15248 15258 15262 15363 15372 15374 15378 15375 15372 15379 15361 15355
15062 15060 15076 15115 15156 15422 15411 15300 15301 15310 15300 15409 15405 15416 15420 15409 15369 15325 15345 15352 15374
15065 15112 15242 15448 15461 15441 15441 15328 15342 15476 15462 15450 15419 15406 15417 15421 15396 15382 15392 15422 15416
15232 15255 15460 15465 15309 15331 15374 15387 15509 15491 15294 15285 15290 15467 15473 15470 15449 15441 15456 15453 15410
15312 15472 15477 15319 15343 15376 15394 15519 15506 15307 15296 15286 15471 15482 15473 15447 15449 15472 15470 15425 15178
15267 15480 15292 15328 15346 15354 15509 15303 15296 15288 15449 15429 15443 15468 15435 15434 15456 15458 15425 15180 15171
15493 15295 15480 15494 15500 15485 15284 15269 15271 15454 15421 15417 15442 15435 15432 15430 15458 15235 15409 15402 15377
15306 15489 15497 15509 15486 15471 15454 15457 15462 15467 15451 15443 15441 15480 15487 15493 15452 15227 15389 15349 15333
15493 15496 15505 15504 15493 15464 15469 15474 15480 15486 15461 15446 15462 15451 15439 15223 15210 15337 15344 15334 15330
15319 15333 15514 15510 15479 15484 15488 15493 15510 15487 15464 15440 15433 15415 15379 15353 15316 15317 15358 15348 15317
15334 15328 15337 15345 15336 15301 15287 15505 15499 15486 15452 15434 15426 15392 15350 15294 15279 15296 15128 15129 15286
15332 15342 15344 15333 15295 15283 15486 15486 15483 15471 15447 15454 15466 15421 15350 15323 15307 15180 15176 15140 15154
15515 15507 15341 15487 15498 15502 15503 15303 15296 15467 15468 15474 15453 15381 15344 15309 15164 15172 15123 15102 15320
