inst/extdata/modis/lst/modgrid/Lat43.00075Lon-78.78820Start2001-01-01End2013-12-31___MOD11A2/GRID_Lat43.00075Lon-78.78820Start2001-01-01End2013-12-31___MOD11A2_LST_Day_1km_A2005097.asc
ncols		 21
nrows		 21
xllcorner	 -6416881.12
yllcorner	 4772121.02
cellsize	 926.625433055834
NODATA_value	 0
14690 14713 14728 14719 14722 14718 14708 14685 14622 14594 14622 14655 14668 14648 14626 14570 14553 14577 14583 14529 14529
14413 14498 14523 14556 14580 14594 14606 14559 14547 14550 14596 14646 14656 14654 14633 14595 14585 14516 14533 14533 14526
14178 14266 14288 14295 14301 14309 14371 14414 14501 14564 14620 14638 14650 14649 14631 14595 14516 14522 14519 14512 14527
14129 14204 14249 14321 14239 14207 14235 14393 14518 14611 14659 14688 14710 14691 14619 14519 14501 14498 14491 14512 14539
14470 14494 14499 14485 14389 14375 14211 14346 14547 14691 14723 14723 14691 14638 14558 14539 14513 14480 14497 14524 14541
14608 14621 14598 14559 14510 14421 14285 14416 14640 14717 14693 14644 14565 14599 14607 14574 14510 14497 14510 14537 14566
14640 14646 14642 14597 14530 14440 14405 14593 14711 14691 14638 14568 14619 14651 14643 14586 14554 14559 14576 14581 14580
14619 14620 14617 14601 14534 14435 14570 14693 14710 14665 14586 14609 14645 14661 14623 14596 14602 14623 14630 14632 14606
14598 14601 14602 14561 14500 14611 14695 14725 14617 14606 14614 14638 14647 14642 14644 14654 14666 14666 14653 14647 14651
14542 14508 14493 14592 14712 14745 14682 14731 14731 14750 14693 14683 14669 14673 14695 14700 14679 14650 14647 14654 14651
14514 14589 14699 14764 14774 14768 14762 14771 14803 14748 14721 14690 14667 14669 14696 14703 14683 14675 14678 14690 14668
14657 14720 14750 14772 14779 14804 14810 14833 14782 14750 14714 14693 14679 14704 14728 14728 14716 14708 14716 14705 14654
14748 14764 14778 14781 14802 14815 14780 14799 14772 14740 14718 14699 14712 14727 14722 14710 14709 14724 14731 14664 14617
14785 14811 14819 14810 14813 14774 14774 14745 14727 14716 14705 14696 14703 14720 14706 14697 14715 14714 14665 14637 14612
14825 14829 14817 14815 14764 14760 14733 14713 14694 14670 14663 14659 14691 14695 14689 14712 14727 14696 14660 14629 14590
14849 14842 14763 14776 14765 14732 14716 14713 14703 14695 14686 14667 14662 14690 14701 14732 14720 14671 14608 14581 14568
14862 14783 14784 14774 14745 14728 14725 14721 14715 14710 14689 14669 14667 14669 14693 14668 14624 14563 14575 14602 14588
14785 14790 14795 14790 14778 14755 14741 14736 14734 14713 14677 14655 14647 14650 14625 14585 14537 14569 14605 14613 14580
14800 14813 14808 14786 14757 14751 14754 14754 14734 14714 14692 14683 14675 14653 14598 14544 14532 14565 14600 14577 14577
14813 14815 14798 14755 14747 14759 14768 14764 14768 14741 14719 14707 14694 14650 14602 14583 14580 14592 14594 14603 14595
14828 14813 14773 14770 14785 14799 14798 14801 14785 14746 14734 14726 14689 14645 14610 14592 14588 14593 14590 14587 14581
