inst/extdata/modis/lst/modgrid/Lat43.00075Lon-78.78820Start2001-01-01End2013-12-31___MOD11A2/GRID_Lat43.00075Lon-78.78820Start2001-01-01End2013-12-31___MOD11A2_LST_Day_1km_A2013273.asc
ncols		 21
nrows		 21
xllcorner	 -6416881.12
yllcorner	 4772121.02
cellsize	 926.625433055834
NODATA_value	 0
14881 14967 14947 14965 14957 14891 14872 14902 14906 14807 14823 14824 14841 14962 0 14791 14850 14725 14720 14582 14716
14693 15011 14907 14893 14817 14932 14893 14862 14833 14820 14826 14849 14952 14876 14847 14842 14905 14890 14678 14674 14678
14581 14653 14688 14697 14723 14782 14818 14816 14745 14756 14898 14888 14856 14856 14832 14772 14743 14624 14618 14660 14655
14593 14590 14587 14713 14704 14704 14647 14662 14713 14722 14698 14770 14873 14837 14765 14728 14624 14614 14567 14566 14684
0 14634 0 14689 14689 14608 14655 14673 14688 14695 14681 14893 14734 14708 14690 14702 14628 14623 14623 14649 14667
14792 14792 0 14700 14699 14688 14646 14641 0 14805 14879 14698 14664 14640 14700 14689 14670 14676 14699 14761 14754
14792 0 14700 14697 14688 14688 0 0 14742 14747 14696 14689 14582 14726 14723 14680 14677 14752 14765 14748 14723
0 14674 14674 0 0 0 0 14742 14757 14787 14825 14823 14839 14865 14891 14602 14848 14862 14869 14849 14843
14674 14674 0 14754 14754 14754 0 14882 14865 14761 14790 14798 14838 14893 14902 14925 14899 14890 14897 14881 14881
0 0 14809 14797 0 0 14855 14852 14753 0 0 14808 14817 14849 14925 14885 14862 14840 14834 14828 14803
0 14814 14814 0 0 0 14855 14873 14889 15073 0 14815 14857 14755 14755 14768 14818 14822 14814 14857 14821
14928 14928 0 0 0 0 14873 14915 15073 14964 14951 14797 14742 14701 14783 14839 14835 14832 14857 14853 14845
14961 14995 15000 14985 14982 0 0 15034 14996 14969 14752 14750 14766 14827 14848 14841 14836 14875 14911 14861 14809
15010 15006 15015 14923 14799 14888 14891 14888 14874 14773 14752 14749 14799 14840 14834 14836 14879 14915 14863 14831 14796
15034 14968 14878 14858 14876 14892 14869 14850 14830 14791 14796 14799 14793 14792 14808 14860 14883 14863 14809 14765 14754
15023 14911 14886 14894 14901 14880 14866 14842 14825 14826 14828 14783 14782 14804 14851 14874 14870 14798 14728 14709 14704
14939 14920 14895 14893 14900 14880 14862 14843 14844 14838 14783 14791 14808 14798 14850 14828 14773 14697 14693 14704 14783
14919 14905 14917 14920 14889 14875 14849 14841 14838 14794 14778 14780 14788 14913 14854 14758 14726 14708 14696 14669 14672
14884 14916 14922 14910 14872 14848 14844 14849 14932 14890 14893 14880 14862 14805 14737 14743 14749 14690 14680 14706 14707
14893 14899 14889 14840 14826 14819 14808 14812 14781 14788 14818 14791 14791 14736 14740 14736 14763 14764 14803 14708 14711
14865 14855 14831 14807 14787 14769 14774 14760 14710 14706 0 14809 14821 14825 14793 14785 14776 14773 14652 14663 14654
