inst/extdata/modis/lst/modgrid/Lat43.00075Lon-78.78820Start2001-01-01End2013-12-31___MOD11A2/GRID_Lat43.00075Lon-78.78820Start2001-01-01End2013-12-31___MOD11A2_LST_Day_1km_A2005145.asc
ncols		 21
nrows		 21
xllcorner	 -6416881.12
yllcorner	 4772121.02
cellsize	 926.625433055834
NODATA_value	 0
15128 15155 15152 15158 15160 15140 15098 15001 15012 14970 14947 15132 15133 15022 14967 14921 14914 14925 14925 14907 14891
14928 14981 14996 14992 15013 15016 14959 14867 14837 14864 14967 14989 15005 14993 14969 14965 14930 14919 14894 14888 14872
14571 14681 14709 14717 14616 14634 14667 14703 14779 14887 14942 14994 15008 15013 15020 14988 14969 14910 14882 14862 14901
14559 14601 14617 14664 14644 14565 14583 14670 14862 14953 15006 15021 15034 15020 14991 14944 14892 14853 14841 14887 14905
14896 14827 14823 14784 14688 14658 14534 14602 14948 15016 15066 15070 15020 14998 14979 14937 14848 14821 14857 14899 14884
14852 14866 14845 14859 14779 14613 14567 14686 15052 15109 15046 14996 15017 15059 14994 14940 14847 14807 14869 14927 14942
14950 14949 15069 15021 14910 14823 14823 15085 15131 15069 14990 15036 15094 15075 15052 14951 14884 14912 14930 14937 14953
14854 14918 14921 14907 14929 14855 15035 15182 15062 15009 14988 15011 15057 15090 15014 14951 14976 14995 14967 14955 14955
14861 14888 14936 14935 14909 15010 15100 15072 15038 15015 15053 15101 15064 15042 15030 15035 15034 15040 14974 14985 15005
14828 14845 14908 15014 15113 15139 15202 15167 15090 15137 15201 15158 15119 15098 15092 15087 15040 14921 14952 15000 14970
14892 14996 15119 15185 15182 15072 15086 15081 15243 15231 15186 15187 15119 15089 15070 15083 15031 14980 14914 14998 14991
15059 15130 15168 15181 15092 15177 15188 15225 15269 15181 15174 15144 15110 15066 15103 15123 15134 14984 15006 15029 15013
15187 15212 15239 15155 15176 15179 15215 15401 15238 15198 15153 15114 15135 15078 15116 15126 15073 15120 15063 14917 14888
15264 15286 15288 15280 15290 15318 15314 15227 15202 15151 15044 15023 15066 15157 15121 15045 15081 15034 14936 14907 14896
15304 15291 15266 15262 15269 15258 15139 15089 15074 15060 14982 15043 15113 15133 15048 15084 15073 15005 14959 14938 14894
15320 15288 15270 15263 15239 15135 15078 15075 15087 15115 15106 15112 15138 15097 15104 15130 15085 15004 14961 14877 14852
15287 15305 15284 15258 15170 15145 15137 15136 15146 15140 15132 15149 15138 15092 15080 15037 14996 14970 14917 14899 14920
15260 15269 15269 15250 15211 15191 15188 15186 15142 15188 15165 15099 15040 15032 14958 14921 14885 14888 14918 14965 14956
15281 15298 15287 15225 15187 15186 15191 15207 15216 15242 15196 15155 15107 15044 14979 14846 14814 14852 14898 14913 14897
15305 15294 15236 15197 15198 15211 15221 15230 15258 15229 15209 15168 15115 15055 15001 14898 14876 14915 14928 14937 14925
15313 15271 15234 15218 15234 15259 15263 15269 15239 15217 15198 15178 15083 15011 14950 14915 14915 14916 14915 14905 14884
