inst/extdata/modis/lst/modgrid/Lat43.00075Lon-78.78820Start2001-01-01End2013-12-31___MOD11A2/GRID_Lat43.00075Lon-78.78820Start2001-01-01End2013-12-31___MOD11A2_LST_Day_1km_A2011217.asc
ncols		 21
nrows		 21
xllcorner	 -6416881.12
yllcorner	 4772121.02
cellsize	 926.625433055834
NODATA_value	 0
15138 15164 15230 15207 15178 15236 15281 15234 15222 15030 15022 15131 15045 15007 14961 14945 14972 15075 15030 15017 14977
15048 15092 15034 15044 15121 15084 14970 14990 15004 14957 14961 15044 15054 15062 14976 15076 14975 15000 14993 14955 14945
14876 14902 14908 14936 14923 14852 14882 14909 14900 14899 14951 15025 15015 15028 15112 15037 15004 14978 14976 14922 14905
14795 14777 14852 14869 14855 14840 14904 14947 14906 15025 15038 15019 15138 15129 15072 15035 14992 14925 14858 14832 14923
14858 14950 14897 14846 14909 14891 14887 14892 14939 15046 15000 15073 15077 15005 15057 14981 14854 14793 14757 14868 14955
14986 15032 15032 14968 14922 14887 14856 14863 15025 14967 14924 14905 15050 15103 15017 15128 14811 14794 14883 14940 14982
15009 15032 15050 14980 14931 14938 14921 14969 15052 14992 14944 14979 15005 15027 15158 14806 14885 14849 14837 14948 14958
14954 14976 14960 14935 15020 14961 14960 14985 15159 15063 15012 15023 14991 15094 15024 14908 14886 14991 14970 15015 15001
14906 14931 14944 15015 14916 14973 15399 15128 15109 15128 15318 15139 15084 15043 15072 15062 15160 15162 15161 15161 15210
14888 14910 14920 14940 15023 15195 15043 15099 15141 15403 15445 15401 15340 15214 15210 15162 15153 15131 14999 15067 15239
14862 14899 14971 15015 15094 15084 15076 15097 15156 15340 15314 15176 15141 15176 15152 15134 15100 15277 15269 15281 15140
15028 14904 14864 15220 15224 15233 15081 15100 15112 15151 15059 15142 15192 15199 15246 15182 15371 15353 15387 15260 15194
15067 15043 15189 15109 14847 14863 14958 15114 15143 15086 15062 15092 15129 15427 15389 15299 15317 15401 15392 15192 15127
15062 15034 14985 14977 14757 14812 14823 14864 15062 15041 15035 15030 15150 15382 15314 15246 15342 15257 15178 15144 15153
15026 14978 14958 14801 14801 0 14829 15194 15020 15023 15001 15126 15178 15344 15202 15205 15276 15186 15149 15143 15099
15098 15101 0 0 14902 15107 14996 15402 14893 14997 15093 15154 15229 15353 15112 15202 15266 15213 15143 15021 14992
15175 15068 15134 15148 15139 15131 15193 15209 15220 15211 15136 15236 15264 15083 15220 15187 15166 15121 15070 15073 15090
15226 15161 15090 15048 15199 15188 15199 15243 15275 15257 15236 15216 15202 15167 15139 15079 15025 15049 15086 15116 15054
15221 15253 15253 15327 15332 15314 15237 15272 15143 15077 15133 15130 15187 15165 15076 14985 14950 14980 15043 14927 14901
15215 15100 15242 15271 15219 15199 15178 15128 15128 15159 15145 15224 15260 15215 15156 15091 15059 15069 14957 14959 14921
15213 15167 15295 15189 15203 15264 15288 15287 15157 15125 15180 15307 15262 15146 15101 15083 15080 14945 14921 14984 14974
