inst/extdata/modis/lst/modgrid/Lat43.00075Lon-78.78820Start2001-01-01End2013-12-31___MOD11A2/GRID_Lat43.00075Lon-78.78820Start2001-01-01End2013-12-31___MOD11A2_LST_Day_1km_A2006057.asc
ncols		 21
nrows		 21
xllcorner	 -6416881.12
yllcorner	 4772121.02
cellsize	 926.625433055834
NODATA_value	 0
13955 13933 13931 13910 13907 13731 14002 13989 13978 13932 0 0 13967 13607 13254 13313 13632 13637 13947 13934 13603
13688 13659 13664 13868 13687 13662 13641 13642 13932 0 0 13967 13967 0 0 0 0 13945 13927 13897 13891
13606 13607 13707 13704 13711 13690 13710 13636 13892 13892 0 0 0 13248 13248 0 13904 13895 13887 13587 13615
13647 13666 13676 13695 13722 13661 13670 13665 13644 13955 0 0 0 13248 13225 13225 13891 13575 13580 13896 13594
13690 13710 13806 13775 13693 13753 13658 13669 13841 13867 0 0 0 13225 13225 13292 13559 13825 13841 13584 13584
13855 13685 13682 13664 13574 13672 13676 13639 13849 13864 0 0 0 0 13292 0 0 13559 13572 13898 13901
13700 13698 13681 13645 13625 13791 13668 13687 13865 0 0 0 0 0 0 13237 13215 13261 13914 13914 13885
13867 13679 13580 13844 13709 13699 13663 13653 13649 0 0 0 0 0 13309 0 0 13914 13916 13619 13611
13663 13669 13864 13736 13732 13886 14022 14020 0 0 0 0 0 13284 13281 0 0 13922 13938 13624 13931
13831 13853 13882 13748 13930 13711 14029 0 0 0 0 0 13278 13267 13266 0 0 0 13267 13267 13937
13571 13697 13721 13764 13961 13885 0 0 0 13314 13294 13301 13266 13266 0 0 0 13267 13267 13267 0
13574 13502 13625 13629 13880 0 0 0 13338 13329 13308 13302 0 0 0 0 0 13267 13267 0 13282
13858 13880 13881 13871 13871 13590 13607 13340 13324 13315 13310 13299 0 0 0 0 0 0 0 13282 13256
13852 13618 13628 13624 13874 13876 13879 0 13327 13314 13300 13776 13776 0 0 0 13270 13270 0 0 0
13616 13618 13604 13587 13589 13824 13752 0 13299 13304 13804 13795 0 0 0 13256 13272 13242 13235 0 0
13833 13601 13578 13797 13761 13771 13602 13292 13319 13572 13514 13216 0 0 13248 13255 13238 13235 0 0 13706
13620 0 13564 13756 13771 13790 0 13312 13301 13265 13220 0 0 13198 13198 0 13702 13700 13693 13708 13418
13618 13590 13588 0 0 0 13293 13294 13292 13251 13758 13758 13725 13725 13442 13440 13691 13419 13439 13434 13412
13588 13588 13813 13809 13809 13296 13303 13302 13251 13758 13758 13725 13725 13449 13440 13435 13411 13423 13416 13388 13646
13818 13811 13809 13597 13507 13319 13345 0 0 0 0 13723 13714 13445 13435 13665 13388 13388 13382 13653 13662
0 13779 13621 13516 0 0 0 0 0 0 0 13716 13716 13701 13692 13656 13652 13649 13669 13662 13650
