inst/extdata/modis/lst/modgrid/Lat43.00075Lon-78.78820Start2001-01-01End2013-12-31___MOD11A2/GRID_Lat43.00075Lon-78.78820Start2001-01-01End2013-12-31___MOD11A2_LST_Day_1km_A2012297.asc
ncols		 21
nrows		 21
xllcorner	 -6416881.12
yllcorner	 4772121.02
cellsize	 926.625433055834
NODATA_value	 0
14729 14738 14737 14741 14760 14753 14730 14719 14710 14690 14686 14699 14693 14696 14692 14683 14682 14696 14715 14721 14735
14621 14647 14671 14696 14697 14688 14690 14694 14682 14670 14691 14701 14699 14704 14690 14678 14693 14711 14714 14727 14734
14499 14513 14508 14496 14529 14555 14586 14625 14639 14656 14687 14698 14717 14726 14738 14710 14714 14714 14719 14716 14720
14519 14550 14544 14552 14535 14524 14556 14597 14636 14686 14719 14748 14754 14747 14732 14721 14723 14722 14715 14711 14712
14653 14662 14663 14657 14642 14612 14570 14578 14648 14733 14766 14756 14746 14733 14729 14737 14741 14735 14723 14722 14715
14712 14713 14712 14707 14683 14621 14593 14629 14727 14757 14743 14723 14736 14751 14765 14770 14746 14742 14729 14726 14721
14726 14726 14721 14702 14698 14674 14637 14724 14762 14756 14739 14750 14770 14795 14799 14779 14763 14750 14745 14731 14730
14723 14719 14710 14709 14697 14651 14716 14761 14766 14757 14764 14773 14800 14807 14792 14777 14771 14770 14749 14744 14742
14716 14710 14709 14692 14671 14724 14754 14754 14752 14772 14780 14793 14778 14785 14791 14793 14792 14770 14766 14764 14760
14706 14691 14687 14702 14781 14793 14784 14779 14801 14813 14818 14798 14805 14797 14807 14810 14785 14782 14777 14768 14775
14696 14709 14743 14776 14799 14783 14794 14817 14826 14825 14815 14810 14789 14797 14809 14803 14805 14803 14792 14785 14771
14735 14749 14765 14778 14783 14807 14829 14840 14840 14823 14809 14793 14786 14807 14815 14819 14815 14808 14804 14804 14786
14748 14785 14798 14802 14819 14844 14844 14844 14836 14824 14817 14803 14829 14821 14822 14817 14815 14816 14815 14799 14764
14805 14823 14830 14831 14854 14854 14853 14845 14835 14834 14829 14818 14808 14825 14815 14813 14814 14810 14799 14785 14778
14839 14843 14835 14848 14853 14854 14843 14829 14825 14814 14818 14803 14820 14806 14806 14814 14823 14812 14799 14788 14764
14862 14857 14860 14858 14850 14837 14830 14833 14835 14829 14812 14809 14801 14809 14806 14808 14806 14788 14771 14771 14772
14865 14863 14856 14851 14838 14835 14842 14842 14832 14807 14794 14811 14810 14801 14802 14796 14773 14741 14746 14770 14760
14854 14849 14855 14860 14851 14846 14847 14838 14800 14775 14785 14789 14791 14795 14790 14774 14757 14772 14770 14772 14753
14844 14855 14858 14849 14834 14842 14844 14829 14806 14803 14806 14802 14806 14797 14783 14775 14779 14780 14778 14762 14767
14853 14852 14837 14823 14832 14847 14852 14852 14829 14824 14822 14826 14824 14805 14788 14787 14789 14779 14773 14779 14766
14876 14863 14842 14834 14846 14871 14867 14859 14853 14852 14852 14852 14838 14809 14798 14794 14785 14781 14790 14777 14750
