inst/extdata/modis/lst/modgrid/Lat43.00075Lon-78.78820Start2001-01-01End2013-12-31___MOD11A2/GRID_Lat43.00075Lon-78.78820Start2001-01-01End2013-12-31___MOD11A2_LST_Day_1km_A2003113.asc
ncols		 21
nrows		 21
xllcorner	 -6416881.12
yllcorner	 4772121.02
cellsize	 926.625433055834
NODATA_value	 0
14721 14849 14869 14854 14846 14835 14808 14798 14790 14763 14747 14765 14770 14759 14736 14707 14709 14723 14725 14716 14716
14509 14595 14627 14654 14600 14575 14651 14669 14695 14677 14722 14739 14744 14740 14726 14706 14702 14705 14709 14708 14700
14205 14328 14251 14262 14282 14390 14466 14555 14592 14658 14668 14699 14721 14733 14719 14694 14678 14685 14682 14677 14677
14257 14216 14208 14222 14313 14326 14382 14508 14634 14697 14739 14761 14763 14751 14704 14666 14662 14652 14644 14656 14670
14495 14454 14441 14505 14436 14359 14303 14367 14582 14762 14791 14790 14777 14727 14693 14691 14657 14618 14620 14647 14658
14625 14636 14642 14642 14604 14499 14409 14505 14763 14801 14766 14729 14703 14712 14733 14708 14645 14614 14622 14639 14658
14697 14725 14732 14685 14626 14533 14504 14653 14783 14757 14687 14693 14734 14764 14749 14682 14641 14664 14665 14665 14672
14719 14719 14716 14592 14538 14596 14616 14784 14763 14732 14713 14742 14767 14761 14725 14678 14686 14681 14685 14695 14683
14682 14695 14703 14534 14618 14639 14803 14803 14761 14744 14753 14756 14741 14738 14732 14732 14720 14727 14732 14724 14726
14588 14588 14605 14671 14746 14841 14822 14797 14795 14810 14812 14799 14785 14776 14775 14762 14750 14727 14725 14730 14730
14587 14660 14750 14810 14850 14843 14835 14842 14854 14855 14835 14795 14778 14766 14775 14779 14771 14744 14749 14746 14813
14734 14780 14824 14835 14838 14847 14866 14877 14889 14855 14807 14780 14760 14766 14794 14790 14823 14823 14834 14836 14805
14794 14838 14838 14839 14851 14866 14878 14891 14858 14811 14784 14747 14740 14761 14797 14783 14798 14838 14848 14807 14768
14838 14852 14842 14849 14859 14872 14877 14832 14794 14760 14716 14697 14701 14771 14746 14760 14813 14825 14792 14762 14732
14857 14842 14841 14843 14844 14838 14807 14778 14740 14710 14689 14685 14748 14761 14761 14803 14824 14799 14756 14723 14697
14846 14845 14833 14834 14826 14827 14798 14744 14727 14723 14756 14751 14764 14780 14799 14807 14788 14727 14679 14669 14667
14846 14839 14842 14841 14850 14826 14817 14809 14791 14773 14754 14766 14788 14773 14755 14742 14693 14633 14660 14713 14708
14824 14830 14845 14868 14844 14836 14828 14813 14801 14784 14766 14746 14731 14727 14711 14670 14624 14672 14714 14831 14708
14821 14838 14871 14844 14821 14818 14816 14812 14813 14811 14804 14771 14748 14725 14689 14649 14651 14686 14708 14705 14694
14859 14849 14820 14795 14808 14822 14826 14831 14850 14836 14797 14804 14797 14766 14720 14698 14697 14717 14714 14714 14710
14844 14836 14814 14810 14827 14843 14848 14859 14856 14832 14840 14840 14816 14764 14737 14727 14716 14717 14832 14827 14821
