inst/extdata/modis/lst/modgrid/Lat43.00075Lon-78.78820Start2001-01-01End2013-12-31___MOD11A2/GRID_Lat43.00075Lon-78.78820Start2001-01-01End2013-12-31___MOD11A2_LST_Day_1km_A2003129.asc
ncols		 21
nrows		 21
xllcorner	 -6416881.12
yllcorner	 4772121.02
cellsize	 926.625433055834
NODATA_value	 0
14770 14861 14830 14801 14853 14814 14782 14807 14809 14684 14765 14780 14807 14947 14652 14611 14840 14670 14489 14568 14569
14454 14522 14599 14670 14711 14806 14760 14765 14653 14730 14763 14793 14800 14940 14896 14861 14651 14476 14552 14557 14549
14329 14300 14248 14219 14367 14482 14527 14529 14549 14714 14755 14770 14930 14933 14660 14627 14619 14421 14468 14543 14532
14264 14232 14169 14251 14255 14220 14229 14324 14684 14772 14768 14779 14940 14939 14832 14605 14392 14421 14499 14499 14553
14371 14409 14399 14392 14377 14253 14208 14357 14544 14818 14820 14939 14898 14873 14620 14384 0 0 14499 14545 14577
14572 14495 14455 14479 14466 14415 14374 14546 14758 14790 14777 14810 14817 14911 0 0 14300 14300 14507 14519 0
14590 14492 14486 14478 14457 14416 14524 14670 14802 14784 14704 14682 14658 14927 0 14300 14322 14477 14471 14463 14518
14492 14482 14476 14489 14484 14458 14633 14796 14747 14639 14685 14664 14676 14957 0 0 14477 14468 14463 14484 14511
14652 14477 14477 14476 14454 14663 14743 14783 14739 14733 14712 14691 14963 14963 14983 0 0 0 0 14562 14648
0 14477 14606 14666 0 14783 14784 14776 14795 14835 15022 15025 15003 14995 0 0 0 0 0 14609 14616
0 14667 14666 0 14783 14783 14830 14850 14908 14938 14992 14995 14976 14942 0 0 0 0 14609 14612 14622
14673 14716 14797 14834 14852 14824 14853 14935 14938 14976 14999 14991 14968 0 0 0 0 0 0 0 0
14759 14789 14845 14850 14837 14879 14942 14966 15007 15004 15040 15037 0 14985 14985 14991 0 0 0 14478 14478
14769 0 14780 14783 14877 14926 15030 15015 14947 14950 15070 0 15010 15003 14996 0 0 0 14478 14481 14530
0 14723 14723 14827 14953 14972 14976 14944 14943 15035 15026 15002 14992 14995 14986 0 0 0 0 14530 14492
0 14750 14762 14933 14945 14931 14925 14934 14929 15052 15020 14992 14989 14987 0 0 0 0 0 14473 14473
14750 14750 14790 14939 14873 14880 14918 14924 15056 15046 15014 14993 14736 14941 0 0 0 0 0 14456 14581
0 14706 14719 14882 14879 14905 14921 14925 14924 14907 14975 14716 14713 14705 0 14284 0 0 14475 14579 14587
14706 14722 14731 14996 14826 14849 14862 14915 14906 15005 14741 14737 14729 14631 14284 14284 0 14485 14485 14627 14802
0 0 14996 14821 14834 14817 15006 14989 14999 15000 15016 15025 14997 14284 14284 0 0 14467 14598 14624 14870
0 0 0 0 0 0 0 15001 15012 15040 15070 15071 15003 14796 14796 14796 14460 14460 14610 14798 14605
