inst/extdata/modis/lst/modgrid/Lat43.00075Lon-78.78820Start2001-01-01End2013-12-31___MOD11A2/GRID_Lat43.00075Lon-78.78820Start2001-01-01End2013-12-31___MOD11A2_LST_Day_1km_A2004281.asc
ncols		 21
nrows		 21
xllcorner	 -6416881.12
yllcorner	 4772121.02
cellsize	 926.625433055834
NODATA_value	 0
14623 14636 14658 14653 14583 14555 14545 14561 14570 14559 14531 14641 14640 14626 14607 14564 14546 14568 14569 14561 14552
14548 14682 14428 14458 14509 14516 14530 14498 14495 14614 14625 14638 14652 14625 14594 14568 14557 14555 14565 14567 14564
14270 14293 14317 14579 14441 14446 14461 14484 14613 14611 14596 14597 14607 14602 14584 14564 14541 14553 14558 14558 14564
14348 14260 14312 14338 14536 14395 14542 14594 14634 14616 14605 14611 14612 14595 14576 14554 14558 14554 14543 14553 14562
14405 14465 14441 14444 14491 14510 14523 14564 14628 14633 14642 14638 14615 14601 14594 14584 14560 14528 14528 14537 14551
14482 14442 14523 14552 14555 14534 14536 14608 14643 14657 14635 14613 14620 14634 14652 14614 14560 14545 14553 14564 14559
14490 14595 14614 14590 14557 14557 14560 14648 14671 14635 14608 14627 14645 14658 14641 14614 14591 14596 14598 14586 14596
14583 14614 14602 14585 14582 14582 14652 14660 14636 14608 14605 14627 14658 14673 14656 14623 14617 14611 14609 14630 14617
14595 14601 14614 14606 14596 14648 14641 14633 14609 14608 14644 14658 14666 14665 14654 14646 14639 14636 14634 14616 14619
14567 14569 14594 14618 14649 14642 14635 14634 14644 14667 14678 14681 14680 14677 14678 14670 14633 14616 14613 14614 14620
14570 14595 14649 14672 14660 14657 14668 14681 14689 14702 14696 14678 14669 14659 14673 14657 14637 14630 14648 14665 14660
14627 14672 14673 14669 14688 14696 14699 14697 14728 14718 14690 14683 14685 14692 14684 14690 14686 14686 14698 14697 14656
14697 14695 14691 14694 14697 14701 14706 14753 14733 14694 14679 14684 14691 14688 14688 14684 14679 14713 14714 14657 14623
14700 14702 14694 14688 14690 14703 14739 14705 14672 14667 14670 14659 14672 14687 14681 14667 14697 14700 14650 14630 14611
14705 14693 14681 14681 14687 14690 14666 14649 14646 14649 14649 14645 14660 14678 14681 14691 14694 14652 14629 14604 14558
14711 14698 14681 14681 14676 14644 14631 14633 14648 14662 14662 14660 14686 14696 14690 14694 14670 14620 14579 14544 14547
14680 14656 14674 14678 14664 14640 14633 14657 14673 14681 14678 14690 14705 14687 14657 14641 14600 14562 14560 14568 14572
14636 14655 14681 14676 14663 14663 14674 14678 14685 14692 14682 14675 14661 14641 14621 14586 14550 14563 14580 14586 14565
14647 14677 14679 14669 14661 14676 14684 14694 14705 14689 14679 14647 14638 14615 14572 14544 14543 14560 14566 14562 14565
14685 14695 14686 14671 14684 14697 14706 14706 14702 14702 14672 14665 14647 14600 14572 14567 14560 14559 14559 14568 14575
14709 14701 14687 14693 14713 14721 14718 14718 14713 14683 14678 14659 14627 14600 14570 14551 14552 14559 14559 14556 14561
