inst/extdata/modis/lst/modgrid/Lat43.00075Lon-78.78820Start2001-01-01End2013-12-31___MOD11A2/GRID_Lat43.00075Lon-78.78820Start2001-01-01End2013-12-31___MOD11A2_LST_Day_1km_A2007097.asc
ncols		 21
nrows		 21
xllcorner	 -6416881.12
yllcorner	 4772121.02
cellsize	 926.625433055834
NODATA_value	 0
13978 13980 14013 14080 14080 0 14202 14202 14202 14193 14187 14187 14186 14183 14183 14174 14139 14136 14137 14120 14089
13971 13992 14042 14043 14043 14059 14073 14079 14123 14147 14151 14162 14176 14177 14169 14129 14128 14132 14141 0 0
13920 13994 14006 14017 14038 14048 14051 14088 14119 14119 14133 14166 14166 14154 14084 14073 14073 14063 14063 14063 14057
13867 13868 13873 13911 13919 13925 13954 13974 13986 14055 14179 14177 14165 14084 14073 14073 14053 14054 14059 14062 0
13870 13881 13929 13931 13927 13934 13936 13936 14014 14196 14196 14196 0 0 13995 13993 13992 13992 14043 14093 14093
14011 14011 14011 14011 13946 13935 13935 14052 14172 14174 14176 0 0 0 13993 13992 13992 14044 14093 14093 14124
14011 14011 14011 13946 13935 13935 14072 14167 14167 14167 0 0 0 0 0 0 0 0 0 14148 14152
0 0 0 0 0 14159 14159 14159 14188 14269 14269 14269 0 0 0 0 0 0 14148 14148 14148
0 0 0 0 14159 14159 14159 14191 14267 14269 14269 0 0 0 0 0 0 0 0 0 14267
0 0 0 0 0 0 14212 14212 14213 14247 14294 14294 14295 14297 0 0 0 0 0 14289 14277
0 0 0 0 0 14212 14212 14212 14244 14294 14294 14295 14297 0 0 0 0 0 14310 14309 14309
0 0 0 0 0 0 0 0 0 0 14307 14322 14325 14331 14361 14367 14367 14329 14315 14314 14284
0 0 0 0 0 0 0 0 0 14303 14318 14325 14331 14361 14367 14367 14345 14325 14325 14274 14188
0 0 0 0 0 0 0 0 14263 14261 14261 14266 14290 14312 14319 14343 14326 14326 14276 14190 14190
0 0 0 0 0 0 0 14263 14261 14261 14262 14276 14284 14284 14284 0 0 0 0 0 0
0 0 0 0 0 0 0 0 0 0 0 0 14284 0 0 0 0 0 0 0 0
0 0 0 0 0 0 0 0 0 0 0 0 0 0 0 0 0 0 0 0 0
0 0 0 14263 0 0 0 0 0 0 0 0 0 0 0 0 0 0 0 0 0
0 14295 14276 14269 14263 14263 0 0 0 0 0 0 0 0 0 0 0 0 0 0 0
14259 14282 14282 14279 14275 14277 14277 14277 0 0 0 0 0 0 0 0 0 0 0 0 0
14283 14283 14282 14287 14305 14301 14292 14279 14268 0 0 0 0 0 0 0 0 0 0 0 0
