inst/extdata/modis/lst/modgrid/Lat43.00075Lon-78.78820Start2001-01-01End2013-12-31___MOD11A2/GRID_Lat43.00075Lon-78.78820Start2001-01-01End2013-12-31___MOD11A2_LST_Day_1km_A2006081.asc
ncols		 21
nrows		 21
xllcorner	 -6416881.12
yllcorner	 4772121.02
cellsize	 926.625433055834
NODATA_value	 0
14424 14461 14494 14545 14546 14533 14508 14489 14489 14470 14468 14471 14480 14479 14456 14436 14427 14428 14431 14411 14394
14196 14253 14295 14352 14365 14374 14398 14424 14428 14417 14437 14471 14479 14480 14465 14443 14430 14431 14413 14400 14390
13978 14014 14037 14079 14107 14142 14189 14293 14355 14379 14422 14431 14467 14477 14470 14455 14426 14407 14391 14386 14409
13995 14022 14004 14005 14036 14068 14121 14213 14326 14436 14439 14483 14496 14494 14465 14414 14389 14369 14362 14394 14430
14217 14236 14239 14209 14184 14121 14097 14177 14375 14453 14511 14522 14502 14478 14462 14446 14444 14327 14367 14393 14428
14314 14335 14342 14327 14258 14190 14169 14257 14401 14511 14505 14483 14472 14482 14490 14461 14343 14336 14359 14417 14429
14364 14390 14394 14355 14313 14259 14253 14392 14494 14509 14487 14476 14488 14513 14489 14431 14370 14393 14436 14435 14427
14374 14378 14380 14364 14310 14287 14387 14478 14524 14509 14482 14485 14504 14488 14440 14392 14420 14434 14439 14432 14429
14370 14369 14371 14360 14356 14387 14485 14526 14516 14502 14510 14516 14494 14466 14452 14452 14451 14449 14452 14439 14437
14331 14332 14348 14430 14490 14549 14548 14542 14530 14541 14541 14522 14508 14499 14549 14441 14417 14405 14420 14427 14424
14316 14434 14512 14540 14578 14571 14564 14562 14578 14573 14543 14525 14478 14460 14435 14429 14427 14427 14429 14432 14425
14491 14540 14558 14578 14576 14573 14574 14585 14579 14546 14532 14471 14461 14464 14571 14459 14456 14458 14564 14458 14430
14549 14567 14582 14584 14583 14581 14587 14600 14572 14545 14500 14495 14536 14481 14485 14540 14541 14570 14460 14440 14382
14592 14603 14601 14597 14590 14595 14596 14580 14561 14529 14495 14466 14466 14475 14467 14463 14476 14447 14430 14374 14367
14621 14611 14597 14596 14591 14576 14557 14531 14513 14487 14471 14472 14477 14479 14473 14478 14566 14426 14391 14378 14351
14625 14609 14597 14588 14565 14546 14516 14507 14503 14513 14480 14474 14565 14570 14578 14604 14445 14389 14486 14454 14434
14610 14595 14583 14562 14548 14512 14505 14506 14511 14480 14475 14478 14566 14567 14568 14413 14370 14355 14469 14474 14472
14580 14565 14566 14560 14532 14515 14510 14505 14508 14496 14542 14549 14536 14532 14387 14354 14347 14461 14484 14482 14464
14559 14574 14563 14537 14515 14511 14506 14509 14495 14434 14454 14541 14539 14520 14458 14441 14440 14463 14464 14453 14429
14573 14559 14529 14481 14501 14516 14515 14516 14511 14478 14583 14582 14578 14520 14474 14449 14442 14444 14448 14438 14416
14566 14540 14497 14492 14529 14538 14546 14533 14500 14489 14598 14593 14564 14504 14480 14449 14419 14414 14418 14407 14400
