inst/extdata/modis/lst/modgrid/Lat43.00075Lon-78.78820Start2001-01-01End2013-12-31___MOD11A2/GRID_Lat43.00075Lon-78.78820Start2001-01-01End2013-12-31___MOD11A2_LST_Day_1km_A2007353.asc
ncols		 21
nrows		 21
xllcorner	 -6416881.12
yllcorner	 4772121.02
cellsize	 926.625433055834
NODATA_value	 0
13612 13604 13605 13605 13607 13601 13589 13586 13582 13582 13577 13572 13561 13570 13569 13565 13563 13576 13565 13568 13573
13649 13628 13611 13620 13620 13607 13590 13583 13587 13581 13574 13567 13567 13581 13577 13572 13561 13558 13564 13574 13613
13726 13710 13682 13667 13647 13637 13630 13609 13582 13580 13581 13572 13578 13578 13577 13575 13566 13571 13581 13616 13611
13712 13691 13675 13654 13640 13659 13659 13613 13584 13584 13580 13646 13648 13586 13631 13630 13628 13587 13623 13611 13601
13627 13617 13611 13612 13643 13669 13713 13678 13662 13649 13651 13652 13640 13627 13632 13588 13591 13630 13623 13615 13609
13601 13589 13594 13616 13619 13649 13682 13674 13655 13662 13664 13644 13623 13649 13688 13687 13597 13635 13638 13641 13641
13589 13590 13602 13603 13601 13628 13678 13668 13681 13684 13647 13626 13670 13701 13700 13601 13640 13641 13643 13644 13642
13593 13599 13598 13591 13701 13715 13722 13635 13620 13647 13640 13679 13704 13704 13612 13651 13646 13638 13636 13639 13641
13606 13662 13658 13679 13702 13716 13626 13667 13651 13649 13661 13667 13667 13672 13662 13657 13652 13650 13646 13645 13640
13674 13687 13678 13677 13700 13724 13678 13664 13664 13678 13680 13675 13675 13677 13669 13656 13657 13650 13646 13641 13639
13677 13669 13666 13683 13704 13688 13673 13679 13689 13685 13680 13672 13668 13668 13661 13661 13669 13659 13649 13647 13648
13663 13669 13666 13670 13679 13680 13702 13713 13698 13689 13676 13664 13653 13660 13668 13674 13671 13663 13672 13671 13659
13682 13682 13681 13686 13685 13692 13710 13712 13703 13682 13675 13664 13662 13677 13680 13677 13671 13678 13678 13663 13644
13698 13700 13700 13700 13703 13709 13711 13701 13681 13680 13674 13667 13679 13684 13677 13666 13675 13679 13668 13653 13643
13714 13707 13698 13700 13703 13708 13690 13675 13675 13679 13674 13669 13673 13670 13666 13675 13679 13670 13661 13648 13643
13724 13716 13712 13706 13703 13683 13685 13684 13684 13679 13676 13674 13676 13677 13683 13679 13665 13663 13649 13643 13638
13737 13730 13724 13713 13692 13683 13686 13686 13679 13677 13679 13681 13675 13673 13666 13658 13658 13649 13640 13629 13626
13726 13722 13730 13722 13704 13688 13687 13680 13676 13678 13672 13666 13665 13654 13655 13650 13646 13644 13637 13624 13615
13724 13761 13776 13715 13687 13687 13684 13685 13687 13677 13667 13660 13650 13651 13656 13647 13646 13641 13622 13617 13615
13738 13751 13707 13684 13679 13679 13691 13692 13684 13684 13674 13664 13655 13652 13651 13634 13633 13615 13622 13621 13624
13730 13722 13706 13692 13690 13689 13699 13698 13690 13675 13678 13666 13657 13653 13642 13629 13616 13618 13624 13618 13613
