inst/extdata/modis/lst/modgrid/Lat43.00075Lon-78.78820Start2001-01-01End2013-12-31___MOD11A2/GRID_Lat43.00075Lon-78.78820Start2001-01-01End2013-12-31___MOD11A2_LST_Day_1km_A2008337.asc
ncols		 21
nrows		 21
xllcorner	 -6416881.12
yllcorner	 4772121.02
cellsize	 926.625433055834
NODATA_value	 0
13278 13424 13569 13555 13394 13389 13569 13401 13403 13563 13394 13395 13533 13535 13544 13567 13571 13593 13601 13622 13575
13639 13507 13476 13370 13386 13577 13393 13407 13214 13394 13396 13538 13529 13527 13526 13542 13559 13559 0 0 0
13586 13571 13637 0 13585 13393 13429 13419 13402 13398 13533 0 13527 0 0 0 0 0 0 0 0
13639 13691 13691 13593 0 13538 13513 13460 13549 13538 0 0 0 0 0 0 0 0 0 0 0
13367 13691 0 0 0 0 13530 13629 13620 0 0 0 0 0 0 0 0 0 0 0 0
0 0 0 0 13598 13630 13630 13662 0 0 0 0 0 0 0 0 0 0 0 0 13713
0 0 0 0 0 0 0 0 0 13745 13745 13768 0 0 0 0 0 0 0 13705 13705
0 0 0 0 0 0 0 0 13747 13749 13768 13765 13764 0 0 0 0 0 0 0 13755
0 0 0 0 0 13773 13777 13787 13786 13784 13785 13781 0 0 0 0 0 0 13834 13753 13765
0 0 0 0 13775 13778 13780 13781 13775 13781 13790 13781 13776 0 0 13789 13789 13821 13837 13834 13731
0 0 0 13779 13766 13762 13771 13761 13769 13779 13773 13766 13758 13863 13823 13796 13835 13867 13861 13859 13734
0 0 0 13768 13769 13789 13778 13770 13778 13767 13750 13703 13792 13796 13878 13885 13881 13735 13743 13762 13756
0 0 13770 13770 13781 13780 13777 13762 13744 13737 13693 13783 13788 13870 13755 13756 13739 13738 13755 13761 13627
0 0 13740 13745 13768 13773 13777 13742 13737 13872 13861 13861 13862 13742 13744 13875 13870 13870 0 0 0
0 13711 13711 13759 13774 13806 13855 13752 13752 13771 13861 13870 13745 13743 0 0 13725 13712 13712 0 0
0 13769 13770 13825 13822 13858 13752 13748 13764 13768 13874 13878 13878 0 13705 13708 13711 13710 13693 13693 13682
13805 13817 13825 13830 0 13749 13747 13766 13755 13668 13689 13687 13687 13699 13705 13705 13708 13706 13695 13677 13673
13802 13802 13817 0 13641 13644 13683 13690 13687 13701 13687 13686 13681 13683 13693 13720 13726 13733 13673 13673 13675
13802 0 0 0 0 13709 13690 13689 13701 13690 13690 13680 13676 13675 13684 13705 13710 13690 13692 13687 13684
0 0 13713 13713 13710 13709 13709 13695 13689 13688 13680 13680 13683 13689 13686 13688 13689 13687 13683 13684 13684
13712 13713 13713 13707 13705 13706 13694 13691 13692 13690 13685 13687 13693 13692 13688 13689 13687 13684 13684 13682 13683
