inst/extdata/modis/lst/modgrid/Lat43.00075Lon-78.78820Start2001-01-01End2013-12-31___MOD11A2/GRID_Lat43.00075Lon-78.78820Start2001-01-01End2013-12-31___MOD11A2_LST_Day_1km_A2011041.asc
ncols		 21
nrows		 21
xllcorner	 -6416881.12
yllcorner	 4772121.02
cellsize	 926.625433055834
NODATA_value	 0
13214 13392 13365 13371 13374 13368 13355 13338 13328 13307 13304 13315 13305 13293 13284 13272 13275 13290 13277 13261 13260
13478 13450 13427 13406 13377 13358 13334 13322 13311 13306 13303 13295 13304 13298 13297 13297 13282 13265 13258 13261 13262
13561 13537 13544 13552 13520 13473 13420 13356 13296 13287 13289 13298 13305 13309 13309 13297 13261 13239 13252 13261 13269
13492 13488 13479 13460 13454 13520 13509 13439 13339 13311 13295 13310 13317 13312 13291 13269 13241 13261 13268 13419 13265
13316 13327 13333 13327 13378 13462 13552 13481 13383 13333 13135 13306 13304 13306 13280 13455 13425 13403 13263 13263 13263
13319 13312 13306 13295 13297 13369 13502 13481 13213 13321 13309 13296 13301 13325 13326 13302 13270 13271 13293 13308 13301
13315 13322 13315 13289 13275 13407 13468 13435 13333 13491 13455 13465 13323 13328 13310 13281 13278 13296 13311 13312 13299
13275 13268 13270 13280 13338 13430 13470 13188 13495 13319 13299 13323 13333 13334 13313 13299 13305 13306 13299 13287 13272
13265 13269 13294 13384 13423 13399 13188 13188 13317 13314 13324 13327 13327 13320 13329 13325 13308 13286 13271 13235 13256
13465 13379 13421 13411 13210 13186 13184 13526 13517 0 13175 13163 13345 13332 13316 13296 13258 13268 13232 13240 13472
13366 13370 13357 13367 13293 13298 13371 13366 13175 13175 13140 13330 13306 13289 13276 13284 13297 13486 13487 0 13500
13322 13345 13387 13382 13379 13371 13372 13170 13154 13343 13349 13287 13273 13515 13525 13517 13506 13505 0 13502 13488
13378 13383 13367 13359 13156 13142 13128 13127 13338 13347 13332 13535 13512 13519 13520 13488 13489 0 0 13477 13212
13376 13183 13149 13146 0 13125 13125 0 13590 13570 13524 13504 13510 0 13479 13471 13458 13457 13452 13431 13422
13189 0 0 0 0 0 0 13522 13523 13525 13496 13493 13492 13488 13472 13458 13457 13457 13439 13426 13421
13179 13173 13174 13174 0 13523 13513 13517 13521 13528 13501 13507 13520 13523 0 0 13472 13454 13429 13411 13404
13173 13174 13174 13068 13296 13520 13507 13543 13540 0 13531 13524 0 0 0 13473 13487 13485 13448 13415 13422
0 0 13068 13068 13553 13553 13543 13543 0 13561 13552 13531 13502 13473 13450 13453 13442 13427 13415 13431 13427
0 0 0 0 13555 13555 0 0 0 13549 13524 13498 13479 13459 13447 13438 13422 13408 13428 13416 13410
0 0 13537 13541 13546 0 0 0 0 13555 13520 13511 13525 13528 13470 13448 13436 13436 13412 13410 13406
0 13537 13537 13537 0 0 0 0 13555 13537 13531 13530 13550 13488 13473 13475 13431 13426 13386 13408 13409
