inst/extdata/modis/lst/modgrid/Lat43.00075Lon-78.78820Start2001-01-01End2013-12-31___MOD11A2/GRID_Lat43.00075Lon-78.78820Start2001-01-01End2013-12-31___MOD11A2_LST_Day_1km_A2009089.asc
ncols		 21
nrows		 21
xllcorner	 -6416881.12
yllcorner	 4772121.02
cellsize	 926.625433055834
NODATA_value	 0
14561 14559 14565 14577 14605 14605 14471 14464 14547 14520 14517 14541 14542 14531 14518 14473 14471 14485 14486 14477 14476
14287 14418 14319 14338 14351 14368 14379 14397 14392 14433 14494 14526 14554 14561 14527 14498 14486 14484 14475 14480 14467
13917 13985 14046 14126 14123 14141 14218 14277 14393 14451 14477 14506 14553 14560 14559 14510 14484 14474 14470 14453 14461
14041 14084 14034 14033 14059 14011 14049 14152 14311 14524 14542 14564 14595 14598 14541 14495 14475 14452 14439 14463 14478
14269 14324 14360 14308 14258 14124 14028 14075 14311 14573 14614 14620 14589 14548 14513 14501 14455 14400 14429 14462 14482
14407 14407 14387 14361 14306 14201 14091 14188 14526 14627 14568 14527 14532 14548 14571 14544 14433 14430 14467 14489 14509
14430 14424 14415 14394 14343 14262 14259 14479 14619 14593 14539 14534 14573 14629 14611 14525 14477 14508 14519 14524 14522
14418 14399 14392 14387 14339 14327 14422 14594 14627 14586 14558 14555 14608 14611 14561 14508 14536 14544 14561 14550 14532
14388 14400 14408 14385 14346 14412 14582 14612 14580 14578 14595 14616 14571 14563 14575 14598 14598 14601 14578 14575 14580
14347 14311 14314 14392 14458 14637 14628 14615 14627 14661 14682 14607 14603 14609 14629 14642 14616 14551 14582 14590 14580
14297 14396 14480 14517 14650 14644 14636 14659 14691 14680 14638 14620 14598 14604 14644 14652 14616 14615 14625 14634 14597
14443 14469 14484 14620 14643 14662 14685 14723 14736 14679 14630 14611 14603 14634 14675 14675 14655 14653 14663 14658 14588
14484 14620 14643 14662 14686 14709 14733 14744 14708 14661 14646 14642 14659 14683 14673 14648 14648 14681 14688 14608 14554
14625 14667 14684 14689 14702 14714 14721 14705 14683 14670 14651 14647 14663 14690 14640 14634 14667 14672 14613 14586 14567
14678 14690 14685 14684 14699 14700 14687 14670 14658 14652 14642 14640 14670 14640 14633 14657 14672 14645 14602 14578 14535
14698 14701 14687 14700 14688 14673 14665 14671 14663 14656 14651 14647 14643 14657 14666 14689 14667 14604 14536 14508 14491
14696 14699 14696 14690 14671 14663 14669 14669 14654 14652 14638 14639 14640 14616 14632 14606 14532 14437 14482 14509 14505
14693 14687 14709 14721 14699 14689 14681 14660 14655 14629 14597 14581 14562 14576 14559 14498 14424 14465 14514 14518 14478
14691 14711 14723 14693 14673 14675 14671 14673 14648 14631 14623 14601 14588 14571 14496 14454 14455 14489 14503 14475 14467
14700 14712 14690 14643 14648 14657 14671 14673 14672 14655 14642 14645 14655 14601 14533 14495 14475 14478 14491 14494 14472
14672 14674 14644 14640 14654 14686 14706 14709 14691 14674 14684 14687 14651 14580 14524 14502 14479 14480 14483 14480 14467
