inst/extdata/modis/lst/modgrid/Lat43.00075Lon-78.78820Start2001-01-01End2013-12-31___MOD11A2/GRID_Lat43.00075Lon-78.78820Start2001-01-01End2013-12-31___MOD11A2_LST_Day_1km_A2012329.asc
ncols		 21
nrows		 21
xllcorner	 -6416881.12
yllcorner	 4772121.02
cellsize	 926.625433055834
NODATA_value	 0
14033 14009 14001 14010 14030 14037 14016 14005 14003 14006 14013 14026 14042 14046 13878 13865 13856 13853 13854 13854 14003
13986 13998 14001 14009 14023 14006 13795 13985 13991 14002 14024 14042 14038 14039 14026 13856 13849 13843 13969 13984 13994
13993 13991 13984 13984 13766 13768 13793 13795 13987 14021 14024 14023 14024 14017 14000 13972 13949 13952 13967 13958 13928
13999 14009 13967 13785 13952 13794 13796 13797 13819 14036 14036 14020 14013 14005 13959 13960 13955 13971 13951 13920 13907
14008 13989 13990 13989 13797 13994 13803 13816 14019 14014 14003 13996 13990 13951 13973 13986 13974 13945 13926 13893 13893
14007 14014 14018 14013 13793 13969 13800 13799 13995 13992 13972 13958 13937 13937 13990 13994 13994 13787 13817 13925 13882
14016 14005 13963 13967 13967 13986 13980 13982 13994 13970 13965 13975 14002 14017 14011 14005 13911 13910 13944 13934 13835
13974 13952 13940 13924 13900 13968 13973 13981 13975 13981 13999 14010 14021 13985 13967 13929 13940 13956 13958 13940 14029
13973 13938 13921 13900 13900 13949 13951 13972 13981 13997 13995 13984 13977 13961 13929 13931 13974 13973 13959 14031 14029
14013 0 13900 0 13958 13955 13959 13970 13964 13977 13997 14005 13988 13968 13962 13962 13970 13985 14038 14021 14011
13928 0 0 13953 13957 13940 13963 13971 13985 14016 13999 13962 13941 13943 13978 13980 13982 14024 14013 13909 13900
13918 13912 13909 13937 13946 13993 13984 13985 14003 13979 13938 13912 13909 13976 13970 13936 13904 13888 13891 13883 13918
13918 13923 13967 13965 13992 13993 13984 13970 13943 13926 13927 13914 13907 13936 13896 13877 13870 13870 13935 13894 13874
13943 13974 13968 13978 13995 13990 13957 13909 13909 13926 13954 13881 13857 13858 13844 13842 13852 0 13890 13870 13854
13974 13949 13946 13964 13956 13936 13891 13884 13900 13939 13939 13850 13841 13826 13826 0 0 0 0 0 0
13929 13910 13896 13893 13882 13860 13840 0 0 13735 13774 13787 0 0 0 0 0 0 0 0 0
13926 13900 13878 13847 13861 13883 13754 13754 13820 13792 13788 0 0 0 0 0 0 0 0 0 0
13890 13890 13868 13868 0 0 13770 13840 13845 0 0 0 0 0 0 0 0 0 0 0 0
13886 0 0 0 13804 13810 13835 13815 0 0 0 0 0 0 0 0 0 0 0 0 0
0 0 0 13804 13812 13835 13814 13814 0 0 0 0 0 0 0 0 0 0 0 0 0
0 0 0 0 0 0 0 0 0 0 0 0 0 0 0 0 0 0 0 0 0
