inst/extdata/modis/lst/modgrid/Lat43.00075Lon-78.78820Start2001-01-01End2013-12-31___MOD11A2/GRID_Lat43.00075Lon-78.78820Start2001-01-01End2013-12-31___MOD11A2_LST_Day_1km_A2004017.asc
ncols		 21
nrows		 21
xllcorner	 -6416881.12
yllcorner	 4772121.02
cellsize	 926.625433055834
NODATA_value	 0
13117 13070 13092 13078 13088 13091 13078 13059 13061 13043 13039 12995 12977 12972 12971 12971 12971 12971 0 0 0
13217 13206 13173 13174 13136 13095 13042 13041 13045 13040 12995 12984 12982 12982 12983 12974 0 0 12976 12976 12976
13322 13293 13341 13348 13241 13229 13207 13039 12998 12999 13004 12992 12990 12993 12994 12996 0 12980 12977 12977 12978
13306 13174 13172 13204 13384 13413 13403 13145 13052 13043 13022 13018 13010 13002 13009 12997 12994 12991 12987 12994 12997
13147 13177 13122 13044 13139 13143 13193 13128 13196 13120 13041 13027 13011 13009 13016 13010 12999 12994 12993 12994 12992
13062 13028 13035 13057 13046 13072 13206 13202 13116 13062 13056 12960 12959 12965 13036 13036 12998 12992 12993 12992 12992
13022 13023 13014 13023 13116 13175 13189 13131 13114 13002 12975 12960 12969 13038 13037 13040 13040 13004 13001 12998 13003
13019 13022 13024 13073 13092 13144 13132 13062 13006 12983 13030 13039 13039 13039 13040 12983 12971 13009 13009 13019 13016
13026 13048 13112 13110 13126 13117 13067 13021 13043 13037 13040 13040 13043 13043 12983 12972 13017 13028 13003 13010 13014
13093 13108 13109 13113 13077 13018 12997 13050 13042 13035 13037 13049 13046 13039 13029 13026 13028 13025 13002 13017 13016
13108 13065 13008 13077 13061 13050 13050 13038 13035 13040 13056 13056 13036 13028 12928 12934 12939 13009 13017 13017 13010
13007 12992 13030 13018 13019 13022 13029 13029 0 13056 13039 13024 12918 12920 12921 12925 13005 0 12930 13016 13013
13043 13032 13013 13012 13017 12968 12978 12955 12953 12984 13016 12915 12909 12912 12943 12941 12910 12909 12929 12942 12931
13044 0 0 12926 12926 12980 12955 12953 12987 13018 13016 12935 12935 12935 12943 12944 12910 12910 12940 12928 12988
0 13056 12950 12949 12829 12886 12942 12977 0 0 13014 13012 13007 13001 13001 12943 12941 12941 0 0 0
13056 13056 13054 12937 13044 12980 12976 13009 13009 0 13024 0 0 0 0 0 0 0 0 0 0
13048 13049 13044 13044 12997 12996 13003 13009 0 13023 13016 13018 13025 0 0 12991 12991 12991 0 0 0
13045 0 13044 12989 12989 12989 0 0 13017 13012 13014 13019 13025 13021 12991 12991 12991 0 12999 12999 12999
0 0 0 0 0 0 0 12815 12909 13006 13020 13025 13025 12991 12991 12991 0 12999 12999 12999 12999
0 0 0 0 0 0 12815 12815 0 0 0 0 0 0 0 0 0 12999 12999 0 0
0 0 0 0 0 0 0 0 0 0 12802 12802 0 0 0 0 0 0 0 0 0
