inst/extdata/modis/lst/modgrid/Lat43.00075Lon-78.78820Start2001-01-01End2013-12-31___MOD11A2/GRID_Lat43.00075Lon-78.78820Start2001-01-01End2013-12-31___MOD11A2_LST_Day_1km_A2013329.asc
ncols		 21
nrows		 21
xllcorner	 -6416881.12
yllcorner	 4772121.02
cellsize	 926.625433055834
NODATA_value	 0
13549 13566 0 0 0 13520 13521 0 0 0 0 0 0 0 0 0 0 0 0 0 0
13704 13701 13701 13701 13671 13577 13577 13577 13577 0 0 13421 13427 13423 13420 0 0 0 0 0 13360
13691 13692 13692 13646 13581 13581 13581 13575 13568 13568 13568 13568 13429 13428 13429 13427 13426 0 13422 13422 13451
13646 13651 13611 13585 13585 13585 13574 13561 13564 13568 13568 13439 13432 13430 13429 13429 13429 13422 13422 13422 13382
13541 13527 13591 13591 13591 13528 13511 13515 13518 13507 13462 13461 13431 13430 13430 13432 13422 13422 13424 13536 13464
13486 0 13647 13647 13438 13463 13464 13464 13481 13494 13466 0 0 13484 13521 13545 13546 13442 13548 13544 13542
0 0 0 13434 13434 13434 13434 13434 13538 13452 13451 13451 13529 13545 13545 13609 13587 13560 13560 13554 13549
0 0 0 13528 13532 13533 13537 13501 13458 13451 13451 13470 13508 13529 13608 13609 13557 13560 13561 13559 13677
0 13522 13521 13522 13526 13528 13488 13484 13480 13467 13469 13471 13471 13603 13626 13702 13698 13694 13694 13685 13685
13535 13517 13520 13520 13512 13493 13490 13487 13342 13341 13341 13341 13520 13514 13516 13513 13509 13509 13505 13503 13497
13331 13331 13331 13336 13339 13339 13339 13347 13345 13345 13345 13510 13510 13516 13514 13519 13520 13519 13516 13513 13456
13335 13335 13336 13339 13339 13339 13354 13363 13363 13515 13497 13491 13508 13513 13518 13515 13514 13513 13513 13509 13453
13338 13336 13339 13548 13548 13357 13376 13376 13547 13524 13501 13508 13512 13509 13504 13502 13499 13502 13502 13497 13484
13472 13468 13609 13608 13606 13605 13605 13587 13526 13507 13509 13511 13503 13498 13497 13492 13494 13493 13487 13477 13429
13475 13618 13627 13621 13615 13605 13730 13711 13709 13557 13553 13477 13480 13484 13490 13490 13489 13483 13479 13430 13429
13629 13633 13625 13623 13623 13737 13704 13704 13555 13545 13545 13544 13557 13569 13486 13484 13482 13481 13417 13418 13421
13639 13631 13629 13623 13738 13720 13718 13405 13544 13544 13539 13543 13549 13553 13553 13553 13555 13409 13411 13414 13410
13622 13625 13629 13751 13738 13732 13726 0 0 13416 13416 13546 13540 13534 13536 13541 13470 13461 13460 13458 13411
13615 13626 13625 13756 13738 13726 13726 0 0 0 0 13536 13527 13528 13528 13461 13451 13455 13458 13456 13450
13621 13620 13619 13737 13731 13730 0 0 0 0 0 0 13526 13528 13460 13447 13445 13445 13441 13445 13445
13622 13621 13733 13722 13684 13673 13664 0 0 13449 13449 13555 13655 13491 13488 13438 13439 13439 13485 13439 13441
