inst/extdata/modis/lst/modgrid/Lat43.00075Lon-78.78820Start2001-01-01End2013-12-31___MOD11A2/GRID_Lat43.00075Lon-78.78820Start2001-01-01End2013-12-31___MOD11A2_LST_Day_1km_A2012129.asc
ncols		 21
nrows		 21
xllcorner	 -6416881.12
yllcorner	 4772121.02
cellsize	 926.625433055834
NODATA_value	 0
15006 15004 15004 15015 15040 15038 15011 14987 14977 14946 14930 14936 14897 14878 14833 14778 14801 14827 14816 14777 14744
14782 14866 14913 14965 14942 14894 14855 14860 14851 14852 14881 14897 14928 14932 14896 14851 14841 14806 14791 14784 14771
14475 14500 14540 14598 14645 14689 14733 14766 14788 14819 14850 14875 14911 14927 14925 14875 14815 14791 14779 14768 14772
14509 14564 14574 14561 14550 14537 14583 14688 14815 14887 14913 14948 14967 14957 14906 14839 14794 14763 14749 14762 14753
14696 14742 14753 14706 14638 14573 14516 14634 14819 14926 14991 14959 14931 14896 14873 14837 14779 14727 14729 14737 14737
14850 14843 14820 14785 14715 14645 14575 14734 14902 15002 14917 14870 14865 14899 14914 14858 14750 14731 14754 14775 14773
14870 14879 14876 14793 14737 14672 14688 14860 15089 14986 14874 14871 14931 14970 14936 14802 14781 14820 14825 14844 14849
14797 14803 14816 14776 14756 14690 14881 15061 15019 14955 14884 14916 14976 14984 14881 14866 14881 14890 14901 14889 14869
14772 14798 14816 14824 14762 14944 15019 15034 14989 14911 14925 14975 14960 14928 14934 14958 14950 14943 14924 14928 14911
14758 14754 14782 14880 15016 15037 15052 14986 15007 15008 15023 14986 14992 14999 14999 14990 14946 14870 14907 14923 14934
14752 14875 14967 15047 15042 15095 15023 15039 15063 15065 15015 15008 14992 14969 14972 14966 14940 14956 14959 14977 14939
14925 14978 15093 15102 15084 15047 15079 15110 15103 15040 15028 15003 14963 14972 15005 15046 14987 14994 15035 14999 14920
15047 15103 15114 15052 15063 15087 15128 15138 15084 15067 15029 14993 14989 15016 15031 14997 15000 15037 15041 14958 14900
15116 15072 15077 15067 15066 15101 15117 15090 15066 15038 15014 14984 15006 15047 15008 14997 15023 15029 14951 14923 14899
15078 15089 15075 15051 15051 15046 15043 15024 15010 15012 14988 14971 15000 15017 14995 15041 15044 14992 14936 14906 14846
15105 15082 15065 15049 15042 15011 15050 15050 15016 15008 15013 15006 15017 15018 15020 15050 15027 14945 14906 14765 14761
15094 15082 15060 15030 15027 15015 15007 15008 15013 15023 15015 15015 15035 15057 15012 14948 14918 14884 14838 14814 14811
15058 15039 15056 15065 15054 15024 15017 15006 15031 15026 14997 14979 14957 14938 14892 14852 14803 14811 14813 14833 14830
15020 15028 15079 15048 15030 15035 15024 15043 15056 15008 15002 14992 14949 14911 14841 14767 14752 14788 14820 14812 14795
15015 15039 15022 15003 15020 15045 15060 15076 15095 15041 15019 15002 14981 14927 14859 14832 14817 14808 14811 14798 14803
15033 15043 15026 15023 15040 15062 15097 15102 15077 15052 15095 14995 14958 14900 14860 14830 14812 14791 14785 14804 14807
