inst/extdata/modis/lst/modgrid/Lat43.00075Lon-78.78820Start2001-01-01End2013-12-31___MOD11A2/GRID_Lat43.00075Lon-78.78820Start2001-01-01End2013-12-31___MOD11A2_LST_Day_1km_A2013081.asc
ncols		 21
nrows		 21
xllcorner	 -6416881.12
yllcorner	 4772121.02
cellsize	 926.625433055834
NODATA_value	 0
14031 14038 14503 14538 14503 14492 14443 14435 14436 14445 14437 14440 14449 14457 14413 14355 14330 14283 14278 14258 0
13954 14004 14403 14298 14342 14320 14395 14367 14379 14373 14395 14433 14447 14427 14388 14346 14310 14281 14259 14259 0
13887 14049 14148 14177 14098 14059 14070 14174 14238 14318 14393 14416 14434 14434 14407 14388 14299 14262 14263 0 0
13985 13963 14067 14124 14106 14024 13970 13979 14166 14353 14394 14429 14437 14447 14437 14435 14264 14264 14010 14010 14010
14241 14285 14226 14212 14216 14079 14018 14135 14303 14431 14485 14458 14455 14456 14435 0 0 14010 14010 14010 0
14369 14399 14398 14358 14051 14038 13966 13960 14348 14431 14447 14444 14444 0 0 0 0 0 14010 0 0
14231 14256 14306 14064 0 13960 13960 14376 14379 14433 14435 14348 14337 14379 0 0 0 0 0 0 0
14159 14115 14064 14095 14143 14148 0 14282 14321 14355 14324 14341 14379 14379 0 0 0 0 0 0 0
14083 14064 14115 14143 14156 14166 14216 14282 14270 14254 14271 14379 14379 0 0 0 0 0 0 0 0
0 0 14143 14161 14166 14166 0 14254 14254 14254 0 0 0 0 0 0 0 14272 14272 14283 14386
0 0 0 0 0 0 0 0 0 0 0 0 0 0 0 0 14363 14312 14304 14386 14377
0 0 0 0 0 0 0 0 0 0 0 0 0 14412 14412 14437 14438 14411 14385 14370 14330
0 0 0 0 0 0 0 0 0 14462 14433 14430 14410 14412 14445 14448 14398 14384 14382 14380 14330
0 0 0 0 0 14388 14400 14408 14452 14454 14432 14402 14401 14410 14432 14385 14381 14383 14382 14324 14329
0 0 0 0 14382 14381 14390 14425 14441 14425 14402 14385 14376 14390 14413 14399 14361 14374 14242 14238 14118
14461 14411 14368 14340 14347 14362 14395 14404 14393 14385 14351 14345 14363 14379 14349 14327 14226 14085 14143 14066 14048
14387 14368 14404 14384 14378 14390 14389 14379 14373 14347 14339 14304 14305 14223 14218 14125 14078 14101 14135 14127 14124
14403 14444 14429 14430 14441 14405 14392 14367 14344 14321 14250 14228 14168 14149 14130 14122 14135 14138 14138 0 0
14459 14433 14426 14445 14409 14407 14406 14392 14274 14271 14237 14214 14202 14142 14132 14140 14143 14143 0 0 0
14454 14437 14428 14399 14404 14422 14413 14300 14311 14267 14233 14221 14149 14141 14139 0 0 0 0 0 0
14445 14445 14432 14419 14435 14419 14287 14302 14253 14250 14216 14202 14189 14179 0 0 0 0 0 0 0
