inst/extdata/modis/lst/modgrid/Lat43.00075Lon-78.78820Start2001-01-01End2013-12-31___MOD11A2/GRID_Lat43.00075Lon-78.78820Start2001-01-01End2013-12-31___MOD11A2_LST_Day_1km_A2012065.asc
ncols		 21
nrows		 21
xllcorner	 -6416881.12
yllcorner	 4772121.02
cellsize	 926.625433055834
NODATA_value	 0
14067 14061 14058 14095 14207 14211 14189 14192 14183 14174 14181 14190 14190 14119 14122 14084 14047 14043 14084 14010 14008
13946 13997 14020 14028 14124 14120 14118 14157 14154 14139 14187 14199 14205 14227 14213 14181 14096 14090 14128 14041 14038
13799 13825 13837 13912 13927 13937 13960 13975 14027 14064 14116 14116 14214 14238 14221 14174 14151 14153 14034 14039 14052
13810 13829 13889 13890 13888 13889 13900 13893 13968 14087 14102 14235 14258 14270 14226 14181 14049 14053 14043 14054 14070
14004 14012 14016 13987 13963 13925 13867 13908 14084 14138 14221 14267 14168 14138 14129 14118 14089 14056 14058 14070 14066
14036 14048 14033 14023 14003 13973 13861 13950 14113 14154 14166 14109 14106 14132 14145 14127 14201 14192 14079 14076 14086
14044 14057 14055 14042 14026 13913 13960 14053 14104 14116 14122 14136 14157 14171 14232 14093 14096 14111 14194 14121 14125
14035 14044 14046 14047 14036 13983 14033 14094 14113 14157 14100 14152 14275 14246 14226 14121 14132 14164 14172 14159 14220
14032 14046 14073 14064 14004 14022 14077 14073 14096 14044 14118 14183 14265 14256 14163 14177 14183 14187 14183 14163 14120
14030 14020 14018 14041 14078 14101 14141 14142 14218 14293 14293 14271 14251 14184 14200 14214 14208 14178 14168 14106 14254
14001 14038 14067 14079 14149 14140 14189 14222 14231 14291 14282 14183 14092 14279 14196 14213 14199 14191 14268 14267 14443
14041 14060 14068 14132 14131 14150 14242 14249 14266 14253 14194 14399 14400 14276 14216 14221 14223 14277 14153 14236 14427
14106 14125 14149 14162 14168 14253 14258 14273 14253 14226 14215 14207 14283 14214 14213 14200 14187 14153 14145 14114 14208
14126 14139 14166 14173 14255 14268 14481 14237 14242 14239 14226 14271 14294 14297 14272 14185 14135 14141 14135 14253 14066
14116 14228 14247 14258 14270 14281 14254 14249 14241 14209 14218 14267 14273 14199 14267 14136 14141 14283 14261 14237 14057
14249 14259 14260 14265 14203 14188 14189 14159 14214 14205 14184 14183 14202 14216 14232 14491 14479 14248 14221 14212 14203
14490 14494 14236 14180 14184 14316 14313 14211 14457 14351 14345 14383 14238 14260 14228 14215 14212 14151 14181 14216 14379
14490 14227 14174 14335 14333 14331 14442 14433 14466 14445 14379 14387 14271 14141 14195 14092 14029 14040 14200 14395 14350
14322 14504 14508 14495 14430 14257 14259 14219 14448 14412 14240 14289 14290 14136 14106 14037 14030 14189 14200 14181 14365
14512 14515 14231 14201 14208 14217 14230 14282 14288 14202 14269 14304 14286 14257 14213 14047 14190 14179 14178 14364 14373
14272 14258 14230 14475 14472 14298 14314 14314 14302 14252 14493 14286 14268 14246 14051 14036 14175 14184 14189 14186 14175
