inst/extdata/modis/lst/modgrid/Lat43.00075Lon-78.78820Start2001-01-01End2013-12-31___MOD11A2/GRID_Lat43.00075Lon-78.78820Start2001-01-01End2013-12-31___MOD11A2_LST_Day_1km_A2002001.asc
ncols		 21
nrows		 21
xllcorner	 -6416881.12
yllcorner	 4772121.02
cellsize	 926.625433055834
NODATA_value	 0
13466 13466 13464 13454 13448 13444 13440 13435 13431 13419 13412 13404 13387 13389 13387 13378 13355 13341 13319 13319 13319
13569 13537 13503 13508 13491 13464 13428 13421 13420 13409 13397 13379 13376 13372 13363 13326 13311 13298 13319 13319 0
13619 13570 13589 13598 13605 13575 13532 13480 13420 13401 13381 13364 13363 13362 13321 13313 13304 0 0 0 0
13630 13604 13576 13548 13524 13554 13563 13522 13451 13403 13362 13350 13341 13331 13321 13306 0 0 0 0 0
13431 13445 13453 13452 13505 13572 13664 13575 13478 13369 13356 13348 13351 13346 0 0 0 0 0 0 0
13395 13389 13384 13385 13395 13445 13565 13579 13391 13369 13359 13365 13365 0 0 0 0 0 0 0 0
13374 13364 13357 13365 13399 13521 13530 13450 13381 13371 0 0 0 0 0 0 0 0 0 0 0
13360 13329 13347 13358 13419 13506 13479 13397 13377 0 0 0 0 0 0 0 0 0 0 0 0
13368 13367 13363 13357 13503 13520 13479 13479 13477 0 0 0 0 0 0 0 0 0 0 0 0
13461 13461 0 0 13474 13478 13480 13475 13471 13486 13491 0 0 0 13473 13460 13458 13451 0 0 0
13554 13501 13486 13473 13481 13491 13478 13472 13492 13491 0 13467 13467 13464 13464 13464 13461 13459 13461 13472 13472
13490 13484 13472 13476 13482 13481 13480 13500 13422 13420 13482 13473 13449 13454 13473 13416 13463 13464 13471 13457 13445
13487 13484 13492 13488 13486 13493 13503 13421 13419 13419 13412 13397 13396 13468 13418 13418 13412 13413 13453 13447 13437
13487 13503 13497 13485 13485 13490 13418 13418 13414 13408 13402 13399 13398 13406 13414 13409 13458 13456 13448 13446 13445
13505 13494 13484 13483 13482 13481 13478 13475 13407 13406 13402 13402 13406 13465 13452 13464 13473 13462 13455 13450 13450
13495 13489 13483 13485 13490 13477 13470 13475 13478 13485 13408 13407 13470 13463 13469 13469 13460 13458 13449 13450 13213
13448 13483 13481 13482 13474 13468 13471 13471 13474 13474 13476 13480 13477 13463 13463 13452 13452 13453 13443 13201 13232
13445 13484 13479 13478 13477 13416 13414 13413 13458 13456 13466 13467 13458 13460 13462 13455 13453 13441 13186 13183 13186
13438 13429 13429 13423 13414 13414 13413 13413 13467 13470 13461 13456 13457 13459 13450 13452 13454 13182 13175 13174 13428
13435 13431 13422 13409 13409 13410 13471 13472 13478 13466 13460 13459 13457 13445 13444 13445 13181 13178 13175 13467 13470
13433 13426 13417 13413 13413 13420 13470 13468 13467 13466 13463 13458 13455 13453 13450 13441 13441 13454 13464 13471 13468
