inst/extdata/modis/lst/modgrid/Lat43.00075Lon-78.78820Start2001-01-01End2013-12-31___MOD11A2/GRID_Lat43.00075Lon-78.78820Start2001-01-01End2013-12-31___MOD11A2_LST_Day_1km_A2001193.asc
ncols		 21
nrows		 21
xllcorner	 -6416881.12
yllcorner	 4772121.02
cellsize	 926.625433055834
NODATA_value	 0
15298 15331 15428 15259 15249 15250 15293 15254 15228 15129 15143 15173 15171 15258 15199 15040 15051 15113 15135 15114 15045
14981 15158 15173 15169 15120 15044 15034 15042 15202 15170 15236 15255 15259 15238 15232 15099 15028 15059 15091 15045 15006
14762 14794 14852 15099 14878 14870 14881 14909 14917 14931 14980 15160 15231 15163 15085 15034 15009 15023 14983 15041 15017
14755 14745 14765 14779 14820 14803 14817 14854 14920 14973 14997 15344 15121 15117 15075 15044 15027 14913 14892 14932 14936
14907 14923 14914 14872 14863 14835 14748 14854 14954 14997 15397 15110 15096 15089 15075 15053 14960 14878 14886 14900 14946
15031 14989 14963 14958 14844 14798 14782 14853 15220 15310 15122 15110 15120 15172 15177 15086 14927 14863 14889 14907 14947
15105 15089 15074 15020 14910 14906 14914 15214 15244 15162 15064 15058 15181 15194 15173 15070 14961 14965 14933 14956 14953
15070 15065 15082 15105 15080 15062 15179 15263 15239 15110 15157 15165 15239 15190 15126 15071 15075 15040 15026 14973 14951
15037 15121 15125 15148 15160 15261 15366 15359 15358 15213 15192 15257 15195 15169 15133 15157 15124 15056 15058 15039 15060
15028 15031 15156 15139 15192 15241 15259 15230 15226 15255 15261 15251 15236 15274 15271 15262 15196 15230 15283 15156 15166
15056 15157 15275 15233 15361 15258 15261 15292 15332 15304 15290 15366 15247 15138 15141 15156 15246 15236 15173 15233 15213
15199 15240 15279 15482 15302 15318 15419 15434 15439 15401 15388 15290 15181 15160 15162 15302 15291 15215 15219 15229 15151
15270 15300 15448 15501 15497 15541 15576 15439 15394 15375 15277 15249 15184 15189 15187 15175 15216 15246 15247 15153 15093
15318 15462 15514 15494 15518 15540 15403 15334 15298 15288 15265 15141 15145 15173 15159 15200 15235 15406 15274 15212 15266
15548 15428 15409 15500 15326 15332 15284 15238 15247 15232 15126 15112 15160 15155 15243 15270 15347 15243 15190 15179 15057
15451 15425 15506 15325 15324 15285 15223 15229 15230 15250 15236 15398 15259 15273 15281 15204 15188 15150 15163 15010 14976
15385 15379 15375 15436 15288 15212 15180 15230 15274 15289 15289 15267 15271 15253 15282 15256 15217 15195 15243 15086 15098
15363 15377 15358 15350 15303 15232 15250 15289 15325 15341 15312 15257 15223 15179 15105 15119 15064 15057 15074 15055 15068
15399 15382 15341 15339 15321 15255 15343 15296 15361 15351 15295 15240 15200 15120 15039 14951 14976 15005 15020 15029 15009
15441 15439 15441 15410 15421 15300 15310 15406 15422 15391 15287 15295 15341 15281 15045 15031 15013 15032 15056 15060 15019
15372 15390 15337 15344 15350 15368 15367 15372 15392 15265 15292 15465 15413 15083 15038 15050 15069 15079 15111 15133 15129
