inst/extdata/modis/lst/modgrid/Lat43.00075Lon-78.78820Start2001-01-01End2013-12-31___MOD11A2/GRID_Lat43.00075Lon-78.78820Start2001-01-01End2013-12-31___MOD11A2_LST_Day_1km_A2010137.asc
ncols		 21
nrows		 21
xllcorner	 -6416881.12
yllcorner	 4772121.02
cellsize	 926.625433055834
NODATA_value	 0
15091 15191 15179 15214 15186 15099 15116 15157 15139 15084 14992 15009 15048 15049 15022 14974 14959 15003 14991 14959 14936
14978 14993 15003 14984 14792 14795 15043 14881 14915 14943 14981 15023 15061 15055 15033 15021 15010 14980 14953 14937 14917
14365 14689 14709 14700 14595 14599 14691 14788 14862 14939 14971 15006 15052 15073 15068 15031 14981 14942 14919 14882 14919
14474 14597 14589 14614 14619 14596 14637 14768 14916 15006 15017 15072 15112 15107 15062 14990 14929 14896 14846 14909 14945
14752 14843 14851 14778 14692 14706 14562 14705 14955 15045 15110 15117 15055 15038 15007 14957 14892 14842 14888 14933 14962
14920 14931 14911 14870 14820 14722 14707 14807 15039 15133 15112 15005 15016 15050 15066 15007 14879 14885 14932 14983 14999
14944 14935 14954 14889 14856 14817 14776 14940 15143 15080 14991 15024 15087 15129 15098 14990 14927 14972 14970 14973 14987
14885 14887 14887 14909 14894 14826 14930 15175 15060 15028 15025 15065 15117 15118 15057 14966 15002 15007 14980 15008 14987
14897 14910 14950 14937 14926 15007 15124 15104 15068 15074 15123 15147 15130 15085 15051 15101 15081 15030 15029 15031 15052
14886 14896 14948 15014 15097 15174 15193 15176 15172 15197 15200 15169 15149 15136 15136 15134 15052 15020 15032 15069 15079
14918 15004 15133 15203 15250 15244 15227 15230 15257 15249 15192 15163 15144 15126 15135 15093 15075 15086 15112 15139 15086
15057 15156 15192 15235 15251 15266 15292 15308 15271 15219 15196 15178 15145 15143 15153 15143 15131 15141 15189 15172 15085
15189 15223 15244 15248 15274 15301 15322 15219 15247 15212 15185 15159 15174 15182 15165 15140 15146 15202 15182 15084 15039
15271 15299 15294 15290 15295 15266 15303 15242 15211 15173 15145 15118 15135 15147 15157 15131 15179 15161 15064 15042 14996
15284 15301 15285 15281 15286 15279 15233 15201 15175 15164 15121 15102 15156 15160 15137 15165 15185 15135 15066 15005 14954
15353 15332 15289 15277 15265 15216 15193 15176 15185 15186 15165 15152 15158 15171 15169 15146 15127 15082 15006 14944 14913
15342 15305 15291 15264 15224 15211 15203 15202 15197 15180 15159 15155 15169 15155 15115 15075 15037 14974 14964 14956 14940
15310 15301 15303 15280 15258 15242 15216 15208 15222 15208 15164 15142 15116 15070 15024 14977 14911 14931 14957 14971 14946
15306 15324 15308 15265 15231 15206 15209 15219 15226 15211 15193 15138 15109 15069 14987 14918 14913 14933 14968 14941 14927
15314 15309 15235 15199 15206 15199 15218 15235 15252 15233 15183 15178 15163 15116 15000 14965 14941 14935 14949 14955 14948
15306 15281 15254 15229 15218 15229 15258 15259 15230 15187 15199 15210 15189 15082 15022 14976 14957 14934 14913 14936 14946
