inst/extdata/modis/lst/modgrid/Lat43.00075Lon-78.78820Start2001-01-01End2013-12-31___MOD11A2/GRID_Lat43.00075Lon-78.78820Start2001-01-01End2013-12-31___MOD11A2_LST_Day_1km_A2005249.asc
ncols		 21
nrows		 21
xllcorner	 -6416881.12
yllcorner	 4772121.02
cellsize	 926.625433055834
NODATA_value	 0
15144 15162 15182 15167 15153 15136 15106 15096 15087 15053 15049 15064 15059 15036 15011 14978 14964 14984 14981 14965 14949
15037 15082 15070 15070 15054 15037 15031 15022 15011 15016 15030 15040 15046 15037 15015 14995 14985 14980 14964 14952 14926
14863 14876 14887 14894 14895 14907 14924 14940 14959 14983 15002 15015 15035 15038 15028 15000 14967 14949 14935 14918 14922
14816 14818 14824 14844 14845 14855 14886 14937 14991 15028 15034 15048 15063 15051 15022 14972 14939 14918 14897 14910 14919
14905 14937 14946 14907 14873 14852 14870 14920 15030 15063 15072 15071 15049 15029 15006 14981 14937 14881 14890 14915 14921
14971 14989 14958 14930 14902 14876 14891 15007 15069 15087 15050 15012 15009 15037 15039 14997 14908 14901 14937 14962 14975
15009 15010 15013 14970 14933 14933 14995 15065 15100 15065 15027 15020 15060 15075 15051 14969 14953 14981 14991 14998 14990
14986 14990 14980 14975 14981 15000 15066 15116 15105 15069 15041 15061 15087 15094 15038 15010 15021 15021 15036 15023 15000
14960 14974 14993 15015 15027 15073 15118 15109 15086 15074 15085 15096 15078 15066 15069 15067 15056 15052 15049 15036 15032
14955 14966 15020 15072 15103 15127 15129 15124 15127 15147 15155 15133 15121 15105 15098 15088 15045 15018 15022 15031 15038
14973 15038 15105 15142 15158 15168 15172 15172 15192 15190 15161 15149 15128 15112 15100 15082 15067 15057 15061 15082 15053
15055 15102 15141 15155 15173 15193 15202 15231 15244 15205 15167 15152 15137 15132 15142 15123 15110 15116 15144 15131 15047
15144 15167 15174 15181 15195 15210 15242 15267 15220 15181 15155 15135 15130 15132 15125 15113 15114 15150 15145 15067 15024
15202 15217 15208 15203 15211 15225 15241 15198 15169 15150 15126 15106 15108 15124 15110 15096 15127 15123 15056 15031 15006
15228 15210 15202 15204 15200 15196 15164 15128 15112 15104 15096 15086 15104 15101 15102 15122 15142 15072 15042 15008 14976
15240 15227 15219 15213 15196 15159 15116 15107 15110 15112 15103 15090 15109 15126 15134 15154 15110 15066 15013 14957 14927
15248 15226 15222 15218 15190 15133 15116 15120 15130 15127 15107 15122 15126 15115 15102 15069 15043 15015 14988 14953 14940
15211 15221 15229 15220 15177 15156 15154 15153 15156 15154 15132 15112 15098 15070 15027 14994 14967 14961 14961 14965 14952
15225 15239 15237 15195 15180 15176 15171 15176 15187 15187 15166 15129 15085 15028 14969 14934 14925 14930 14949 14954 14944
15244 15239 15197 15177 15181 15184 15188 15204 15211 15196 15170 15135 15098 15050 15000 14958 14935 14937 14962 14966 14956
15256 15228 15204 15200 15203 15217 15232 15224 15195 15177 15164 15145 15114 15071 14999 14979 14969 14957 14950 14950 14946
