inst/extdata/modis/lst/modgrid/Lat43.00075Lon-78.78820Start2001-01-01End2013-12-31___MOD11A2/GRID_Lat43.00075Lon-78.78820Start2001-01-01End2013-12-31___MOD11A2_LST_Day_1km_A2009289.asc
ncols		 21
nrows		 21
xllcorner	 -6416881.12
yllcorner	 4772121.02
cellsize	 926.625433055834
NODATA_value	 0
14266 14303 0 0 14405 14301 14246 14212 14281 14317 14319 14345 14333 14318 14287 14236 14233 14295 14287 14281 14269
14166 0 0 14227 14238 14187 14152 14202 14250 14256 14307 14311 14313 14313 14307 14283 14278 14288 14284 14284 14256
14108 14091 14136 14212 14195 14143 14173 14261 14247 14276 14285 14304 14309 14302 14279 14250 14272 14277 14204 14204 14207
14093 14144 14209 14203 0 14224 14243 14270 14290 14302 14295 14301 14322 14312 14275 14276 14267 14191 14176 14192 14192
14266 14283 14308 14223 14219 14224 14280 14316 14329 14298 14221 14269 14308 14303 14296 14293 14263 14184 14181 14212 14233
14304 14304 14230 14222 14218 14222 14294 14339 14254 14192 14243 14252 14258 14273 14315 14317 14241 14248 14271 14295 14269
14293 14307 14314 14272 14198 14269 14331 14292 14257 14244 14256 14262 14275 14332 14313 14276 14280 14293 14280 14273 14263
14267 14277 14279 14245 14290 14334 14299 14269 14258 14292 14282 14243 14303 14295 14275 14278 14287 14287 14300 14317 14297
14249 14272 14303 14344 14384 14328 14272 14287 14312 14276 14208 14285 14288 14269 14282 14285 14296 14317 14334 14319 14333
14290 14322 14369 14394 14290 14342 14328 14360 14334 14304 14294 14292 14278 14318 14344 14353 14333 14321 14331 14338 14325
14335 14354 14382 14298 14343 14364 14389 14388 14318 14398 14384 14351 14349 14345 14356 14339 14349 14352 14341 14354 14337
14334 14332 14334 14335 14385 14405 14409 14409 14408 14388 14361 14350 14372 14394 14383 14384 14387 14382 14399 14384 14308
14342 14342 14343 14388 14408 14416 14436 14457 14464 14371 14367 14383 14384 14387 14396 14388 14376 14393 14408 14371 14297
14412 14405 14419 14406 14418 14433 14454 14464 14387 14373 14383 14375 14364 14390 14388 14376 14386 14389 14352 14323 14283
14430 14428 14402 14416 14411 14428 14418 14397 14375 14380 14380 14370 14393 14386 14382 14392 14388 14355 14313 14303 14267
14434 14419 14418 14401 14412 14392 14375 14362 14363 14384 14399 14379 14389 14398 14401 14400 14392 14344 14283 14249 14234
14425 14424 14417 14422 14407 14387 14368 14360 14378 14377 14373 14385 14390 14388 14387 14368 14306 14276 14274 14241 14237
14417 14416 14421 14435 14412 14400 14386 14395 14399 14401 14381 14381 14370 14358 14325 14291 14269 14290 14283 14273 14226
14422 14439 14440 14420 14406 14395 14403 14414 14419 14405 14401 14387 14376 14343 14309 14284 14279 14270 14274 14244 14234
14420 14431 14418 14402 14398 14399 14419 14429 14433 14429 14418 14404 14386 14356 14327 14316 14299 14274 14277 14277 14246
14433 14427 14411 14409 14411 14441 14448 14447 14437 14422 14412 14408 14400 14356 14331 14314 14293 14291 14285 14257 14253
