inst/extdata/modis/lst/modgrid/Lat43.00075Lon-78.78820Start2001-01-01End2013-12-31___MOD11A2/GRID_Lat43.00075Lon-78.78820Start2001-01-01End2013-12-31___MOD11A2_LST_Day_1km_A2011049.asc
ncols		 21
nrows		 21
xllcorner	 -6416881.12
yllcorner	 4772121.02
cellsize	 926.625433055834
NODATA_value	 0
13795 13795 13795 13813 13812 13807 13320 13479 13629 13589 13572 13558 13611 13628 13641 13626 13550 13557 0 13549 13549
13800 13701 13813 13765 13651 13490 13490 13608 13577 13576 13610 13609 13612 13619 13614 13557 13557 13464 13416 13416 13549
13682 13683 13754 13751 13740 13732 13714 13720 13675 13535 13606 13610 13613 13612 13492 13557 13465 13467 13549 13549 0
13668 13730 13733 13731 13730 13726 13728 13691 13644 13647 13548 13604 13643 13506 13496 13492 13548 0 0 13320 13323
13728 13729 13720 13771 13740 13741 13708 13743 13803 13854 13832 13671 13494 13473 13469 13566 13571 13345 13337 13330 13484
13663 0 0 13650 13822 13760 13694 13781 13854 13993 0 13555 13560 13570 13571 13463 13351 13345 13345 13456 13482
0 0 0 13993 13664 13670 13849 13849 13993 0 13555 13555 13555 0 13354 13354 0 0 13458 13458 13456
0 0 0 13633 13669 13777 13777 13993 0 0 0 0 0 0 0 13349 13458 13456 13559 13448 13341
0 0 13640 13689 13686 13680 0 0 13395 13395 13395 0 0 0 13349 13468 13576 13468 13455 13454 13445
13613 13632 13691 13694 13697 0 0 13384 13387 0 0 0 0 0 13489 13489 13484 13460 13453 13444 13498
13614 13624 13631 13654 0 0 13383 13383 0 0 0 0 0 13379 13489 13491 13370 13460 13459 13517 13515
13613 13613 0 13406 13406 13391 13390 0 0 0 0 0 13384 13386 13391 13388 13495 13489 13491 13485 13514
0 0 13406 13406 13390 13390 0 0 0 0 0 13503 13503 13506 13416 13494 13494 13638 13517 13514 13489
13427 13427 13427 0 0 0 0 13390 0 13396 13509 13502 13504 13525 13386 13377 13515 13517 13503 13490 13480
13427 13428 0 13413 13414 13410 13391 13387 13389 13521 13509 13507 13511 13386 13383 13390 13431 13496 13499 13495 13435
0 13427 13425 13418 13415 13410 13381 13388 13520 13521 13521 13393 13390 13390 0 13431 13499 13507 13503 13492 13332
13442 13432 13430 0 13404 13390 13386 13382 13395 13395 13399 13406 13397 0 13349 13481 13495 13496 13493 13458 13446
13435 13430 13434 13426 13409 13395 13395 13396 0 13413 13406 13396 13378 13364 13482 13482 13477 13461 13461 13448 13432
13438 13439 13446 13421 13403 13396 13396 0 0 13408 13399 13387 13369 13494 13528 13509 13493 13491 13439 13431 13432
13451 13456 13424 13409 13401 13401 0 0 13431 13408 13401 13398 13526 13509 13481 13454 13446 13436 13436 13439 13442
13457 13437 13419 13405 0 0 0 13431 13403 13387 13392 13534 13530 13503 13355 13341 13327 13437 13441 13439 13434
