inst/extdata/modis/lst/modgrid/Lat43.00075Lon-78.78820Start2001-01-01End2013-12-31___MOD11A2/GRID_Lat43.00075Lon-78.78820Start2001-01-01End2013-12-31___MOD11A2_LST_Day_1km_A2009033.asc
ncols		 21
nrows		 21
xllcorner	 -6416881.12
yllcorner	 4772121.02
cellsize	 926.625433055834
NODATA_value	 0
13425 13396 13396 13400 13417 13408 13262 13233 13200 13171 13225 13492 13335 13200 13380 13395 13629 13336 13336 13333 13333
13481 13496 13532 13441 13351 13331 13315 13278 13247 13348 13345 13204 13216 13259 0 13358 13345 13336 13336 0 0
13519 13516 13479 13532 13430 13447 13440 13525 13359 13347 13209 13220 13170 13208 13205 13350 13337 13342 0 0 0
13484 13445 13424 13418 13590 13575 13565 13548 13533 13375 13204 13216 13209 13208 13359 13349 13376 13413 0 0 13336
13406 13389 13389 13403 13435 13580 13484 13498 13490 13436 13219 13217 13211 13370 13364 13384 13413 0 0 13353 13346
13411 13411 13661 13438 13461 13472 13496 13500 13491 13403 13399 13373 13373 13375 13375 0 0 13388 13372 13362 13363
13517 13512 13523 13515 13408 13430 13479 13499 13438 13421 13402 13372 13387 13388 0 0 13388 13388 13385 13387 13391
13508 13509 13504 13386 13391 13437 13449 13438 13413 13399 13372 13394 13400 0 0 13394 13393 13404 13403 13404 13389
13656 13389 13385 13401 13423 13487 0 13406 13398 13379 13392 13395 13399 13395 13393 13393 13414 13409 13407 13388 13392
13408 13407 13427 13437 13440 13417 13402 13403 13405 13433 13422 13412 13404 13396 13394 13415 13215 13211 13214 13391 13391
13394 13390 13425 13409 13415 0 13394 13398 13433 13427 13416 13410 13395 13395 13409 13222 13221 13218 13402 13401 13400
13254 13392 13393 13397 13413 13431 13432 13433 13433 0 0 13374 13379 13394 13420 13226 13220 13413 13417 13424 13398
13403 13401 13398 13413 13448 13454 0 0 0 0 13394 13395 13401 13414 13420 13423 13415 13417 13396 13396 13374
13401 0 13458 13459 13457 13453 0 13433 0 13406 13403 13403 13405 13414 13422 13398 13398 13388 13391 13376 13368
0 13454 13458 13459 13459 13462 13243 13240 13236 13234 13409 13408 13413 13411 13391 13392 13405 13400 13385 13380 13383
13451 13451 13466 13260 13252 13243 13240 13239 13237 13416 13427 13435 13427 13419 13418 13416 13413 13395 13383 13377 13380
13492 13287 13282 13255 13249 13436 13242 13420 13418 13421 13422 13413 13414 13412 13407 13407 13402 13392 13386 13380 13364
13287 13287 13265 13254 13448 13444 13430 13420 13421 13431 13408 13401 13399 13392 13389 13388 13380 13383 13380 13365 13356
13082 13082 0 13453 13451 13446 13439 13435 13437 13412 13404 13399 13400 13399 13396 13387 13380 13376 13370 13362 13357
0 0 13450 13439 13423 13440 13444 13444 13446 13408 13409 13420 13414 13408 13399 13385 13374 13364 13370 13380 13388
0 13450 13442 13432 13438 13449 13457 13448 13440 13432 13436 13430 13267 13251 13241 13379 13363 13377 13377 13379 13367
