inst/extdata/modis/lst/modgrid/Lat43.00075Lon-78.78820Start2001-01-01End2013-12-31___MOD11A2/GRID_Lat43.00075Lon-78.78820Start2001-01-01End2013-12-31___MOD11A2_LST_Day_1km_A2004001.asc
ncols		 21
nrows		 21
xllcorner	 -6416881.12
yllcorner	 4772121.02
cellsize	 926.625433055834
NODATA_value	 0
13447 13429 13428 13389 13358 13389 13384 13434 13434 13433 13355 13354 13437 13473 13390 13277 13308 13423 13417 13408 13408
13551 13542 13528 13426 13441 13387 13434 13477 13438 13362 13356 13297 13287 13310 13327 13305 13426 13419 13409 13408 0
13535 13569 13609 13620 13599 13571 13569 13519 13383 13379 13297 13295 13286 13277 13263 13252 13253 13239 13156 0 13439
13459 13481 13538 13586 13597 13472 13537 13502 13441 13403 13266 13423 13418 13413 13269 13262 13149 13149 13220 13439 13439
13459 13413 13378 13344 13390 13454 13496 13553 13396 13363 13255 13324 13429 13294 13267 13328 13227 13218 0 0 0
13356 13357 13329 13345 13403 13475 13567 13443 13289 13248 13219 13207 13422 13422 13423 0 0 0 0 0 0
13344 13354 13351 13350 13375 13480 13509 13487 13333 13219 13207 13420 13419 13418 13418 0 0 0 0 0 0
13415 13358 13355 13338 13394 13439 13486 13449 13430 13428 0 0 13418 13418 13418 0 0 0 0 0 0
13284 13297 13315 13359 13370 13353 13451 13432 13428 13425 13424 13417 13418 0 0 0 0 0 0 0 0
13326 13325 13337 13348 13336 13438 13430 13414 13439 13429 13417 13417 0 0 0 13713 13713 13716 13721 13574 13427
13066 13248 13429 13424 13427 13426 13418 13481 13507 13417 13417 0 0 13444 13579 13713 13717 13721 13420 13270 13438
13425 13423 13421 13419 13443 13443 13437 13444 0 0 0 0 13276 13444 0 0 0 13271 13271 13437 13437
13431 13322 13322 13210 13443 13435 13433 0 0 13123 13434 13223 13243 13151 13156 13183 13290 13272 13429 13424 13417
13205 13210 13211 0 0 0 13158 13181 13222 13373 13375 13242 13240 13241 13290 13278 13255 13238 13419 13416 13393
13198 13214 13221 13211 13208 13201 13201 13224 13355 13380 13523 13373 13257 13308 13394 13231 13243 13417 0 0 0
13215 13221 13211 13209 13193 13205 13212 13350 13446 13449 13459 13232 13432 13539 13380 13243 13250 13413 13447 0 0
13221 13271 13271 13360 13349 13356 13289 13350 13440 13445 13250 13425 13398 13411 13410 13263 13417 13447 13447 0 0
13293 13418 13399 13363 13359 13351 13346 13346 13344 13338 13535 13391 13417 13415 13151 0 13447 0 0 13383 13383
13429 13428 13381 13363 13345 13339 13343 13338 13319 13263 13397 13399 13397 13255 13613 13613 12847 12847 13384 13383 13377
13315 13385 13374 13342 13336 13349 13296 13423 13259 13397 13396 13398 13551 13524 13330 12914 12861 13384 13384 13385 13384
13288 13370 13436 13426 13276 13277 13273 13418 13391 13391 13551 13554 13556 13356 12918 12877 0 13384 13385 13380 13482
