inst/extdata/modis/lst/modgrid/Lat43.00075Lon-78.78820Start2001-01-01End2013-12-31___MOD11A2/GRID_Lat43.00075Lon-78.78820Start2001-01-01End2013-12-31___MOD11A2_LST_Day_1km_A2001137.asc
ncols		 21
nrows		 21
xllcorner	 -6416881.12
yllcorner	 4772121.02
cellsize	 926.625433055834
NODATA_value	 0
15129 15159 15180 15160 15149 15117 15093 15071 15045 14998 14963 14972 14971 14961 14930 14855 14830 14893 14898 14885 14837
14950 14986 14968 14994 15010 15009 14935 14936 14927 14904 14941 14962 14987 14982 14947 14861 14884 14881 14859 14865 14832
14478 14652 14666 14670 14630 14632 14755 14784 14846 14867 14899 14952 14994 15009 14968 14918 14866 14838 14824 14815 14824
14431 14466 14476 14630 14614 14579 14604 14750 14887 14961 14981 15014 15071 15031 14947 14864 14842 14824 14776 14807 14831
14759 14690 14745 14706 14653 14616 14495 14581 14960 15062 15088 15097 15019 14986 14898 14894 14841 14769 14762 14787 14836
14814 14840 14807 14753 14686 14595 14530 14695 15061 15130 15078 14937 14937 14927 14985 14923 14775 14766 14801 14831 14897
14845 14843 14838 14779 14734 14679 14676 14934 15016 15062 14954 14942 14986 15051 15012 14907 14850 14836 14870 14902 14911
14826 14823 14820 14800 14769 14728 14917 14988 14965 14972 14946 14979 15071 15066 15007 14898 14898 14952 14979 14966 14912
14783 14792 14811 14818 14824 14929 14996 14996 14888 14954 14980 15036 15047 15012 15020 15014 15026 15026 14997 14965 14978
14763 14738 14815 14939 15027 15032 15024 14914 14919 14933 14924 14910 15042 15034 15027 15006 15011 14939 14942 14985 14999
14741 14900 14985 15072 15067 15057 15008 15014 15016 15209 15116 14911 14895 14830 14846 15040 14874 14853 14874 15026 14997
14907 14979 15032 15051 15055 15064 15075 15249 15281 15192 15138 15107 15046 15069 15095 15067 14908 14899 15047 15039 14989
15021 15056 15077 15069 15069 15108 15131 15296 15273 15183 14942 14905 15084 15084 15061 15045 15071 15099 15117 15029 14807
15224 15261 15125 15093 15071 15122 15261 15258 15035 14993 14958 15044 15033 15106 15025 15008 15076 15095 14852 14784 14717
15265 15250 15227 15182 15198 15154 15147 14959 14968 14947 14871 14905 14893 15072 15005 15083 15103 14992 14796 14749 14808
15267 15146 15121 15088 15149 15109 14956 14959 14955 14886 14860 14865 15008 15015 15053 15042 15020 14835 14791 14823 14782
15152 15136 15083 15076 15023 14966 14969 14986 14989 14928 14886 14904 14900 14879 15004 14855 14833 14803 14854 14774 14760
15113 15084 15085 15071 15034 15003 15007 15023 15031 14965 14944 14915 14879 14880 14834 14791 14769 14854 14813 14810 14817
15040 15032 15069 15047 15005 15012 15023 15028 15000 14984 14989 14931 14907 14880 14789 14797 14715 14762 14800 14839 14842
15109 15223 15125 14953 15005 15038 15026 15044 15031 15005 14981 14982 14931 14930 14851 14785 14773 14764 14839 14868 14860
15265 15214 15063 14993 14998 15019 15073 15061 15041 14999 15005 14961 14954 14870 14821 14779 14854 14837 14815 14844 14829
