inst/extdata/modis/lst/modgrid/Lat43.00075Lon-78.78820Start2001-01-01End2013-12-31___MOD11A2/GRID_Lat43.00075Lon-78.78820Start2001-01-01End2013-12-31___MOD11A2_LST_Day_1km_A2008265.asc
ncols		 21
nrows		 21
xllcorner	 -6416881.12
yllcorner	 4772121.02
cellsize	 926.625433055834
NODATA_value	 0
14959 14973 14979 14975 14960 14943 14913 14904 14899 14865 14849 14857 14862 14845 14824 14792 14784 14797 14796 14778 14763
14867 14910 14871 14870 14870 14851 14840 14830 14817 14823 14833 14837 14851 14842 14829 14813 14799 14796 14783 14769 14752
14698 14709 14730 14751 14761 14753 14765 14765 14768 14783 14789 14823 14851 14864 14858 14822 14791 14770 14752 14735 14725
14675 14691 14702 14705 14696 14697 14724 14746 14809 14819 14840 14865 14888 14884 14841 14799 14765 14725 14701 14695 14663
14751 14771 14773 14744 14718 14703 14711 14771 14824 14889 14901 14894 14872 14839 14824 14800 14741 14676 14664 14669 14664
14813 14820 14803 14777 14743 14719 14734 14807 14903 14915 14873 14833 14812 14846 14854 14801 14694 14677 14715 14735 14751
14826 14828 14823 14791 14749 14752 14810 14884 14933 14904 14840 14819 14870 14881 14840 14741 14732 14768 14780 14778 14773
14789 14786 14782 14767 14778 14819 14876 14937 14935 14871 14844 14847 14845 14843 14788 14783 14790 14794 14800 14799 14796
14766 14783 14807 14819 14843 14884 14941 14937 14891 14872 14874 14846 14834 14818 14829 14823 14822 14833 14829 14823 14830
14789 14803 14836 14883 14927 14967 14958 14937 14930 14927 14897 14881 14883 14885 14887 14879 14847 14814 14818 14835 14839
14802 14842 14913 14963 14981 14975 14967 14976 14979 14958 14923 14909 14894 14871 14887 14909 14882 14869 14881 14887 14859
14859 14911 14956 14976 14977 14981 15001 15009 15022 14983 14928 14912 14906 14919 14949 14944 14930 14932 14943 14946 14881
14959 14985 14991 14988 14991 15013 15030 15069 15025 14965 14945 14928 14933 14958 14950 14925 14917 14954 14968 14891 14817
15010 15019 15012 14996 15012 15031 15065 15017 14974 14959 14939 14925 14935 14969 14941 14912 14955 14960 14892 14842 14811
15019 15001 14992 15009 15015 15027 14983 14958 14944 14937 14925 14920 14948 14947 14928 14955 14983 14922 14865 14820 14787
15043 15030 15023 15017 15010 14967 14946 14941 14938 14939 14936 14935 14947 14959 14974 14995 14944 14891 14815 14772 14741
15052 15023 15019 15016 14985 14960 14948 14940 14933 14934 14930 14942 14945 14932 14934 14896 14869 14820 14794 14770 14761
15003 15019 15027 15022 14988 14968 14957 14939 14944 14941 14924 14909 14900 14891 14844 14801 14774 14774 14786 14793 14774
15026 15036 15026 14988 14938 14945 14948 14971 14984 14980 14951 14911 14881 14862 14797 14757 14735 14745 14770 14769 14760
15032 15030 14981 14917 14944 14966 14991 15005 15017 15008 14972 14960 14955 14886 14831 14789 14767 14762 14767 14771 14764
15031 14968 14936 14958 14980 15020 15041 15048 15038 15001 14991 14987 14942 14882 14810 14785 14766 14764 14750 14746 14746
