inst/extdata/modis/lst/modgrid/Lat43.00075Lon-78.78820Start2001-01-01End2013-12-31___MOD11A2/GRID_Lat43.00075Lon-78.78820Start2001-01-01End2013-12-31___MOD11A2_LST_Day_1km_A2002161.asc
ncols		 21
nrows		 21
xllcorner	 -6416881.12
yllcorner	 4772121.02
cellsize	 926.625433055834
NODATA_value	 0
15120 15256 15318 15304 15215 15217 15086 15100 15037 15052 15061 15058 15032 14995 14997 14979 14988 14993 14961 14957 14938
14994 15103 15059 15035 14904 14886 14938 14952 15005 15002 15001 15034 15045 15079 15051 15021 15003 14961 14964 14962 14946
14834 14734 14854 14811 14805 14826 14826 14876 14949 14954 14960 15029 15092 15090 15057 15037 14988 14978 14964 14952 14951
14705 14660 14724 14721 14742 14738 14770 14917 14944 14990 15053 15031 15081 15098 15067 15014 14999 14963 14941 14941 14922
14855 14923 14893 14833 14816 14783 14814 14879 15033 15109 15104 15077 15095 15063 15032 15044 14979 14949 14938 14937 14938
14951 14951 14937 14919 14864 14767 14738 14967 15040 15073 15070 15069 15076 15065 15089 15008 14967 14944 14959 14962 14990
14990 14982 14979 14939 14925 14897 14970 14992 15054 15091 15083 15079 15082 15063 15071 15027 14966 14972 14982 15006 15046
14984 14978 14958 14945 14940 14949 14984 15139 15139 15089 15034 15031 15075 15086 15069 15002 15002 15015 15012 15067 15061
14973 14961 14966 14986 14988 15012 15183 15181 15118 15109 15107 15137 15108 15102 15095 15062 15040 15112 15123 15115 15103
14927 14947 15020 15007 15051 15186 15190 15178 15145 15157 15195 15190 15163 15214 15199 15252 15115 15105 15107 15125 15117
14974 15058 15063 15177 15200 15202 15218 15218 15275 15269 15274 15250 15231 15227 15286 15241 15162 15118 15145 15174 15137
15093 15116 15210 15206 15223 15248 15240 15289 15368 15334 15278 15264 15242 15288 15280 15242 15190 15200 15212 15212 15103
15205 15284 15275 15271 15263 15253 15247 15362 15348 15289 15269 15242 15260 15244 15218 15209 15230 15263 15259 15137 15090
15341 15317 15310 15307 15318 15328 15313 15309 15300 15265 15219 15218 15219 15227 15221 15191 15225 15234 15146 15125 15051
15345 15330 15326 15311 15322 15292 15235 15248 15229 15203 15195 15159 15184 15220 15205 15232 15251 15198 15137 15050 15029
15330 15323 15296 15296 15270 15220 15214 15191 15203 15213 15224 15202 15223 15238 15251 15236 15243 15154 15062 15020 14988
15335 15330 15318 15279 15257 15205 15185 15198 15224 15245 15227 15221 15227 15218 15173 15160 15089 15059 15041 15001 14994
15346 15334 15329 15324 15269 15197 15221 15251 15274 15268 15246 15178 15120 15110 15112 15032 15024 15025 15021 15022 15002
15386 15401 15340 15278 15267 15249 15253 15280 15316 15334 15331 15221 15181 15111 15005 14984 14967 14992 15006 14998 14993
15388 15368 15291 15284 15247 15262 15288 15289 15330 15313 15242 15242 15198 15128 15061 14989 14984 14998 15015 15016 15000
15429 15421 15314 15257 15298 15316 15370 15366 15297 15270 15277 15237 15202 15139 15058 15036 15010 15013 15023 15020 15008
