inst/extdata/modis/lst/modgrid/Lat43.00075Lon-78.78820Start2001-01-01End2013-12-31___MOD11A2/GRID_Lat43.00075Lon-78.78820Start2001-01-01End2013-12-31___MOD11A2_LST_Day_1km_A2010193.asc
ncols		 21
nrows		 21
xllcorner	 -6416881.12
yllcorner	 4772121.02
cellsize	 926.625433055834
NODATA_value	 0
15309 15340 15327 15297 15207 15224 15245 15254 15242 15196 15208 15219 15185 15175 15102 15037 15049 15110 15118 15085 15062
15159 15227 15223 15120 15095 15195 15224 15179 15162 15154 15165 15174 15195 15194 15180 15163 15149 15172 15092 15148 15053
14908 14921 14904 15008 14928 14950 15001 15136 15162 15119 15118 15139 15160 15190 15185 15182 15157 15090 15086 15048 15049
14862 14871 14963 14918 14962 14892 14911 15056 15110 15093 15120 15137 15156 15176 15209 15178 15142 15017 15004 15024 15036
15024 15053 15042 15009 14978 14952 14965 15011 15053 15131 15156 15219 15216 15232 15210 15180 15030 14991 15007 15032 15032
15125 15135 15109 15061 14997 14943 14941 15051 15127 15155 15190 15178 15181 15211 15198 15065 14994 15007 15045 15060 15142
15138 15148 15130 15045 15006 15005 15036 15064 15161 15248 15198 15176 15197 15224 15226 15070 15035 15064 15133 15165 15168
15082 15080 15042 15041 15047 15053 15093 15179 15265 15224 15175 15175 15212 15210 15133 15082 15087 15133 15148 15152 15152
15069 15028 15093 15102 15101 15121 15220 15282 15258 15192 15199 15330 15315 15306 15172 15168 15168 15159 15129 15126 15143
15054 15067 15041 15100 15180 15299 15301 15282 15258 15357 15400 15373 15349 15353 15356 15187 15153 15121 15127 15136 15262
15058 15136 15170 15201 15298 15304 15305 15358 15404 15426 15392 15380 15372 15324 15177 15188 15147 15143 15163 15316 15295
15158 15187 15183 15314 15338 15385 15384 15422 15521 15438 15420 15400 15323 15335 15371 15215 15196 15193 15361 15356 15272
15233 15321 15334 15370 15422 15434 15433 15547 15468 15444 15331 15282 15286 15297 15384 15371 15357 15389 15372 15276 15114
15323 15342 15348 15349 15352 15491 15495 15469 15466 15338 15217 15209 15289 15385 15363 15346 15374 15365 15166 15157 15109
15470 15347 15348 15352 15359 15359 15331 15318 15267 15245 15239 15237 15261 15279 15349 15380 15278 15213 15176 15132 15114
15352 15350 15348 15350 15346 15325 15315 15298 15267 15267 15262 15264 15302 15316 15316 15297 15282 15229 15094 15091 15087
15467 15478 15385 15367 15328 15310 15300 15297 15297 15287 15296 15305 15304 15300 15292 15274 15217 15177 15172 15120 15107
15377 15395 15398 15392 15366 15331 15310 15312 15320 15355 15329 15309 15268 15245 15225 15173 15135 15129 15137 15140 15051
15404 15420 15410 15377 15350 15342 15343 15360 15389 15367 15352 15310 15271 15213 15145 15019 15008 15028 15121 15054 15038
15437 15409 15382 15356 15349 15355 15373 15385 15392 15377 15339 15328 15314 15268 15166 15025 15020 15098 15120 15065 15039
15396 15368 15350 15352 15354 15373 15383 15396 15379 15361 15357 15344 15312 15229 15162 15144 15115 15099 15028 15027 15092
