inst/extdata/modis/lst/modgrid/Lat43.00075Lon-78.78820Start2001-01-01End2013-12-31___MOD11A2/GRID_Lat43.00075Lon-78.78820Start2001-01-01End2013-12-31___MOD11A2_LST_Day_1km_A2002033.asc
ncols		 21
nrows		 21
xllcorner	 -6416881.12
yllcorner	 4772121.02
cellsize	 926.625433055834
NODATA_value	 0
13773 13760 13759 13756 13812 13795 13756 13740 13736 13725 13722 13717 13718 13719 13719 13717 13704 13701 13698 13697 13704
13727 13756 13757 13763 13762 13751 13736 13738 13721 13715 13718 13719 13720 13718 13713 13704 13701 13697 13692 13703 13703
13728 13726 13719 13741 13741 13726 13734 13720 13716 13722 13724 13725 13728 13723 13721 13712 13703 13687 13699 13703 13692
13725 13721 13725 13738 13727 13743 13742 13720 13721 13727 13740 13743 13742 13737 13725 13715 13700 13712 13718 13692 13681
13715 13731 13753 13746 13740 13728 13736 13737 13744 13782 13785 13779 13745 13727 13718 13707 13717 13726 13688 13673 13648
13729 13755 13752 13753 13728 13737 13747 13751 13795 13794 13782 13745 13727 13721 13717 13721 13724 13694 13696 13732 13736
13685 13686 13752 13749 13738 13744 13800 13825 13825 13794 13752 13739 13737 13734 13741 13713 13616 13616 13748 13740 13737
13680 13684 13735 13732 13743 13810 13789 13806 13791 13758 13743 13740 13743 13737 13727 13742 13754 13752 13747 13747 13743
13745 13740 13753 13750 13757 13775 13785 13773 13755 13738 13734 13727 13719 13714 13726 13744 13749 13752 13750 13748 13741
13748 13795 13753 13762 13780 13786 13773 13761 13758 13728 13724 13723 13723 13726 13746 13746 13746 13746 13751 13739 13690
13741 13743 13764 13775 13783 13769 13750 13739 13801 13784 13724 13728 13725 13704 13704 13708 13710 13710 13704 13702 13700
13728 13783 13759 13769 13758 13755 13756 13793 13813 13717 13713 13702 13702 13703 13708 13710 13710 13711 13721 13725 13707
13784 13755 13771 13761 13762 13771 13797 13833 13727 13721 13697 13694 13696 13712 13717 13693 13717 13740 13745 13726 13725
13889 13887 13820 13784 13783 13785 13732 13731 13727 13709 13705 13704 13713 13717 13714 13724 13743 13745 13727 13731 13729
13849 13832 13791 13790 13757 13737 13737 13735 13725 13724 13723 13715 13729 13726 13731 13736 13746 13734 13738 13733 13732
13825 13797 13797 13779 13787 13785 13777 13732 13725 13724 13733 13734 13739 13748 13741 13760 13737 13730 13737 13732 13724
13821 13815 13784 13791 13791 13788 13736 13726 13726 13734 13734 13743 13748 13733 13742 13727 13730 13730 13715 13698 13702
13887 13824 13783 13783 13767 13731 13731 13735 13733 13739 13740 13733 13722 13718 13716 13720 13731 13717 13713 13712 13701
13806 13781 13782 13765 13704 13743 13740 13732 13743 13747 13742 13733 13733 13725 13737 13734 13714 13717 13715 13705 13700
13777 13777 13735 13705 13737 13752 13760 13767 13780 13772 13755 13753 13753 13750 13739 13722 13711 13713 13710 13706 13708
13794 13756 13744 13755 13766 13779 13783 13786 13783 13775 13772 13770 13765 13759 13741 13726 13721 13710 13708 13705 13699
