inst/extdata/modis/lst/modgrid/Lat43.00075Lon-78.78820Start2001-01-01End2013-12-31___MOD11A2/GRID_Lat43.00075Lon-78.78820Start2001-01-01End2013-12-31___MOD11A2_LST_Day_1km_A2007273.asc
ncols		 21
nrows		 21
xllcorner	 -6416881.12
yllcorner	 4772121.02
cellsize	 926.625433055834
NODATA_value	 0
14815 14824 14831 14851 14854 14843 14821 14832 14837 14815 14812 14820 14807 14776 14760 14777 14781 14794 14805 14832 14826
14739 14762 14776 14754 14744 14762 14781 14787 14772 14764 14783 14790 14785 14786 14812 14801 14789 14791 14809 14814 14811
14588 14607 14602 14702 14660 14693 14720 14747 14770 14776 14773 14774 14779 14810 14808 14790 14774 14787 14786 14745 14778
14585 14563 14549 14549 14702 14598 14631 14702 14744 14786 14802 14807 14780 14760 14707 14689 14767 14770 14739 14768 14772
14638 14643 14657 14648 14646 14757 14656 14689 14780 14831 14821 14805 14748 14719 14705 14709 14694 14669 14686 14708 14709
14714 14728 14717 14715 14701 14690 14682 14747 14829 14806 14785 14741 14733 14742 14764 14745 14697 14696 14723 14727 14751
14757 14758 14744 14723 14684 14679 14721 14773 14793 14761 14729 14741 14769 14789 14774 14733 14736 14760 14761 14764 14746
14732 14725 14723 14691 14685 14696 14745 14786 14769 14757 14751 14769 14794 14787 14764 14764 14775 14781 14777 14751 14787
14698 14702 14720 14715 14719 14733 14791 14774 14759 14756 14778 14793 14781 14770 14790 14799 14807 14810 14803 14763 14816
14708 14690 14705 14754 14811 14846 14802 14793 14788 14810 14821 14802 14804 14814 14818 14826 14819 14799 14758 14829 14765
14696 14726 14781 14834 14874 14858 14855 14819 14852 14848 14816 14812 14809 14798 14812 14821 14802 14802 14860 14843 14776
14768 14815 14871 14907 14917 14928 14866 14872 14866 14828 14811 14802 14782 14799 14825 14864 14866 14856 14868 14894 14802
14879 14890 14886 14932 14938 14866 14876 14882 14862 14838 14818 14851 14863 14878 14912 14859 14799 14881 14876 14839 14744
14908 14908 14915 14911 14872 14892 14908 14871 14851 14823 14790 14780 14836 14902 14845 14834 14869 14866 14823 14825 14711
14896 14906 14896 14859 14864 14868 14845 14839 14846 14831 14812 14827 14887 14890 14905 14866 14890 14851 14838 14741 14731
14901 14890 14899 14857 14852 14804 14781 14838 14824 14805 14817 14895 14904 14921 14955 14970 14954 14914 14745 14806 14792
14888 14880 14869 14868 14837 14789 14838 14882 14795 14836 14824 14905 14921 14922 14916 14903 14870 14775 14787 14788 14794
14846 14840 14853 14831 14873 14916 14909 14858 14864 14851 14825 14803 14890 14886 14861 14843 14776 14796 14804 14816 14803
14931 14889 14898 14898 14887 14928 14878 14888 14890 14991 15116 15097 15080 14849 15004 14856 14747 14767 14785 14784 14976
14951 14971 14911 14887 14945 15000 15007 15013 15025 15038 14962 15119 15102 15074 14908 14757 14732 14808 14875 14884 14757
14972 14930 14900 14940 14962 14978 15000 15001 14987 14955 15032 15025 15110 14928 14835 14826 14734 14762 14759 14759 14726
