inst/extdata/modis/lst/modgrid/Lat43.00075Lon-78.78820Start2001-01-01End2013-12-31___MOD11A2/GRID_Lat43.00075Lon-78.78820Start2001-01-01End2013-12-31___MOD11A2_LST_Day_1km_A2007049.asc
ncols		 21
nrows		 21
xllcorner	 -6416881.12
yllcorner	 4772121.02
cellsize	 926.625433055834
NODATA_value	 0
13390 13573 13582 13587 13765 13773 13603 13601 13569 13565 13559 13534 13528 13525 13529 13522 13513 13509 13491 13490 13497
13475 13478 13494 13499 13499 13451 13454 13444 13540 13542 13538 13540 13547 13553 13536 13530 13516 13498 13496 13507 13509
13463 13460 13468 13440 13499 13493 13458 13433 13531 13536 13540 13544 13549 13552 13547 13531 13511 13500 13517 13519 13518
13451 13449 13465 13468 13417 13412 13414 13477 13467 13552 13561 13573 13565 13560 13544 13529 13519 13522 13524 13520 13516
13449 13467 13460 13455 13469 13499 13531 13519 13597 13566 13585 13582 13563 13565 13566 13555 13556 13530 13526 13521 13520
13560 13565 13557 13556 13557 13573 13631 13639 13641 13596 13597 13577 13567 13577 13586 13584 13553 13550 13547 13549 13546
13561 13560 13565 13560 13452 13499 13535 13541 13791 13592 13592 13581 13583 13604 13619 13607 13607 13596 13583 13579 13581
13560 13564 13562 13457 13478 13517 13530 13770 13625 13619 13584 13577 13588 13597 13610 13593 13591 13589 13591 13589 13591
13547 13559 13466 13488 13526 13554 13772 13656 13650 13624 13607 13598 13590 13591 13601 13594 13593 13599 13598 13596 13589
13457 13466 13484 13489 13492 13792 13673 13669 13655 13658 13675 13667 13648 13635 13643 13662 13633 13600 13603 13596 13597
13462 13461 13483 13367 13459 13466 13632 13629 13625 13778 13665 13655 13646 13620 13653 13666 13662 13640 13638 13636 13613
13452 13465 13361 13384 13386 13380 13470 13470 13823 13802 13790 13786 13583 13577 13774 13659 13644 13653 13663 13646 13620
13763 13770 13402 13400 13391 13470 13470 13823 13806 13799 13613 13606 13599 13769 13772 13783 13783 13783 13606 13570 13570
13791 13558 13557 13555 13846 0 0 13815 13815 13815 13796 13595 13595 13772 13778 13778 13779 13606 13594 13583 13562
13560 13560 13560 13846 0 13840 13826 13823 13821 13800 13596 13595 13772 13595 13595 13775 13608 13593 13439 13428 13418
0 0 0 0 13840 13833 13831 13829 13813 13807 13807 13784 13597 13597 13774 13614 13611 13439 13418 13410 13554
0 0 0 13840 13833 13831 13829 13813 13809 13809 13781 13782 13605 13601 13568 13576 13427 13413 13400 13544 13531
0 0 0 0 0 13814 13814 13814 13814 13624 13634 13609 13597 13569 13573 13562 13411 13402 13542 13523 13504
0 0 13848 13655 13842 13812 13800 13802 13624 13633 13633 13596 13494 13497 13478 13464 13465 13462 13441 13428 13503
0 13848 13655 13662 13746 13735 13788 13788 0 13643 13638 13559 13552 13479 13462 13458 13473 13465 13470 13508 13511
0 0 13657 13745 13742 13801 13799 0 13643 13632 13650 13639 13543 13498 13467 13517 13448 13448 13499 13492 13489
