inst/extdata/modis/lst/modgrid/Lat43.00075Lon-78.78820Start2001-01-01End2013-12-31___MOD11A2/GRID_Lat43.00075Lon-78.78820Start2001-01-01End2013-12-31___MOD11A2_LST_Day_1km_A2012049.asc
ncols		 21
nrows		 21
xllcorner	 -6416881.12
yllcorner	 4772121.02
cellsize	 926.625433055834
NODATA_value	 0
14003 13975 13964 13972 13981 13977 13956 13929 13937 13901 13914 13936 13919 13906 13899 13858 13838 13866 13875 13858 13839
13837 13883 13903 13918 13941 13924 13897 13906 13894 13876 13914 13894 13927 13926 13908 13884 13878 13875 13862 13857 13836
13785 13802 13799 13783 13791 13811 13838 13850 13832 13815 13790 13901 13935 13938 13926 13898 13868 13854 13842 13814 13825
13764 13769 13788 13796 13790 13789 13801 13831 13859 13763 13875 13942 13973 13940 13901 13871 13849 13823 13811 13845 13850
13856 13868 13857 13824 13806 13798 13797 13823 13862 13883 13925 13917 13913 13903 13892 13879 13832 13794 13824 13854 13851
13892 13902 13871 13840 13799 13792 13814 13840 13831 13831 13828 13844 13923 13935 13921 13870 13820 13821 13858 13872 13884
13902 13910 13921 13894 13820 13854 13839 13842 13878 13826 13841 13919 13942 13937 13948 13892 13862 13876 13883 13868 13890
13871 13845 13828 13852 13906 13879 13924 0 13878 13942 13925 13916 13904 13951 13913 13896 13902 13912 13920 13909 13838
13795 13803 13873 13928 13921 13925 13939 13865 13928 13953 13937 13925 13938 13938 13944 13930 13944 13952 13910 13858 13882
13791 13887 13912 13931 13974 13929 13902 13903 13988 14036 14044 13997 13979 13988 13959 13923 13902 13891 13942 13945 13903
13894 13935 13983 13988 13974 13934 0 14010 14014 13969 13981 13999 13978 13929 13926 13975 13951 13969 13965 14005 13937
13936 13953 13973 13997 14022 14013 14010 14068 13957 13968 14011 13995 13979 13948 13995 13998 14000 13996 14057 14068 13968
13998 14003 14021 14033 14029 14038 13939 13991 0 14006 13978 13963 13959 13966 13986 14012 13993 14051 14068 13948 13875
14007 14037 14060 14071 14005 13978 13990 13980 13997 13974 13967 13930 13971 13990 13986 13969 14017 14025 13926 13937 13925
14034 14042 14016 13993 14008 13980 13983 13994 13921 13977 13971 13991 14005 13995 13996 14002 13991 13938 13947 13946 13873
14014 13999 14005 14042 14064 14016 13999 13917 13982 13991 13991 13974 13991 14002 13988 13990 14007 13945 13876 13842 13839
14058 14011 14042 14055 14037 14014 13998 13910 13969 14002 13961 13941 13958 13964 13965 13963 13914 13855 13858 13822 13847
14024 14044 14043 14018 14019 14022 13953 13985 14061 13978 13957 13958 13944 13941 13881 13868 13846 13862 13806 13836 13845
14071 14051 14049 14033 14016 14001 14038 14030 13974 13966 13978 13947 13945 13937 13890 13845 13828 13825 13823 13827 13840
14001 13990 14048 14011 13999 14028 14030 14025 14053 14053 13965 13988 14010 13949 13878 13848 13858 13865 13853 13832 13804
14032 14055 14036 14026 14027 14061 14090 14084 14046 13992 14007 14024 13973 13911 13881 13827 13826 13825 13811 13795 13820
