inst/extdata/modis/lst/modgrid/Lat43.00075Lon-78.78820Start2001-01-01End2013-12-31___MOD11A2/GRID_Lat43.00075Lon-78.78820Start2001-01-01End2013-12-31___MOD11A2_LST_Day_1km_A2012249.asc
ncols		 21
nrows		 21
xllcorner	 -6416881.12
yllcorner	 4772121.02
cellsize	 926.625433055834
NODATA_value	 0
15036 15059 15009 15006 15014 15018 15058 14957 14954 14968 14966 14971 14964 14958 14942 14906 14898 14923 14926 14923 14904
14918 14942 14957 14946 14943 14920 14899 14937 14927 14934 14958 14963 14972 14963 14941 14931 14920 14927 14915 14905 14925
14751 14764 14823 14846 14814 14817 14810 14817 14902 14947 14941 14973 15004 15022 14969 14931 14897 14889 14857 14887 14849
14718 14738 14735 14736 14843 14741 14755 14889 14939 14954 14998 15022 15041 15052 14944 14885 14870 14847 14811 14827 14832
14826 14831 14844 14821 14788 14823 14844 14794 14972 15067 15075 15043 15034 15010 14919 14933 14913 14806 14814 14818 14812
14917 14900 14925 14840 14802 14830 14810 14880 15053 15063 15018 14990 14985 14958 14978 14922 14853 14822 14843 14867 14865
14938 14917 14907 14861 14845 14818 14873 15043 15067 14996 14995 14979 15003 15020 15001 14896 14860 14877 14956 14950 14933
14888 14861 14912 14862 14931 14954 15041 15036 14989 15007 14976 14988 15040 15037 14984 14947 14940 14974 14988 14982 14956
14833 14882 14904 14889 14957 15054 15060 15053 15024 15009 15017 15043 15032 15015 15015 15038 15099 15085 15012 14968 14976
14829 14878 14977 14993 15077 15115 15078 15045 15067 15071 15099 15111 15095 15089 15141 15055 14977 14949 14946 14971 14976
14814 14965 15024 15127 15148 15142 15139 15155 15090 15142 15124 15119 15105 15040 15049 15050 14999 15022 15010 15029 15015
15128 15181 15130 15160 15129 15151 15255 15206 15207 15139 15172 15172 15077 15074 15092 15181 15158 15044 15061 15065 15030
15113 15137 15138 15092 15101 15234 15258 15188 15178 15146 15110 15090 15088 15108 15185 15144 15025 15062 15069 15039 14995
15153 15177 15161 15097 15205 15245 15179 15173 15140 15124 15038 15067 15162 15183 15170 15114 15118 15051 15018 15094 15043
15189 15171 15218 15212 15228 15095 15092 15084 15068 15044 15038 15085 15108 15145 15143 15171 15093 15036 15091 15070 15008
15224 15260 15246 15242 15088 15062 15042 15036 15050 15054 15097 15090 15188 15177 15199 15220 15183 15096 14969 14917 14906
15280 15250 15233 15241 15235 15054 15055 15117 15112 15102 15109 15135 15148 15158 15163 15117 15079 14946 14930 14934 14922
15248 15232 15248 15170 15158 15224 15193 15183 15170 15131 15135 15135 15107 15067 15023 15003 14977 14980 14989 14989 14953
15245 15109 15173 15168 15251 15210 15205 15197 15195 15184 15071 15063 15001 14970 14951 14890 14858 14811 14974 14892 14873
15124 15150 15184 15195 15182 15207 15199 15204 15205 15088 15073 15071 15066 15017 14946 14902 14878 14964 15000 14954 14918
15187 15208 15196 15196 15215 15220 15214 15202 15163 15137 15177 15089 15057 14983 14938 14924 14919 14905 14900 14908 14896
