inst/extdata/modis/lst/modgrid/Lat43.00075Lon-78.78820Start2001-01-01End2013-12-31___MOD11A2/GRID_Lat43.00075Lon-78.78820Start2001-01-01End2013-12-31___MOD11A2_LST_Day_1km_A2013153.asc
ncols		 21
nrows		 21
xllcorner	 -6416881.12
yllcorner	 4772121.02
cellsize	 926.625433055834
NODATA_value	 0
15082 15019 15019 15027 15047 15046 15058 14994 14971 14932 14897 14896 14876 14850 14825 14740 14765 14803 14762 14733 14714
14774 14883 14925 14956 14953 14925 14888 14906 14876 14867 14894 14889 14881 14878 14900 14862 14835 14780 14747 14735 14718
14641 14655 14658 14675 14692 14699 14696 14729 14739 14797 14830 14875 14895 14913 14901 14860 14858 14755 14725 14722 14811
14607 14652 14669 14645 14644 14599 14657 14688 14770 14827 14870 14885 14939 14931 14980 14881 14860 14807 14672 14776 14802
14724 14742 14748 14697 14662 14666 14615 14628 14837 14895 14918 15045 15039 14998 14935 14911 14841 14751 14770 14801 14793
14818 14818 14764 14747 14694 14714 14694 14805 14869 14947 14999 14976 14948 14993 14980 14920 14792 14807 14847 14831 14847
14825 14869 14780 14750 14781 14761 14773 14831 15087 15055 15010 14969 15015 15035 15009 14846 14884 14891 14908 14871 14876
14851 14844 14827 14821 14809 14823 14887 15066 15083 15040 14994 15019 15064 15072 14920 14897 14885 14895 14973 14968 14940
14816 14837 14856 14865 14931 14945 14983 15102 15069 15039 15048 15048 15041 14938 14918 14947 14945 15014 14872 14998 15012
14803 14819 14853 15019 14991 15016 15141 15128 15134 15169 15158 15127 15004 14998 14988 14978 14890 14852 14960 15012 14879
14762 14880 14932 14972 15163 15182 15175 15196 15213 15194 15160 15131 15011 14982 14979 14986 14978 15045 14941 15031 14938
14855 14939 14961 15155 15185 15206 15253 15266 15168 15193 15018 15022 15013 14998 15056 15055 15032 15001 14989 15012 14940
15024 15058 15176 15205 15228 15161 15174 15207 15155 15081 15066 15043 15056 15082 15079 15054 15028 15076 15074 14980 14916
15102 15148 15174 15162 15160 15166 15218 15176 15120 15101 15071 15058 15070 15094 15036 15016 15076 15062 14976 14930 14877
15175 15187 15176 15175 15183 15182 15144 15116 15080 15059 15049 15022 15052 15047 15035 15070 15073 14999 14935 14884 14850
15223 15218 15191 15197 15179 15121 15104 15061 15051 15064 15023 15012 15047 15063 15072 15090 15052 14976 14865 14821 14767
15237 15212 15204 15137 15111 15095 15087 15082 15081 15051 15032 15022 15012 15011 15008 14968 14930 14852 14823 14797 14781
15190 15165 15169 15173 15135 15115 15108 15103 15099 15083 15026 14989 14961 14939 14900 14850 14813 14814 14814 14819 14778
15164 15188 15199 15159 15114 15095 15087 15098 15102 15077 15037 15000 14949 14909 14830 14837 14748 14775 14802 14763 14750
15194 15199 15147 15103 15096 15103 15119 15125 15140 15098 15066 15033 15019 14962 14895 14814 14788 14790 14807 14807 14765
15202 15177 15131 15116 15123 15158 15158 15159 15126 15101 15076 15067 15016 14952 14870 14818 14800 14782 14775 14757 14744
