inst/extdata/modis/lst/modgrid/Lat43.00075Lon-78.78820Start2001-01-01End2013-12-31___MOD11A2/GRID_Lat43.00075Lon-78.78820Start2001-01-01End2013-12-31___MOD11A2_LST_Day_1km_A2007081.asc
ncols		 21
nrows		 21
xllcorner	 -6416881.12
yllcorner	 4772121.02
cellsize	 926.625433055834
NODATA_value	 0
14508 14343 14542 14566 14549 14417 14407 14407 14397 14392 14373 14373 14377 14376 14339 14315 14309 14304 14303 14296 14286
14178 14208 14234 14236 14336 14347 14344 14332 14346 14333 14358 14368 14371 14368 14330 14301 14293 14294 14294 14294 14288
14094 14113 14076 14109 14112 14141 14200 14265 14292 14317 14346 14356 14366 14335 14324 14304 14283 14286 14291 14290 14302
14033 14010 14022 14030 14041 14047 14084 14174 14263 14347 14384 14399 14388 14351 14321 14290 14278 14273 14272 14293 14303
14241 14291 14273 14166 14069 14063 14076 14151 14290 14395 14413 14402 14385 14367 14334 14303 14288 14271 14279 14294 14312
14303 14340 14333 14318 14245 14152 14097 14223 14375 14419 14397 14369 14369 14364 14362 14341 14306 14286 14306 14324 14336
14341 14343 14364 14358 14323 14253 14245 14359 14420 14406 14387 14388 14394 14416 14409 14353 14324 14354 14358 14357 14354
14331 14343 14360 14351 14320 14291 14336 14418 14465 14429 14403 14407 14441 14434 14383 14378 14400 14402 14408 14396 14373
14338 14339 14331 14318 14326 14357 14438 14473 14462 14429 14429 14427 14405 14394 14409 14426 14429 14432 14424 14417 14409
14315 14303 14305 14378 14404 14476 14478 14462 14481 14481 14448 14407 14387 14396 14410 14429 14440 14416 14407 14392 14383
14286 14355 14428 14436 14484 14482 14472 14491 14504 14490 14425 14384 14372 14391 14416 14434 14464 14457 14431 14411 14376
14397 14439 14458 14472 14484 14496 14489 14502 14505 14487 14600 14555 14353 14357 14419 14475 14477 14472 14467 14454 14422
14480 14494 14491 14496 14508 14521 14534 14538 14515 14484 14466 14567 14453 14459 14453 14469 14490 14508 14509 14474 14419
14526 14526 14529 14529 14548 14557 14560 14532 14511 14493 14467 14462 14477 14482 14472 14471 14490 14503 14481 14441 14430
14547 14555 14553 14556 14563 14551 14530 14510 14494 14485 14488 14487 14490 14475 14466 14484 14493 14478 14455 14439 14415
14562 14558 14556 14562 14542 14527 14516 14503 14495 14506 14498 14486 14472 14485 14495 14499 14473 14451 14421 14392 14373
14562 14558 14558 14545 14535 14519 14508 14504 14510 14511 14501 14481 14477 14477 14476 14443 14430 14377 14369 14368 14368
14560 14545 14547 14555 14540 14530 14519 14512 14513 14506 14484 14482 14468 14454 14416 14408 14365 14361 14376 14374 14358
14518 14522 14531 14525 14526 14529 14516 14513 14513 14503 14506 14487 14462 14430 14394 14352 14347 14365 14371 14370 14369
14527 14526 14507 14494 14501 14519 14520 14529 14543 14533 14516 14496 14486 14443 14398 14376 14364 14361 14382 14385 14381
14483 14521 14495 14490 14429 14527 14529 14486 14478 14469 14527 14516 14472 14429 14407 14394 14377 14380 14382 14376 14375
