inst/extdata/modis/lst/modgrid/Lat43.00075Lon-78.78820Start2001-01-01End2013-12-31___MOD11A2/GRID_Lat43.00075Lon-78.78820Start2001-01-01End2013-12-31___MOD11A2_LST_Day_1km_A2006297.asc
ncols		 21
nrows		 21
xllcorner	 -6416881.12
yllcorner	 4772121.02
cellsize	 926.625433055834
NODATA_value	 0
14145 14156 14225 14207 14256 14168 14166 14255 14303 14302 14174 14173 14284 14281 14235 14216 14014 14183 14188 14198 14203
13991 14020 14046 14074 14101 14120 14130 14112 14053 14100 14102 14187 14293 14245 14228 14204 14186 14191 14199 14203 14219
13953 13967 14000 14058 14093 14103 14101 14042 14086 14116 14173 14199 14044 14045 13960 14194 14190 14189 14195 14210 14211
13910 13930 13917 14086 14068 14074 14090 14086 14113 14219 14223 14058 14056 14032 14201 14189 14177 14180 14189 14188 14179
13948 13946 14119 14134 14083 14095 14101 14091 14208 14240 14254 14174 14150 14136 14233 14029 14235 14219 14210 14195 13989
13974 14133 14155 14100 14094 14090 14106 14195 14233 14247 14164 14145 14034 14037 14039 14034 14238 14021 14214 14204 14005
14118 14133 14198 14201 14192 14116 14218 14230 14244 14224 14149 14037 14056 14082 14101 14124 14047 14050 14058 14038 14025
14166 14150 14156 14150 14198 14226 14232 14239 14235 14096 14071 14082 14091 14094 14091 14074 14076 14075 14053 14039 14095
14128 14141 14158 14104 14103 14231 14249 14243 14116 14092 14101 14101 14105 14107 14095 14081 14076 14127 14117 14127 14106
14077 14083 14112 14097 14090 14135 14139 14128 14139 14167 14129 14128 14128 14120 14114 14116 14112 14138 14137 14105 14045
14083 14128 14090 14095 14128 14128 14128 14135 14150 14152 14171 14175 14129 14122 14122 14119 14142 14134 14119 14068 14060
14080 14087 14141 14143 14120 14120 14142 14150 14157 14144 14172 14177 14171 14132 14183 14333 14146 14136 14149 14085 14066
14315 14315 14137 14091 14123 14146 14154 14169 14163 14198 14179 14306 14331 14181 14183 14199 14211 14145 14125 14086 14002
14320 14319 14142 14104 14177 14185 14210 14142 14142 14175 14182 14199 14191 14187 14204 14152 14122 14109 14075 14013 13990
14359 14337 14328 14179 14182 14090 14083 14142 14156 14159 14161 14196 14192 14187 14138 14122 14142 14077 14051 14029 14026
14343 14337 14336 14339 14094 14095 14156 14164 14165 14160 14189 14187 14137 14140 14142 14133 14121 14088 14055 14032 14027
14359 14330 14327 14149 14151 14157 14160 14154 14185 14193 14186 14136 14130 14129 14123 14114 14084 14061 14055 14019 14113
14093 14090 14185 14160 14159 14154 14144 14191 14197 14170 14126 14122 14121 14119 14108 14093 14068 14057 14119 14111 14105
14129 14191 14206 14204 14154 14144 14145 14147 14155 14152 14117 14114 14116 14097 14082 14060 14055 14125 14123 14118 14109
14199 14201 14200 14152 14145 14134 14128 14120 14123 14134 14149 14112 14110 14089 14069 14053 14118 14118 14120 14115 14116
14200 14199 14192 14135 14120 14114 14113 14116 14124 14118 14110 14112 14102 14165 14136 14122 14117 14115 14279 14117 14117
