inst/extdata/modis/lst/modgrid/Lat43.00075Lon-78.78820Start2001-01-01End2013-12-31___MOD11A2/GRID_Lat43.00075Lon-78.78820Start2001-01-01End2013-12-31___MOD11A2_LST_Day_1km_A2001185.asc
ncols		 21
nrows		 21
xllcorner	 -6416881.12
yllcorner	 4772121.02
cellsize	 926.625433055834
NODATA_value	 0
15195 15166 15211 15193 15193 15138 15089 15046 15057 15033 15010 15032 15037 15130 15021 14963 15083 15048 15054 15026 14987
15036 15046 15029 15127 15048 14909 14902 14923 15009 15007 14985 14977 15013 15133 15067 15106 15069 15085 15049 15005 14916
14752 14813 14769 14850 14814 14836 14860 14885 14971 14971 14910 14961 15051 15019 15054 15073 15053 15008 14960 14901 14885
14759 14756 14743 14740 14809 14749 14755 14825 14878 15036 14980 15115 15065 15066 15058 15009 14977 14925 14882 14864 14900
14880 14907 14959 14826 14792 14787 14769 14932 15030 15091 15165 15212 15151 15075 15050 15034 14934 14822 14818 14831 14865
14985 14994 14910 14865 14836 14792 14840 14973 15116 15204 15166 14997 15014 15044 15177 15011 14836 14821 14835 14906 14917
15028 15034 14972 14961 14893 14875 14911 15123 15162 15133 14993 15014 15069 15104 15069 14948 14903 14968 14981 14944 14925
14973 14966 15002 14980 15034 15057 15112 15302 15207 15123 15078 15094 15162 15081 15020 14955 14984 14987 15009 14956 15000
15026 15062 15007 14977 15026 15063 15226 15207 15144 15112 15140 15145 15053 15026 14987 14976 14994 15031 14965 14906 14893
14952 14957 14976 15046 15187 15244 15163 15182 15304 15261 15264 15213 15265 15067 15097 14988 14994 14924 14931 14911 14948
14916 14994 15079 15177 15267 15280 15305 15376 15303 15285 15263 15373 15134 15008 14996 15017 15037 14956 14975 15142 15197
15015 15122 15261 15249 15216 15277 15314 15351 15313 15420 15416 15386 15063 15051 15083 15196 15060 15078 15167 15200 15153
15164 15264 15330 15236 15277 15283 15403 15625 15435 15256 15193 15137 15188 15189 15189 15169 15165 15185 15226 15027 15002
15290 15301 15373 15391 15400 15359 15352 15301 15199 15159 15106 15103 15089 15080 15077 15170 15178 15160 15041 15010 14976
15280 15257 15348 15254 15260 15234 15169 15155 15170 15161 15126 15111 15114 15126 15111 15147 15157 15079 15034 14990 15112
15286 15376 15263 15278 15250 15152 15095 15146 15167 15143 15135 15110 15120 15346 15341 15138 15106 15047 14982 15083 15071
15337 15325 15270 15274 15205 15118 15140 15130 15151 15169 15104 15098 15335 15283 15087 15088 15212 15133 15117 15105 15099
15300 15248 15259 15254 15398 15362 15141 15129 15136 15325 15298 15167 15176 15120 15079 15094 15124 15111 15120 14964 15135
15227 15236 15420 15265 15247 15178 15158 15141 15378 15343 15080 15065 15039 15102 15085 14958 14864 14874 14883 14843 14914
15209 15217 15223 15245 15264 15272 15279 15277 15361 15301 15078 15079 15277 15226 14922 14905 14869 14882 14882 14993 15009
15208 15378 15405 15391 15300 15308 15320 15422 15382 15352 15324 15321 15264 15140 14954 14941 14929 14924 14987 15000 15005
