inst/extdata/modis/lst/modgrid/Lat43.00075Lon-78.78820Start2001-01-01End2013-12-31___MOD11A2/GRID_Lat43.00075Lon-78.78820Start2001-01-01End2013-12-31___MOD11A2_LST_Day_1km_A2009201.asc
ncols		 21
nrows		 21
xllcorner	 -6416881.12
yllcorner	 4772121.02
cellsize	 926.625433055834
NODATA_value	 0
14677 14518 14819 14818 14877 14924 14910 14821 14779 14833 14872 14853 14851 14825 14820 14801 14800 14736 14743 14747 14722
14424 14678 14809 14875 14875 14779 14866 14866 14824 14819 14819 14823 14825 14819 14796 14774 14704 14719 14740 14744 14680
14576 14665 14619 14633 14664 14673 14691 14758 14774 14792 14860 14809 14815 14791 14726 14728 14754 14762 14738 14719 14702
14593 14592 14590 14631 14632 14628 14656 14692 14732 14827 14860 14891 14916 14897 14838 14824 14805 14750 14727 14718 14699
14685 14689 14694 14648 14641 14665 14683 14715 14831 14911 14942 14924 14884 14848 14826 14795 14758 14697 14709 14710 14701
14686 14733 14730 14750 14738 14724 14756 14823 14916 14960 14894 14867 14860 14895 14886 14846 14714 14728 14561 14541 14680
14745 14762 14772 14811 14796 14794 14822 14994 15055 15004 14874 14832 14909 14915 14910 14869 14796 14756 14679 14772 14723
14756 14721 14821 14836 14831 14822 14960 15049 15041 14993 14972 14975 14982 14902 14868 14825 14846 14783 14808 14839 14834
14710 14725 14851 14846 14857 14920 15039 15030 15011 15003 15005 14999 15028 14882 14861 14918 14899 14926 14900 14905 14913
14717 14804 14838 14886 14935 15061 15049 15053 15046 15057 15062 15120 15112 15017 14940 14939 14917 14913 14939 14942 14929
14796 14823 14883 14946 15063 15048 15072 15075 15108 15096 15161 15142 15023 15010 15011 15016 14988 14987 14985 14993 14996
14949 14928 14951 15164 15171 15188 15204 15253 15280 15242 15184 15026 15023 15018 14969 14972 14964 15024 15021 15119 14950
15020 15045 15209 15209 15230 15235 15196 15238 15218 15184 15093 15055 15050 14990 14986 14986 15116 15163 15150 15024 14981
15063 15238 15249 15232 15239 15205 15239 15070 15064 15165 15101 14992 15014 15025 15005 15086 15155 15115 15058 14984 14792
15223 15214 15204 15246 15265 15172 15018 15021 15009 15103 14990 14981 14996 15004 15099 15135 15135 15093 15011 14791 14774
15274 15246 15124 15130 15057 15029 15010 15006 15001 15009 15005 14985 14984 14980 15129 15142 14933 14908 14835 14778 14732
15291 15129 15130 15129 15059 15042 15024 15024 15029 15032 15027 15008 14981 14913 14920 14907 14787 14749 14733 14742 14717
15146 15153 15186 15181 15162 15136 15118 15066 15072 15065 15028 14955 14914 14885 14852 14727 14706 14702 14733 14726 14714
15154 15203 15207 15160 15124 15114 15107 15113 15081 15063 14976 14939 14859 14824 14702 14673 14660 14659 14706 14707 14686
15198 15200 15161 15107 15093 15093 15094 15058 15066 15147 15091 15063 15031 14743 14694 14684 14669 14661 14724 14670 14647
15170 15125 15092 15054 15046 15032 15018 14959 14929 14884 15014 14996 14853 14807 14758 14681 14665 14721 14691 14675 14630
