inst/extdata/modis/lst/modgrid/Lat43.00075Lon-78.78820Start2001-01-01End2013-12-31___MOD11A2/GRID_Lat43.00075Lon-78.78820Start2001-01-01End2013-12-31___MOD11A2_LST_Day_1km_A2009137.asc
ncols		 21
nrows		 21
xllcorner	 -6416881.12
yllcorner	 4772121.02
cellsize	 926.625433055834
NODATA_value	 0
14935 14934 14934 14917 14962 14925 14903 14903 14896 14860 14860 14866 14842 14831 14771 14704 14725 14752 14843 14813 14790
14664 14737 14745 14757 14770 14778 14776 14796 14790 14790 14817 14821 14838 14833 14908 14881 14867 14838 14769 14762 14760
14335 14445 14476 14566 14584 14573 14642 14711 14831 14762 14779 14808 14905 14915 14923 14785 14823 14783 14754 14751 14767
14409 14421 14424 14484 14584 14527 14571 14652 14758 14798 14825 14929 14956 14951 14907 14756 14786 14696 14682 14706 14698
14532 14581 14609 14596 14568 14580 14539 14618 14772 14874 14900 14895 14876 14846 14811 14767 14737 14674 14679 14690 14715
14628 14684 14671 14681 14655 14611 14570 14650 14840 14880 14867 14824 14806 14825 14904 14778 14681 14644 14679 14707 14748
14724 14725 14727 14697 14666 14647 14666 14799 14959 14870 14816 14801 14846 14888 14864 14774 14723 14742 14765 14778 14770
14682 14680 14679 14676 14683 14687 14750 14873 14893 14847 14813 14834 14875 14873 14882 14761 14779 14783 14799 14794 14768
14655 14667 14695 14713 14705 14792 14916 14897 14863 14846 14870 14882 14874 14845 14830 14866 14853 14799 14842 14830 14818
14657 14667 14689 14772 14861 14933 14986 14897 14899 14999 15037 15015 15001 14899 14995 14879 14812 14781 14821 14830 14832
14698 14792 14851 14894 15067 15083 15021 15027 15051 15086 15059 15034 15022 14997 14993 14897 14877 14859 14872 14965 14857
14822 14858 15027 15058 15077 15100 15111 15129 15131 15096 15058 15038 15010 15005 15029 15038 15030 15022 15024 15008 14852
15010 15057 15072 15090 15109 15120 15133 15164 15139 15095 15076 15040 15022 15039 15038 15026 14922 14940 15004 14866 14803
15069 15096 15106 15112 15118 15129 15157 15131 15097 15085 15047 15017 15025 15056 14933 14919 14937 14997 14867 14829 14779
15130 15142 15124 15120 15121 15115 15089 15068 15061 15040 14913 14911 14930 14946 14939 14944 14953 14956 14852 14801 14730
15161 15138 15131 15129 14989 14954 14921 14917 14947 14953 14954 14955 14962 14965 14955 14962 14975 14878 14802 14706 14683
15146 15137 15017 15011 14978 14933 14933 14961 14959 14967 14972 14969 14964 14907 14923 14882 14870 14799 14742 14737 14723
15133 15031 15036 15034 15007 14997 14979 14961 14961 14960 14943 14919 14895 14874 14826 14808 14734 14723 14733 14733 14721
15033 15041 15043 15009 14992 14980 14961 14968 14974 14964 14938 14912 14874 14917 14776 14687 14643 14661 14687 14688 14678
15038 15039 14986 14972 14971 15080 15091 15098 15104 15064 15026 14996 14986 14949 14780 14735 14716 14710 14812 14811 14800
15034 15004 14991 14975 15085 15105 15116 15116 15086 15042 15014 15017 15000 14811 14761 14746 14723 14812 14797 14800 14803
