inst/extdata/modis/lst/modgrid/Lat43.00075Lon-78.78820Start2001-01-01End2013-12-31___MOD11A2/GRID_Lat43.00075Lon-78.78820Start2001-01-01End2013-12-31___MOD11A2_LST_Day_1km_A2011009.asc
ncols		 21
nrows		 21
xllcorner	 -6416881.12
yllcorner	 4772121.02
cellsize	 926.625433055834
NODATA_value	 0
13361 13341 13324 13343 13355 13359 13338 13328 13312 13278 13274 13269 13262 13264 13271 13297 13310 0 0 13277 13277
13403 13369 13378 13388 13386 13342 13304 13302 13291 13264 13276 13277 13283 13285 13281 13293 0 0 13263 13271 13279
13555 13525 13492 13460 13463 13461 13417 13371 13328 13274 13282 13276 13284 13288 13293 13276 13271 13269 13278 13305 13283
13466 13487 13508 13450 13405 13459 13441 13355 13289 13310 13298 13298 13303 13303 13295 13271 13278 13322 13359 13285 13273
13338 13319 13328 13368 13477 13529 13581 13547 13389 13327 13318 13314 13309 13307 13279 13286 13280 13335 13286 13282 13289
13315 13312 13327 13301 13305 13403 13461 13450 13354 13304 13299 13289 13287 13289 13325 13323 13323 13300 13295 13298 13310
13312 13305 13303 13305 13321 13391 13441 13399 13360 13330 13292 13277 13288 13338 13339 13326 13313 13309 13306 13311 13312
13323 13319 13319 13301 13343 13406 13418 13364 13339 13302 13304 13326 13343 13340 13333 13318 13310 13308 13308 13311 13319
13326 13315 13312 13388 13433 13379 13354 13308 13308 13297 13319 13337 13330 13346 13338 13335 13325 13312 13314 13315 13303
13393 13412 13412 13410 13353 13340 13310 13299 13309 13333 13337 13328 13337 13358 13343 13330 13321 13324 13333 13287 13280
13377 13361 13296 13300 13319 13318 13301 13314 13337 13364 13348 13355 13353 13313 13324 13324 13317 13291 13260 13277 13289
13320 13282 13286 13312 13314 13345 13319 13324 13378 13358 13363 13344 13310 13318 13322 13307 13294 13247 13247 0 13249
13332 13350 13319 13347 13305 13322 13330 13328 13374 13360 13333 13318 13313 13316 13297 13295 0 0 0 0 0
13361 13371 13286 13292 13302 13312 13321 13324 13365 13354 13326 13308 13307 13332 13332 0 0 0 0 0 13269
13322 13308 13277 13265 13273 13285 13290 13281 13334 13328 13315 13301 13332 0 0 0 0 0 0 0 13262
13322 13290 13355 13276 13282 13279 13276 13328 13327 13332 13340 0 0 0 13328 0 0 0 0 13251 13239
13327 13353 13347 13344 13324 13318 13319 13317 13288 13289 13294 13300 13308 13328 13328 0 13286 13286 13251 13248 13239
13330 13319 13329 13324 13305 13302 13298 13284 13289 13298 13302 13308 13328 13328 13275 13276 13284 13251 13218 13189 13186
13288 13310 13314 13289 13280 13281 13283 13302 13305 13303 13292 13290 13267 13272 13257 13241 13229 13211 13169 13168 0
13301 13300 13284 13266 13267 13280 13300 13308 13305 13275 13260 13266 13262 13243 13227 13218 13208 13138 13163 13178 0
13293 13307 13282 13274 13281 13296 13296 13283 13263 13251 13253 13239 13239 13222 13213 13203 13166 13170 13178 0 0
