inst/extdata/modis/lst/modgrid/Lat43.00075Lon-78.78820Start2001-01-01End2013-12-31___MOD11A2/GRID_Lat43.00075Lon-78.78820Start2001-01-01End2013-12-31___MOD11A2_LST_Day_1km_A2006273.asc
ncols		 21
nrows		 21
xllcorner	 -6416881.12
yllcorner	 4772121.02
cellsize	 926.625433055834
NODATA_value	 0
14567 14571 14598 14617 14601 14628 14603 14593 14593 14350 14481 14534 14426 14455 14458 14433 14418 14421 14421 14389 14380
14521 14540 14564 14573 14527 14528 14550 14392 14382 14361 14401 14519 14437 14441 14412 14391 14393 14401 14395 14359 14373
14396 14449 14519 14499 14495 14489 14517 14517 14445 14439 14562 14591 14523 14513 14540 14455 14363 14365 14336 14333 14369
14333 14368 14416 14436 14466 14461 14457 14443 14451 14585 14583 14530 14520 14492 14452 14354 14366 14367 14362 14344 14358
14435 14397 14271 14387 14401 14408 14406 14420 14404 14405 14512 14496 14484 14446 14443 14452 14446 14431 14286 14417 14333
14529 14359 14340 14353 14296 14301 14340 14392 14400 14499 14493 14480 14466 14441 14470 14475 14436 14296 14436 14445 14440
14399 14397 14423 14382 14350 14372 14416 14395 14330 14304 14358 14402 14375 14510 14518 14512 14382 14526 14539 14488 14499
14361 14394 14401 14397 14412 14457 14397 14386 14314 14339 14396 14388 14441 14532 14528 14390 14529 14519 14522 14525 14408
14379 14403 14399 14425 14462 14446 14406 14426 14466 14464 14606 14542 14376 14411 14496 14546 14548 14532 14515 14406 14423
14395 14518 14424 14450 14462 14452 14563 14463 14581 14590 14605 14444 14427 14528 14526 14540 14527 14489 14374 14386 14421
14392 14410 14443 14547 14572 14556 14547 14558 14627 14621 14572 14561 14552 14535 14540 14547 14469 14360 14363 14401 14409
14423 14460 14578 14597 14605 14603 14610 14659 14639 14564 14555 14557 14550 14513 14550 14550 14376 14385 14493 14552 14517
14580 14593 14611 14605 14607 14616 14626 14661 14635 14594 14430 14582 14514 14574 14593 14425 14470 14596 14603 14561 14384
14599 14611 14608 14609 14599 14605 14619 14620 14593 14437 14418 14419 14540 14607 14600 14470 14496 14604 14477 14446 14406
14606 14603 14523 14521 14506 14498 14472 14504 14450 14421 14418 14422 14455 14479 14457 14471 14488 14461 14427 14395 14378
14622 14623 14529 14528 14513 14490 14447 14436 14431 14473 14480 14450 14482 14507 14517 14517 14465 14434 14387 14374 14351
14635 14565 14558 14562 14552 14490 14489 14498 14498 14491 14482 14498 14508 14470 14459 14421 14405 14379 14392 14390 14394
14574 14588 14609 14597 14564 14538 14518 14523 14523 14518 14513 14500 14457 14446 14429 14389 14408 14414 14416 14416 14411
14559 14575 14584 14580 14561 14556 14561 14565 14558 14542 14534 14497 14462 14445 14434 14402 14403 14411 14417 14405 14411
14582 14595 14589 14565 14567 14580 14592 14585 14608 14607 14531 14518 14513 14526 14480 14459 14450 14446 14446 14452 14445
14607 14605 14542 14592 14594 14607 14615 14616 14611 14533 14533 14533 14542 14498 14483 14470 14461 14452 14453 14453 14452
