inst/extdata/modis/lst/modgrid/Lat43.00075Lon-78.78820Start2001-01-01End2013-12-31___MOD11A2/GRID_Lat43.00075Lon-78.78820Start2001-01-01End2013-12-31___MOD11A2_LST_Day_1km_A2003201.asc
ncols		 21
nrows		 21
xllcorner	 -6416881.12
yllcorner	 4772121.02
cellsize	 926.625433055834
NODATA_value	 0
15282 15264 15262 15252 15244 15237 15200 15173 15135 15121 15113 15119 15109 15097 15062 15050 15034 15052 15059 15027 15015
14995 15040 15091 15114 15130 15114 15099 15074 15059 15030 15035 15092 15103 15113 15083 15056 15061 15069 15046 15041 15009
14890 14940 14946 14934 14922 14915 14934 14953 15030 15043 15103 15114 15140 15120 15094 15059 15048 15005 15006 15002 15006
14815 14857 14903 14914 14918 14901 14905 14966 15015 15115 15123 15133 15172 15196 15099 15073 15018 15008 14987 14996 15004
14980 15002 15011 14986 14922 14890 14854 14796 14886 15162 15223 15167 15152 15097 15085 15058 15024 14969 14979 14989 15002
15039 15060 15042 14981 14943 14905 14804 14826 15166 15217 15161 15130 15095 15105 15139 15089 14995 14991 14988 15031 15037
15064 15066 15053 15009 14960 14963 14984 15158 15208 15164 15130 15102 15147 15203 15176 15128 15055 15044 15080 15086 15094
15032 15019 15014 14985 14987 15006 15148 15195 15206 15173 15117 15145 15186 15177 15154 15100 15090 15114 15128 15146 15116
14985 15004 15015 15027 15051 15149 15176 15199 15176 15135 15169 15187 15169 15155 15166 15182 15193 15177 15153 15127 15115
14982 14983 15077 15113 15226 15222 15226 15203 15183 15251 15257 15196 15200 15212 15211 15212 15174 15149 15134 15127 15109
14992 15071 15117 15233 15249 15259 15258 15256 15307 15302 15235 15224 15215 15216 15220 15176 15146 15147 15155 15179 15129
15079 15102 15164 15193 15216 15292 15310 15359 15343 15285 15255 15220 15204 15196 15255 15265 15220 15213 15214 15170 15124
15202 15255 15279 15290 15319 15328 15381 15372 15336 15303 15260 15229 15211 15247 15249 15083 15088 15233 15200 15176 15074
15279 15316 15334 15328 15335 15378 15368 15342 15293 15244 15217 15206 15216 15222 15079 15086 15242 15204 15180 15120 15096
15345 15358 15303 15299 15319 15311 15289 15266 15239 15215 15206 15189 15186 15202 15203 15206 15231 15234 15122 15098 15028
15431 15370 15358 15354 15323 15279 15255 15239 15221 15218 15244 15240 15223 15223 15222 15225 15234 15103 15084 15008 14991
15403 15388 15383 15357 15308 15272 15256 15255 15250 15247 15230 15196 15196 15203 15196 15198 15051 15040 15008 15010 15007
15389 15384 15386 15384 15338 15308 15285 15275 15267 15240 15192 15147 15118 15104 15095 15014 15004 14976 15006 15023 14996
15347 15382 15378 15319 15295 15279 15278 15279 15263 15248 15215 15193 15181 15145 15075 15017 14984 15005 15029 15004 14997
15378 15373 15307 15268 15248 15255 15279 15297 15290 15258 15232 15221 15189 15126 15041 15011 15006 15006 15014 15023 15018
15375 15372 15307 15274 15295 15301 15317 15309 15282 15257 15256 15255 15223 15125 15076 15037 15017 15006 15012 15017 15012
