inst/extdata/modis/lst/modgrid/Lat43.00075Lon-78.78820Start2001-01-01End2013-12-31___MOD11A2/GRID_Lat43.00075Lon-78.78820Start2001-01-01End2013-12-31___MOD11A2_LST_Day_1km_A2010273.asc
ncols		 21
nrows		 21
xllcorner	 -6416881.12
yllcorner	 4772121.02
cellsize	 926.625433055834
NODATA_value	 0
14728 14704 14696 14706 14714 14699 14681 14683 14679 14653 14648 14666 14651 14644 14624 14578 14581 14605 14605 14593 14584
14618 14636 14649 14650 14653 14649 14633 14614 14601 14602 14634 14652 14659 14657 14639 14614 14609 14605 14592 14581 14572
14556 14567 14569 14568 14568 14566 14572 14590 14593 14592 14612 14633 14652 14667 14650 14627 14596 14586 14578 14570 14593
14520 14536 14544 14543 14544 14546 14576 14614 14640 14669 14671 14677 14696 14667 14638 14602 14587 14567 14553 14557 14568
14574 14583 14595 14564 14547 14549 14573 14609 14657 14705 14704 14708 14650 14640 14625 14623 14565 14532 14533 14565 14572
14623 14643 14614 14581 14553 14531 14589 14644 14728 14716 14690 14613 14630 14649 14690 14625 14567 14534 14581 14594 14605
14642 14647 14651 14629 14542 14590 14635 14714 14731 14706 14631 14643 14672 14712 14687 14613 14567 14611 14609 14587 14612
14608 14609 14605 14590 14614 14636 14681 14729 14717 14680 14654 14673 14705 14708 14656 14624 14637 14639 14637 14643 14633
14604 14609 14627 14647 14668 14694 14729 14717 14694 14676 14710 14711 14683 14684 14694 14701 14688 14671 14647 14647 14654
14615 14642 14658 14687 14713 14735 14730 14725 14727 14751 14755 14734 14717 14709 14720 14737 14666 14618 14627 14657 14661
14624 14654 14712 14740 14756 14750 14749 14756 14773 14764 14739 14725 14707 14701 14715 14714 14677 14664 14685 14718 14711
14659 14696 14712 14750 14761 14770 14788 14808 14798 14767 14726 14713 14702 14732 14749 14742 14733 14732 14750 14744 14695
14714 14740 14756 14774 14786 14804 14818 14810 14794 14750 14736 14729 14747 14762 14747 14721 14722 14749 14765 14703 14650
14751 14776 14793 14798 14801 14807 14806 14796 14769 14752 14737 14720 14733 14743 14738 14713 14740 14757 14688 14660 14647
14791 14799 14787 14791 14801 14797 14779 14744 14734 14730 14724 14708 14718 14730 14714 14730 14735 14697 14667 14647 14601
14822 14804 14796 14799 14784 14757 14735 14742 14738 14735 14577 14567 14568 14731 14743 14748 14741 14664 14627 14586 14566
14802 14796 14791 14786 14768 14749 14748 14740 14734 14580 14571 14588 14622 14610 14707 14704 14646 14615 14592 14588 14585
14788 14780 14798 14796 14782 14764 14765 14758 14754 14736 14604 14595 14591 14681 14669 14626 14586 14584 14603 14597 14587
14782 14800 14810 14799 14769 14771 14771 14765 14765 14641 14625 14617 14635 14618 14574 14572 14572 14580 14596 14588 14585
14800 14810 14791 14753 14750 14765 14774 14782 14660 14648 14652 14676 14677 14644 14641 14602 14585 14584 14590 14589 14590
14811 14806 14779 14755 14773 14799 14813 14813 14790 14676 14675 14673 14636 14592 14561 14612 14591 14580 14579 14585 14569
