inst/extdata/modis/lst/modgrid/Lat43.00075Lon-78.78820Start2001-01-01End2013-12-31___MOD11A2/GRID_Lat43.00075Lon-78.78820Start2001-01-01End2013-12-31___MOD11A2_LST_Day_1km_A2012121.asc
ncols		 21
nrows		 21
xllcorner	 -6416881.12
yllcorner	 4772121.02
cellsize	 926.625433055834
NODATA_value	 0
15011 15049 15071 15047 15037 15029 14996 14941 14932 14834 14831 14862 14849 14828 14772 14731 14686 14710 14721 14624 14588
14335 14839 14896 14928 14928 14738 14835 14888 14841 14822 14802 14817 14828 14824 14799 14705 14687 14732 14709 14653 14652
14302 14317 14357 14392 14585 14536 14572 14635 14653 14811 14826 14830 14783 14796 14788 14771 14744 14724 14722 14714 14663
14367 14484 14468 14511 14415 14444 14536 14551 14650 14797 14848 14829 14840 14832 14823 14786 14755 14720 14709 14673 14667
14613 14678 14745 14691 14454 14381 14399 14540 14729 14875 14887 14883 14851 14868 14842 14828 14752 14712 14669 14672 14663
14715 14776 14772 14630 14608 14484 14510 14611 14889 14910 14884 14846 14866 14882 14886 14815 14750 14672 14699 14706 14712
14745 14786 14761 14744 14640 14595 14615 14820 14937 14912 14846 14880 14936 14982 14928 14806 14780 14762 14762 14757 14735
14796 14731 14746 14710 14674 14651 14810 14947 14947 14890 14903 14916 14985 14951 14879 14838 14839 14810 14792 14755 14758
14751 14753 14732 14712 14693 14840 14954 14963 14940 14945 14956 15002 14947 14924 14910 14883 14860 14853 14835 14804 14752
14731 14634 14707 14745 14916 14992 15024 14999 14981 15004 15067 14993 14972 14989 14976 14956 14888 14866 14776 14768 14729
14644 14763 14856 14977 15016 15042 15034 15030 15083 15100 15035 15010 14983 14931 14955 14965 14849 14775 14798 14802 14739
14762 14831 14961 15006 15039 15064 15084 15132 15145 15073 15037 15017 14975 14986 15045 14989 14969 14865 14833 14789 14761
14911 14968 15005 15014 15063 15092 15142 15164 15133 15072 15044 15016 15020 15024 15007 14987 14867 14844 14912 14863 14772
14998 15050 15042 15050 15073 15117 15132 15122 15061 15048 15027 15002 15011 15089 15034 14953 14928 14911 14823 14767 14747
15069 15047 15026 15037 15054 15085 15085 15038 15018 14999 14973 14972 15023 15001 14953 14938 15014 14793 14754 14747 14705
15053 15024 15018 15034 15061 15047 15022 15024 15020 15002 14992 14977 14957 14950 14945 14848 14825 14783 14705 14664 14637
15049 15013 15028 15051 15032 15008 15030 15024 15008 15012 14998 14950 14937 14876 14795 14769 14713 14660 14635 14625 14649
14979 15009 15056 15069 15056 15039 15027 15012 15022 15014 14957 14889 14839 14781 14730 14636 14594 14585 14622 14665 14683
15001 15044 15056 15034 14984 14996 15006 15018 15021 15021 14999 14909 14793 14704 14583 14554 14522 14609 14650 14679 14682
15062 15054 15023 14959 14970 14993 15016 15036 15040 15006 14922 14824 14739 14673 14613 14613 14601 14618 14676 14696 14697
15066 15032 14970 14961 15003 15032 15064 15042 14980 14894 14851 14798 14731 14644 14627 14623 14632 14655 14693 14725 14707
