inst/extdata/modis/lst/modgrid/Lat43.00075Lon-78.78820Start2001-01-01End2013-12-31___MOD11A2/GRID_Lat43.00075Lon-78.78820Start2001-01-01End2013-12-31___MOD11A2_LST_Day_1km_A2012225.asc
ncols		 21
nrows		 21
xllcorner	 -6416881.12
yllcorner	 4772121.02
cellsize	 926.625433055834
NODATA_value	 0
15095 15174 15120 15145 15145 15137 15098 15146 15092 15112 15167 15107 15079 15142 15155 15133 15096 14954 14870 14909 14811
15010 14889 14977 15028 15033 14953 14923 14931 15019 14981 14952 14974 15023 15056 15167 15120 15094 14864 14893 14916 14840
14708 14736 14807 14958 14775 14785 14678 14828 14879 14902 14995 15025 15051 15055 15152 15097 15034 14923 14926 14929 14840
14703 14682 14757 14738 14781 14646 14704 14771 14865 14981 15068 15102 15119 15134 15100 15057 14956 14872 14895 14922 14981
14785 14841 14900 14761 14763 14985 14747 14844 14990 15138 15165 15130 15122 15068 15055 15043 14892 14857 14887 14922 14917
14893 14966 15002 15014 14896 14864 14834 14973 15077 15190 15040 14998 15078 15077 15078 14936 14854 14885 14925 14940 14933
15029 15035 15065 15006 14936 14908 14944 15086 15201 15132 15043 15044 15058 15063 14956 14907 14927 14948 14919 14907 14868
14956 14995 14980 14973 14946 14954 15094 15132 15118 15080 15031 15032 15078 15072 14923 14959 14975 14886 14712 14630 14570
14926 14980 14989 14991 14987 15044 15039 15091 15121 15094 15121 15114 15079 15053 15007 14975 14920 14665 14630 14545 0
14927 14970 15037 15105 15099 15130 15129 15191 15163 15178 15138 15065 14971 15097 15076 14991 14760 0 0 0 0
14999 15132 15217 15276 15287 15266 15249 15227 15169 15225 15201 15113 15037 15037 14638 15183 14837 14490 14490 0 0
15153 15211 15263 15294 15291 15262 15206 15211 15278 15220 15124 15057 14828 14707 14911 14953 14971 15388 15322 15365 15229
15252 15268 15281 15259 15262 15209 15296 15367 15313 15136 14967 14874 14897 15009 15060 15076 15067 15384 15394 15345 15270
15233 15246 15167 15189 15293 15378 15360 15338 15137 15123 15085 15202 15095 15108 15108 15076 15476 15473 15401 15319 15256
15105 15040 15265 15164 15258 15363 15186 15123 15186 15174 15247 15238 15103 15111 15383 15429 15502 15234 15203 15179 15106
15044 15164 15299 15309 15357 15313 15088 15174 15285 15274 15254 15375 15417 15272 15461 15477 15241 15201 15164 15107 15063
15218 15399 15532 15346 15332 15197 15168 15283 15294 15289 15388 15256 15256 15230 15243 15182 15154 15121 15096 15117 15108
15408 15407 15394 15392 15536 15311 15302 15310 15326 15495 15273 15251 15229 15221 15119 15107 15105 15099 15098 15021 14981
15402 15391 15378 15568 15529 15508 15507 15530 15518 15482 15269 15246 15223 15099 15042 15021 15027 15025 15033 15019 14979
15339 15324 15297 15280 15553 15529 15516 15519 15245 15455 15391 15192 15226 15184 15137 15093 15059 15047 15035 15035 15040
15310 15292 15271 15526 15517 15540 15539 15253 15220 15132 15294 15275 15272 15223 15177 15068 15062 15065 15052 15040 14851
