inst/extdata/modis/lst/modgrid/Lat43.00075Lon-78.78820Start2001-01-01End2013-12-31___MOD11A2/GRID_Lat43.00075Lon-78.78820Start2001-01-01End2013-12-31___MOD11A2_LST_Day_1km_A2013169.asc
ncols		 21
nrows		 21
xllcorner	 -6416881.12
yllcorner	 4772121.02
cellsize	 926.625433055834
NODATA_value	 0
15249 15250 15268 15293 15298 15292 15244 15168 15207 15131 15128 15140 15121 15099 15071 15031 15031 15059 15027 15018 14988
15080 15101 15107 15094 15098 15121 15089 15085 15056 15049 15091 15104 15114 15130 15117 15090 15060 15020 15000 15020 14982
14848 14883 14890 14873 14867 14868 14934 14993 14988 15012 15058 15080 15119 15147 15146 15085 15027 15002 14987 14979 14988
14744 14798 14817 14821 14803 14783 14806 14886 14991 15093 15105 15156 15204 15191 15124 15051 15015 14965 14945 14973 14978
14945 14965 14974 14933 14876 14819 14803 14915 15086 15173 15220 15223 15180 15160 15088 15070 14988 14928 14952 14969 14979
15053 15059 15028 14986 14925 14857 14843 14989 15123 15272 15188 15129 15108 15129 15159 15070 14967 14944 15003 15044 15064
15086 15093 15070 15018 14952 14954 14952 15093 15247 15179 15118 15113 15165 15206 15165 15048 15004 15063 15092 15098 15087
15039 15034 15020 14991 15011 14987 15102 15256 15223 15171 15126 15157 15188 15208 15122 15069 15088 15094 15103 15101 15071
15008 15023 15039 15046 15042 15164 15263 15205 15170 15143 15167 15158 15154 15125 15143 15170 15156 15137 15132 15124 15140
14977 14991 15043 15125 15254 15306 15285 15241 15231 15248 15211 15180 15167 15210 15230 15206 15153 15147 15157 15147 15161
14986 15080 15178 15275 15330 15330 15325 15339 15358 15327 15296 15294 15231 15202 15209 15217 15200 15161 15173 15207 15156
15102 15168 15280 15337 15348 15372 15384 15400 15435 15347 15312 15245 15199 15220 15266 15258 15233 15222 15270 15226 15169
15272 15305 15358 15364 15396 15428 15444 15529 15427 15331 15277 15250 15254 15325 15277 15246 15236 15284 15235 15193 15076
15368 15431 15415 15399 15429 15462 15502 15415 15330 15286 15263 15236 15279 15284 15242 15232 15282 15276 15165 15093 15072
15463 15449 15410 15410 15412 15394 15369 15302 15282 15253 15222 15223 15251 15250 15240 15264 15362 15189 15106 15098 15027
15502 15456 15431 15442 15397 15316 15285 15285 15275 15261 15236 15235 15289 15275 15312 15354 15233 15151 15081 14991 14949
15483 15457 15443 15441 15343 15302 15275 15269 15312 15290 15263 15258 15204 15218 15253 15162 15103 15075 15023 14991 14983
15454 15453 15469 15382 15341 15319 15354 15339 15350 15314 15254 15191 15150 15132 15108 15048 15013 15013 15016 15008 14999
15453 15489 15494 15423 15371 15363 15362 15379 15399 15355 15275 15206 15165 15131 15032 14965 14933 14957 14996 14997 14981
15477 15485 15415 15298 15303 15377 15398 15429 15450 15416 15285 15267 15211 15156 15099 15041 14991 15000 15018 15048 15009
15486 15386 15331 15320 15338 15452 15466 15477 15438 15315 15304 15296 15225 15165 15084 15019 15022 15004 14987 14992 14961
