inst/extdata/modis/lst/modgrid/Lat43.00075Lon-78.78820Start2001-01-01End2013-12-31___MOD11A2/GRID_Lat43.00075Lon-78.78820Start2001-01-01End2013-12-31___MOD11A2_LST_Day_1km_A2013257.asc
ncols		 21
nrows		 21
xllcorner	 -6416881.12
yllcorner	 4772121.02
cellsize	 926.625433055834
NODATA_value	 0
14788 14779 14771 14776 14766 14732 14698 14686 14697 14726 14705 14687 14676 14671 14645 14608 14645 14660 14656 14653 14640
14736 14763 14731 14720 14702 14653 14640 14626 14632 14648 14652 14660 14672 14675 14669 14670 14656 14644 14640 14652 14651
14589 14607 14603 14689 14604 14608 14607 14610 14602 14604 14616 14635 14659 14680 14712 14678 14648 14638 14641 14647 14657
14554 14537 14540 14548 14639 14566 14581 14594 14618 14638 14636 14793 14707 14738 14697 14666 14646 14625 14608 14628 14642
14573 14572 14575 14563 14555 14644 14577 14616 14686 14841 14851 14723 14737 14711 14690 14684 14645 14594 14610 14626 14647
14595 14620 14621 14613 14588 14580 14596 14660 14741 14752 14728 14724 14720 14745 14757 14711 14640 14643 14681 14709 14717
14638 14651 14656 14637 14607 14641 14656 14745 14764 14740 14729 14724 14764 14785 14762 14710 14679 14713 14728 14736 14741
14628 14630 14631 14632 14674 14686 14757 14791 14790 14779 14762 14785 14807 14813 14779 14739 14753 14762 14777 14783 14764
14617 14635 14668 14714 14718 14757 14797 14797 14792 14793 14812 14820 14812 14798 14800 14806 14803 14794 14798 14798 14801
14649 14672 14704 14743 14773 14799 14806 14836 14854 14867 14868 14856 14858 14850 14841 14833 14810 14765 14776 14799 14814
14670 14709 14761 14787 14813 14824 14864 14902 14908 14907 14887 14881 14870 14852 14845 14846 14822 14818 14828 14848 14841
14722 14768 14794 14817 14861 14905 14933 14948 14968 14928 14904 14892 14873 14871 14893 14891 14880 14875 14906 14897 14837
14790 14827 14837 14874 14919 14934 14960 14979 14959 14928 14913 14894 14892 14901 14902 14885 14878 14915 14911 14855 14803
14854 14875 14895 14924 14932 14952 14967 14948 14930 14919 14891 14876 14891 14918 14889 14878 14907 14898 14847 14813 14788
14884 14906 14926 14925 14933 14932 14906 14897 14889 14876 14867 14865 14893 14895 14883 14906 14929 14887 14825 14791 14765
14945 14956 14946 14954 14939 14911 14898 14891 14880 14883 14877 14877 14892 14921 14921 14938 14902 14839 14777 14734 14712
14976 14961 14956 14958 14932 14913 14907 14899 14901 14895 14882 14886 14906 14888 14891 14862 14827 14781 14765 14744 14726
14951 14950 14963 14965 14954 14938 14922 14922 14927 14928 14908 14889 14862 14844 14811 14788 14758 14768 14765 14759 14745
14948 14965 14980 14973 14950 14945 14941 14956 14968 14965 14951 14912 14886 14853 14796 14736 14739 14754 14767 14764 14744
14969 14975 14960 14934 14939 14950 14965 14977 14994 14984 14943 14930 14917 14888 14861 14815 14773 14775 14785 14806 14781
14981 14988 14964 14960 14967 14993 15010 15030 15013 14985 14981 14975 14941 14895 14847 14803 14780 14774 14757 14755 14746
