inst/extdata/modis/lst/modgrid/Lat43.00075Lon-78.78820Start2001-01-01End2013-12-31___MOD11A2/GRID_Lat43.00075Lon-78.78820Start2001-01-01End2013-12-31___MOD11A2_LST_Day_1km_A2011257.asc
ncols		 21
nrows		 21
xllcorner	 -6416881.12
yllcorner	 4772121.02
cellsize	 926.625433055834
NODATA_value	 0
14767 14777 14782 14766 14747 14743 14741 14724 14745 14732 14715 14711 14706 14699 14679 14650 14657 14704 14702 14689 14623
14622 14646 14661 14683 14664 14671 14681 14651 14684 14676 14694 14695 14698 14685 14679 14683 14710 14695 14687 14633 14626
14547 14575 14597 14677 14605 14618 14610 14611 14632 14638 14640 14674 14668 14682 14696 14671 14643 14593 14590 14594 14674
14523 14539 14554 14566 14584 14575 14612 14628 14652 14667 14688 14708 14678 14698 14637 14603 14578 14568 14567 14654 14662
14572 14592 14593 14567 14555 14607 14597 14644 14699 14745 14731 14719 14668 14656 14627 14590 14562 14564 14604 14635 14646
14659 14625 14616 14609 14596 14589 14628 14699 14765 14756 14709 14645 14670 14687 14609 14590 14617 14567 14621 14658 14613
14622 14642 14656 14645 14589 14610 14675 14749 14761 14683 14654 14693 14704 14693 14752 14694 14588 14661 14658 14664 14659
14625 14635 14635 14622 14640 14692 14733 14767 14735 14707 14687 14672 14690 14679 14684 14670 14678 14687 14690 14661 14690
14616 14621 14632 14674 14717 14749 14755 14778 14714 14688 14689 14684 14678 14695 14653 14701 14684 14696 14678 14787 14692
14644 14644 14672 14734 14747 14742 14767 14750 14726 14718 14730 14724 14715 14668 14711 14681 14649 14667 14687 14654 14682
14660 14688 14783 14741 14780 14792 14744 14771 14823 14798 14717 14720 14715 14769 14694 14662 14705 14651 14729 14666 14664
14743 14785 14771 14829 14801 14806 14833 14848 14818 14839 14826 14724 14733 14721 14760 14721 14729 14843 14722 14723 14641
14813 14858 14883 14876 14880 14916 14944 14947 14905 14936 14756 14720 14729 14755 14847 14731 14869 14755 14881 14772 14717
14874 14880 14874 14900 14908 14910 14957 14937 14928 14743 14744 14736 14801 14846 14814 14855 14785 14780 14839 14715 14634
14925 14900 14912 14905 14894 14867 14826 14860 14704 14660 14653 14664 14670 14744 14677 14822 14772 14760 14748 14731 14620
14924 14897 14881 14893 14764 14737 14734 14700 14637 14662 14749 14668 14747 14778 14804 14964 14871 14774 14753 14699 14673
14877 14869 14891 14758 14725 14748 14720 14727 14800 14778 14707 14719 14864 14848 14843 14880 14730 14719 14700 14690 14690
14784 14888 14907 14878 14750 14721 14725 14734 14767 14753 14737 14721 14686 14784 14750 14664 14672 14685 14696 14694 14684
14826 14856 14931 14744 14727 14726 14737 14784 14797 14798 14771 14733 14794 14781 14731 14705 14667 14702 14701 14698 14766
14909 14896 14879 14758 14778 14783 14812 14789 14821 14800 14772 14934 14857 14734 14692 14741 14706 14686 14713 14783 14765
14951 14922 14747 14755 14794 14860 14806 14857 14922 14855 14922 14794 14761 14698 14654 14637 14684 14683 14689 14724 14730
