inst/extdata/modis/lst/modgrid/Lat43.00075Lon-78.78820Start2001-01-01End2013-12-31___MOD11A2/GRID_Lat43.00075Lon-78.78820Start2001-01-01End2013-12-31___MOD11A2_LST_Day_1km_A2009209.asc
ncols		 21
nrows		 21
xllcorner	 -6416881.12
yllcorner	 4772121.02
cellsize	 926.625433055834
NODATA_value	 0
15199 15212 15217 15234 15259 15231 15165 15150 15119 15103 15087 15101 15091 15079 15051 14985 14986 14997 15001 14981 14952
15024 15086 15117 15162 15140 15035 14981 15039 15035 15032 15060 15089 15113 15112 15081 15050 15036 15030 15004 14985 14980
14857 14898 14902 14895 14862 14867 14946 14967 14971 14999 15038 15061 15094 15119 15112 15059 15023 14980 14972 14978 14978
14814 14858 14814 14823 14853 14844 14867 14938 15020 15094 15101 15137 15172 15160 15080 15025 14978 14960 14950 14965 14959
14958 14914 14926 14943 14894 14861 14850 14927 15092 15174 15201 15208 15161 15098 15067 15044 14989 14934 14929 14956 14960
14965 14976 15015 14989 14944 14903 14920 15038 15185 15219 15173 15070 15065 15104 15131 15071 14970 14937 15011 15024 15045
15050 15061 15062 15016 14960 14963 15006 15162 15245 15202 15086 15081 15154 15199 15140 15038 14994 15060 15069 15077 15064
15033 15032 15015 14998 15008 15015 15112 15237 15218 15143 15100 15145 15198 15187 15116 15055 15065 15086 15106 15100 15050
15004 15014 15040 15046 15061 15136 15237 15218 15166 15133 15165 15193 15160 15147 15139 15155 15151 15134 15130 15115 15137
14995 15009 15049 15129 15206 15256 15240 15230 15240 15271 15271 15213 15205 15217 15220 15198 15146 15072 15095 15137 15133
15012 15089 15186 15243 15278 15274 15252 15273 15314 15310 15250 15232 15211 15177 15197 15194 15183 15167 15162 15156 15111
15096 15184 15228 15261 15268 15291 15315 15358 15362 15290 15244 15218 15172 15207 15249 15266 15232 15223 15242 15216 15067
15213 15260 15288 15301 15323 15346 15378 15402 15360 15309 15259 15214 15240 15272 15280 15225 15218 15247 15254 15102 15061
15299 15334 15333 15329 15338 15359 15398 15361 15322 15275 15238 15216 15231 15276 15231 15187 15238 15234 15140 15092 15085
15349 15345 15326 15318 15316 15336 15317 15287 15257 15233 15208 15202 15252 15233 15177 15184 15240 15161 15111 15110 15041
15359 15346 15341 15338 15331 15294 15264 15253 15244 15234 15222 15238 15207 15198 15212 15241 15182 15142 15098 15002 14968
15362 15362 15355 15357 15304 15267 15257 15244 15247 15242 15224 15208 15174 15190 15193 15135 15113 15073 15010 14980 14978
15373 15370 15378 15364 15336 15267 15272 15263 15269 15258 15236 15184 15147 15124 15074 15024 14996 15002 15016 15000 14986
15372 15385 15384 15349 15258 15264 15256 15266 15245 15287 15247 15204 15149 15129 15013 14955 14943 14929 14946 14968 14970
15393 15393 15335 15248 15266 15309 15275 15257 15317 15272 15259 15246 15229 15140 15031 15017 14986 14941 14955 14980 14966
15413 15347 15337 15287 15331 15350 15346 15349 15310 15287 15257 15244 15197 15099 15051 14984 14945 14956 14963 14929 14919
