inst/extdata/modis/lst/modgrid/Lat43.00075Lon-78.78820Start2001-01-01End2013-12-31___MOD11A2/GRID_Lat43.00075Lon-78.78820Start2001-01-01End2013-12-31___MOD11A2_LST_Day_1km_A2006113.asc
ncols		 21
nrows		 21
xllcorner	 -6416881.12
yllcorner	 4772121.02
cellsize	 926.625433055834
NODATA_value	 0
14832 14840 14851 14846 14854 14849 14832 14797 14796 14769 14760 14772 14765 14760 14744 14693 14694 14706 14709 14699 14688
14590 14690 14728 14747 14737 14726 14710 14736 14729 14719 14737 14762 14778 14778 14756 14722 14716 14716 14710 14700 14686
14351 14359 14386 14501 14482 14519 14561 14626 14668 14684 14725 14742 14765 14773 14762 14730 14709 14693 14683 14677 14684
14377 14426 14410 14398 14447 14399 14436 14553 14641 14753 14787 14804 14808 14801 14733 14701 14687 14665 14655 14674 14708
14583 14599 14620 14590 14531 14504 14426 14520 14711 14807 14837 14840 14822 14759 14729 14718 14683 14645 14660 14697 14711
14724 14738 14725 14692 14633 14555 14522 14648 14775 14843 14815 14782 14748 14757 14766 14733 14664 14659 14687 14713 14726
14737 14740 14737 14706 14663 14616 14611 14726 14844 14829 14787 14757 14798 14837 14819 14734 14710 14710 14750 14741 14733
14731 14726 14728 14717 14691 14626 14712 14814 14833 14797 14771 14794 14831 14835 14794 14767 14757 14769 14768 14764 14749
14706 14705 14709 14703 14653 14756 14819 14845 14809 14787 14809 14835 14820 14802 14824 14823 14816 14809 14804 14794 14780
14669 14650 14671 14737 14835 14870 14884 14868 14864 14869 14875 14848 14831 14837 14846 14842 14807 14762 14775 14774 14780
14624 14745 14815 14868 14891 14884 14877 14890 14917 14920 14879 14855 14825 14817 14831 14844 14826 14818 14813 14827 14800
14789 14842 14861 14883 14892 14900 14921 14956 14964 14915 14877 14833 14818 14839 14863 14862 14852 14849 14867 14851 14801
14865 14887 14910 14918 14928 14946 14970 14985 14948 14915 14869 14843 14843 14866 14872 14858 14857 14881 14871 14814 14759
14917 14948 14950 14948 14952 14963 14974 14945 14920 14887 14859 14839 14858 14876 14859 14845 14871 14870 14818 14779 14750
14975 14975 14952 14943 14952 14955 14918 14895 14873 14863 14847 14837 14865 14863 14845 14871 14878 14848 14799 14771 14733
14998 14971 14962 14960 14937 14890 14881 14874 14879 14875 14868 14854 14861 14863 14877 14899 14883 14816 14749 14726 14706
14990 14978 14973 14949 14911 14895 14890 14889 14884 14882 14865 14853 14859 14862 14850 14827 14775 14714 14727 14723 14717
14974 14978 14978 14975 14931 14908 14898 14890 14896 14883 14857 14842 14840 14829 14799 14742 14708 14725 14743 14748 14725
14970 14989 14990 14936 14902 14894 14890 14902 14903 14900 14892 14871 14840 14797 14722 14680 14679 14712 14732 14715 14707
14982 14981 14940 14885 14876 14892 14912 14922 14943 14921 14905 14881 14865 14814 14757 14724 14711 14710 14719 14719 14712
15011 14980 14922 14901 14916 14934 14944 14960 14940 14920 14904 14904 14867 14807 14770 14728 14724 14718 14713 14715 14708
