inst/extdata/modis/lst/modgrid/Lat43.00075Lon-78.78820Start2001-01-01End2013-12-31___MOD11A2/GRID_Lat43.00075Lon-78.78820Start2001-01-01End2013-12-31___MOD11A2_LST_Day_1km_A2004033.asc
ncols		 21
nrows		 21
xllcorner	 -6416881.12
yllcorner	 4772121.02
cellsize	 926.625433055834
NODATA_value	 0
13425 13424 13425 13417 13417 13406 13403 13393 13393 13389 13390 13388 13355 13359 13364 13368 13370 13368 13358 13347 13335
13519 13489 13439 13465 13467 13459 13438 13401 13382 13379 13376 13357 13354 13356 13356 13359 13363 13367 13353 13343 13341
13553 13550 13540 13513 13503 13524 13517 13443 13415 13377 13362 13362 13363 13361 13357 13355 13355 13345 13343 13351 13375
13497 13537 13537 13475 13477 13493 13474 13466 13418 13397 13379 13367 13365 13366 13365 13366 13362 13343 13347 13352 13359
13390 13407 13417 13452 13483 13484 13491 13485 13445 13393 13377 13375 13366 13366 13391 13428 13421 13364 13350 13348 13345
13371 13366 13377 13397 13427 13470 13515 13499 13428 13409 13382 13366 13365 13390 13411 13420 0 0 13371 13364 13355
13359 13372 13378 13380 13391 13412 13446 13428 13418 13387 13379 13376 13387 13396 13400 0 0 13374 13374 13372 13363
13308 13309 13373 13393 13400 13430 13443 13432 13391 13383 13380 13381 13382 13391 0 13374 13374 0 13371 13367 13364
13322 13385 13394 13397 13431 13439 13424 13388 13385 13383 13385 13386 13391 0 13377 13379 13380 13373 13372 13372 13366
13414 13412 13406 13422 13432 13409 13393 13390 13387 13388 13393 13393 13392 13381 13381 13382 13386 13372 13372 13370 13370
13416 13405 13401 13402 13403 13392 13391 13388 13388 13394 13393 13391 13381 13379 13380 0 13372 13372 13372 13371 13364
13396 13395 13397 0 0 0 13387 13387 0 0 13384 13383 13380 13375 13371 0 0 13372 13372 0 13342
13394 13394 0 0 0 0 0 0 0 13384 13384 13381 13374 13371 13371 0 0 0 0 13342 13342
0 0 13399 13399 0 0 0 13375 13375 0 13367 13364 13366 13371 0 0 0 0 0 0 0
0 13399 13399 13399 0 0 13375 13375 13375 13363 13361 13361 0 0 0 0 0 0 0 0 0
13421 13411 13402 0 0 13375 13375 13375 0 0 13361 0 0 0 0 0 0 0 0 0 0
13431 13431 0 0 0 0 0 0 0 0 0 0 0 0 0 0 0 0 0 0 0
13431 0 0 0 0 0 0 0 0 0 0 0 0 0 0 0 0 0 0 0 0
0 0 0 0 0 0 0 0 0 0 0 0 0 0 0 0 0 0 0 0 0
0 0 0 0 0 0 0 0 0 0 0 0 0 0 0 0 0 0 0 0 0
0 0 0 0 0 0 0 0 0 0 0 0 0 0 0 0 0 0 0 0 0
