inst/extdata/modis/lst/modgrid/Lat43.00075Lon-78.78820Start2001-01-01End2013-12-31___MOD11A2/GRID_Lat43.00075Lon-78.78820Start2001-01-01End2013-12-31___MOD11A2_LST_Day_1km_A2013089.asc
ncols		 21
nrows		 21
xllcorner	 -6416881.12
yllcorner	 4772121.02
cellsize	 926.625433055834
NODATA_value	 0
14181 14238 14236 14242 14474 14478 14328 14286 14277 14253 14262 14367 14356 14336 14328 14278 14267 14282 14258 14311 14307
14022 14118 14221 14243 14377 14282 14224 14236 14226 14218 14236 14325 14335 14342 14335 14282 14269 14311 14304 14307 14293
13830 13952 13924 14043 13956 14026 14065 14127 14165 14195 14195 14217 14342 14345 14331 14357 14317 14299 14188 14179 14183
13872 13900 13896 13930 14006 13959 14004 14071 14154 14208 14222 14355 14364 14356 14320 14319 14284 14155 14150 14180 14218
14114 14131 14118 14078 14031 13984 13969 14005 14152 14344 14388 14383 14343 14316 14331 14175 14134 14096 14134 14206 14214
14172 14188 14176 14161 14129 14051 13978 14090 14260 14372 14354 14285 14330 14351 14275 14228 14137 14129 14216 14228 14243
14061 14161 14163 14175 14129 14040 14102 14212 14371 14347 14247 14261 14284 14313 14307 14218 14195 14243 14247 14259 14252
14050 14058 14163 14166 14150 14111 14123 14300 14347 14292 14269 14285 14323 14325 14279 14241 14262 14268 14279 14282 14169
14221 14240 14280 14166 14172 14203 14296 14410 14394 14381 14408 14319 14295 14282 14283 14299 14300 14298 14289 14189 14175
14205 14220 14161 14209 14268 14320 14435 14425 14428 14471 14369 14347 14312 14309 14316 14314 14293 14238 14267 14192 14200
14107 14187 14277 14317 14357 14354 14356 14381 14408 14397 14453 14435 14294 14283 14303 14307 14284 14299 14308 14321 14432
14205 14266 14298 14331 14351 14375 14411 14435 14440 14394 14357 14426 14383 14422 14454 14467 14461 14464 14480 14467 14394
14267 14311 14343 14368 14391 14425 14446 14456 14422 14387 14364 14423 14443 14472 14485 14464 14457 14489 14489 14402 14355
14314 14365 14390 14401 14419 14441 14449 14419 14391 14372 14447 14438 14473 14500 14479 14446 14475 14459 14401 14356 14342
14465 14403 14409 14416 14421 14429 14403 14389 14471 14461 14456 14455 14488 14474 14451 14463 14460 14411 14373 14354 14310
14530 14434 14428 14425 14413 14391 14390 14481 14489 14496 14494 14479 14467 14469 14452 14458 14456 14387 14342 14285 14281
14432 14419 14414 14398 14375 14379 14490 14495 14495 14489 14461 14455 14475 14417 14259 14408 14329 14298 14292 14295 14270
14387 14393 14402 14415 14407 14506 14495 14487 14473 14445 14380 14452 14333 14357 14361 14303 14273 14279 14287 14278 14267
14363 14375 14540 14522 14485 14478 14473 14460 14452 14414 14412 14400 14398 14378 14323 14269 14248 14250 14325 14301 14293
14375 14540 14512 14463 14452 14450 14458 14458 14458 14455 14433 14452 14430 14369 14327 14365 14344 14331 14247 14239 14239
14547 14525 14487 14454 14460 14479 14494 14508 14492 14464 14478 14462 14435 14422 14363 14336 14242 14240 14244 14260 14257
