inst/extdata/modis/lst/modgrid/Lat43.00075Lon-78.78820Start2001-01-01End2013-12-31___MOD11A2/GRID_Lat43.00075Lon-78.78820Start2001-01-01End2013-12-31___MOD11A2_LST_Day_1km_A2005057.asc
ncols		 21
nrows		 21
xllcorner	 -6416881.12
yllcorner	 4772121.02
cellsize	 926.625433055834
NODATA_value	 0
13558 13531 13557 13559 13563 13594 13585 13575 13575 13557 13539 13532 13523 13530 13377 13397 13511 13505 13501 13503 13521
13541 13570 13574 13593 13597 13587 13572 13560 13548 13534 13537 13538 13542 13539 13532 13519 13510 13506 13515 13528 13527
13545 13553 13573 13590 13579 13561 13559 13539 13516 13513 13524 13546 13543 13539 13533 13522 13520 13523 13528 13532 13528
13534 13563 13567 13584 13573 13562 13579 13553 13520 13524 13554 13557 13555 13549 13537 13529 13533 13542 13544 13537 13532
13535 13532 13554 13541 13543 13550 13567 13565 13554 13559 13554 13547 13565 13561 13548 13544 13548 13551 13547 13542 13415
13539 13567 13568 13557 13559 13580 13592 13580 13574 13559 13551 13547 13564 13560 13558 13559 13557 13551 13545 13416 13418
13566 13565 13571 13574 13577 13571 13603 13567 13564 13555 13534 13555 13577 13582 13573 13565 13556 13555 13551 13553 13553
13571 13569 13561 13557 13536 13567 13568 13569 13559 13537 13559 13578 13591 13587 13573 13564 13558 13555 13560 13555 13561
13576 13562 13553 13541 13556 13566 13567 13554 13542 13580 13589 13590 13582 13579 13576 13570 13564 13561 13558 13569 13562
13587 13597 13587 13587 13593 13601 13602 13593 13574 13592 13596 13579 13584 13585 13581 13572 13567 13562 13564 13567 13564
13582 13572 13570 13581 13593 13596 13594 13573 13587 13601 13580 13581 13574 13563 13566 13574 13580 13570 13571 13574 13563
13571 13576 13587 13594 13594 13591 13587 13602 13649 0 13641 13567 13551 13556 13566 13576 13574 13571 13578 13573 13547
13590 13602 13610 13612 13611 13547 13555 0 0 0 13572 13552 13560 13568 13569 13569 13571 13575 13576 13548 13524
13611 13619 13625 13621 13616 13616 13656 0 13596 13586 13560 13555 13578 13577 13572 13575 13644 13644 13546 13614 13611
13625 13633 13621 13615 13611 13604 13598 13597 13591 13573 13568 13562 13566 13517 13508 13495 13525 13512 13615 13614 13605
13645 13632 13621 13616 13611 13588 13579 13579 13532 13542 13536 13514 13507 13500 13484 13484 13510 13616 13614 13579 13590
13642 13629 13619 13608 13571 13550 13543 13520 13508 13530 13512 13491 13489 13474 13466 13605 13608 13601 13568 13568 13569
13609 13589 13587 13565 13528 13653 13508 13512 13653 13646 13633 13630 13625 13610 13606 13605 13594 13586 13579 13569 13566
13582 13575 13676 13664 13659 13655 13662 13662 13654 13641 13636 13623 13605 13605 13602 13593 13590 13587 13573 13567 13565
13688 13676 13670 13669 13662 13662 13662 13660 13653 13651 13635 13617 13610 13599 13591 13591 13586 13575 13571 13572 13581
13686 13683 13675 13662 0 0 13671 13669 13659 13638 13632 13630 13619 13601 13594 13580 13576 13577 13579 13582 13583
