inst/extdata/modis/lst/modgrid/Lat43.00075Lon-78.78820Start2001-01-01End2013-12-31___MOD11A2/GRID_Lat43.00075Lon-78.78820Start2001-01-01End2013-12-31___MOD11A2_LST_Day_1km_A2009129.asc
ncols		 21
nrows		 21
xllcorner	 -6416881.12
yllcorner	 4772121.02
cellsize	 926.625433055834
NODATA_value	 0
15021 15021 15005 14988 14884 15000 14864 14846 14839 14900 14882 14908 14906 14887 14842 14779 14788 14815 14821 14806 14783
14697 14773 14839 14771 14789 14779 14775 14788 14866 14847 14854 14871 14894 14897 14879 14860 14837 14822 14804 14787 14783
14466 14489 14433 14515 14498 14530 14657 14717 14785 14805 14840 14861 14905 14918 14910 14869 14825 14786 14774 14767 14779
14405 14456 14470 14496 14540 14537 14578 14722 14810 14876 14895 14933 14952 14944 14906 14841 14782 14760 14748 14783 14805
14595 14636 14706 14658 14611 14551 14496 14607 14772 14929 14980 14993 14939 14908 14862 14831 14780 14729 14745 14801 14820
14725 14830 14812 14786 14709 14614 14609 14694 14920 14991 14963 14872 14883 14909 14929 14855 14768 14732 14800 14839 14864
14846 14846 14847 14797 14707 14685 14707 14889 14998 14981 14895 14886 14935 14971 14921 14851 14798 14832 14861 14874 14868
14798 14795 14799 14784 14769 14750 14850 14971 14990 14928 14903 14935 14986 14992 14932 14867 14877 14892 14904 14912 14876
14781 14780 14799 14800 14781 14877 14990 14995 14959 14943 14962 14981 14960 14951 14946 14962 14950 14940 14937 14923 14926
14750 14746 14769 14870 14971 15045 15035 15013 15010 15036 15047 15011 14989 14979 14993 14988 14936 14880 14902 14930 14941
14744 14873 14961 15025 15074 15060 15051 15053 15083 15079 15037 15009 14973 14966 14993 14987 14957 14947 14938 14956 14957
14913 14962 15020 15060 15072 15092 15119 15157 15158 15103 15041 14994 14977 14997 15021 15019 15011 14970 14994 15028 14963
15005 15054 15075 15093 15121 15142 15170 15195 15152 15076 15026 15011 15015 15029 15023 15013 15013 15062 15029 14946 14887
15099 15119 15125 15126 15135 15146 15170 15141 15089 15054 15014 14967 14981 15025 15016 15009 15060 15015 14947 14917 14890
15143 15138 15119 15113 15111 15123 15093 15049 15025 15008 14978 14973 15017 15023 15001 15043 15071 15018 14952 14860 14812
15177 15158 15135 15121 15108 15068 15043 15029 15015 15003 14994 14998 15012 15040 15046 15061 15027 14950 14846 14784 14750
15166 15136 15124 15111 15075 15045 15036 15021 15014 15010 14995 14997 15009 14998 15002 14986 14919 14827 14784 14775 14796
15070 15069 15086 15079 15056 15056 15034 15026 15027 15014 15001 14989 14973 14938 14902 14834 14792 14795 14809 14805 14777
15074 15094 15093 15063 15051 15041 15036 15040 15037 15040 15032 15008 14963 14934 14814 14767 14752 14768 14780 14761 14740
15097 15093 15089 15033 15028 15033 15045 15056 15080 15082 15043 15013 15000 14928 14867 14815 14779 14766 14780 14817 14824
15111 15074 15071 15041 15046 15071 15087 15105 15100 15071 15057 15039 14987 14920 14844 14805 14781 14767 14773 14798 14792
