inst/extdata/modis/lst/modgrid/Lat43.00075Lon-78.78820Start2001-01-01End2013-12-31___MOD11A2/GRID_Lat43.00075Lon-78.78820Start2001-01-01End2013-12-31___MOD11A2_LST_Day_1km_A2007233.asc
ncols		 21
nrows		 21
xllcorner	 -6416881.12
yllcorner	 4772121.02
cellsize	 926.625433055834
NODATA_value	 0
15375 15400 15408 15350 15449 15417 15381 15366 15175 15316 15166 15200 15196 15208 15297 15238 15255 15282 15104 15087 15218
15248 15311 15287 15268 15210 15176 15141 15130 15106 15106 15152 15182 15231 15232 15213 15214 15176 15114 15106 15077 15035
14915 14948 15004 14993 15023 15041 15046 15059 15050 15105 15117 15160 15207 15236 15240 15217 15151 15113 15062 15172 14973
14814 14909 14917 14919 14904 14900 14926 15003 15114 15132 15122 15152 15248 15260 15206 15153 15141 15067 14998 15013 14989
15020 15029 15015 14984 14941 14922 14927 15028 15144 15184 15198 15345 15326 15195 15183 15170 15054 14982 14983 14981 14998
15091 15068 15036 14995 14933 14991 14868 15009 15168 15206 15299 15042 15059 15177 15183 15114 15016 14992 14987 15024 15042
15101 15218 15182 14968 14933 14940 15000 15130 15192 15253 15074 15084 15137 15147 15116 15058 15041 15069 15085 15074 15183
15147 15144 15120 15008 15113 15112 15088 15319 15267 15183 15198 15141 15146 15181 15096 15150 15092 15076 15076 15068 15050
15209 15158 15059 15040 15050 15092 15292 15264 15233 15222 15296 15303 15324 15195 15198 15126 15090 15086 15062 15073 15109
15063 15010 15057 15119 15167 15390 15329 15308 15301 15367 15368 15395 15381 15373 15274 15147 15064 15012 15031 15105 15248
15025 15115 15221 15402 15455 15385 15375 15358 15372 15388 15373 15411 15376 15251 15267 15380 15341 15141 15146 15268 15264
15140 15210 15367 15459 15446 15415 15368 15349 15372 15330 15320 15437 15421 15411 15421 15405 15388 15367 15253 15116 15064
15176 15396 15432 15461 15403 15390 15608 15324 15333 15331 15434 15413 15407 15190 15187 15170 15358 15409 15213 15057 15021
15298 15398 15424 15447 15449 15591 15604 15450 15329 15326 15395 15129 15176 15214 15207 15189 15230 15248 15189 15155 15083
15391 15393 15451 15457 15430 15478 15433 15300 15299 15251 15224 15127 15194 15199 15192 15186 15183 15216 15186 15288 15261
15413 15404 15402 15407 15473 15422 15244 15254 15264 15229 15220 15291 15327 15294 15188 15253 15395 15335 15264 15223 15211
15408 15385 15402 15384 15394 15412 15265 15269 15405 15393 15264 15296 15236 15211 15372 15346 15315 15217 15073 15247 15252
15410 15409 15387 15414 15356 15352 15410 15414 15341 15334 15389 15189 15065 15128 15085 15043 15097 15020 15058 15044 15015
15408 15395 15332 15351 15340 15318 15343 15347 15352 15433 15389 15156 15147 15110 15045 14992 14970 15000 15008 14975 15002
15381 15334 15339 15325 15316 15347 15425 15438 15465 15427 15391 15180 15168 15105 15012 14958 14940 14929 15028 15029 15026
15335 15342 15324 15313 15291 15305 15459 15471 15435 15417 15415 15428 15399 15045 14979 14967 14985 15204 14994 15012 15240
