inst/extdata/modis/lst/modgrid/Lat43.00075Lon-78.78820Start2001-01-01End2013-12-31___MOD11A2/GRID_Lat43.00075Lon-78.78820Start2001-01-01End2013-12-31___MOD11A2_LST_Day_1km_A2006009.asc
ncols		 21
nrows		 21
xllcorner	 -6416881.12
yllcorner	 4772121.02
cellsize	 926.625433055834
NODATA_value	 0
13693 13747 13748 13753 13729 13731 13775 13770 13776 13779 13782 13815 13818 13604 13482 13490 13580 13473 13588 13603 13593
13573 13576 13695 13721 13775 13741 13752 13773 13777 13786 13807 13813 13822 13494 13505 13614 13495 13495 13506 13626 13845
13573 13688 13728 13739 13737 13622 13628 13756 13791 13807 13811 13831 13505 13525 13533 13525 13525 13524 13643 13650 13650
13738 13735 13723 13726 13740 13637 13758 13798 13810 13833 13856 13851 13862 13865 13865 13862 13853 13853 13854 13597 13997
13765 13803 13777 13793 13838 13797 13810 13811 13849 13877 13884 13890 13882 13876 13872 13873 13880 13875 13999 14002 14002
13826 13826 13848 13842 13829 13820 13647 13672 13870 13886 13894 13893 13897 13897 13895 13892 13890 14003 14003 14002 13993
13850 13858 13854 13864 13865 13861 13666 13673 13894 13900 13901 13904 13902 13908 13910 13906 13899 13896 14006 14000 14004
13862 13872 13889 13879 13868 13862 13883 13907 13904 13906 13908 13908 13908 13907 13904 13902 13902 13907 14030 14021 14019
13887 13899 13898 13890 13902 13910 13502 13911 13921 13921 13915 13912 13907 13906 13907 13907 13910 14036 14033 14033 14029
13904 13902 13901 13909 13917 13921 13916 13922 13922 13921 13919 13912 13908 13908 13909 14041 14041 14037 14035 14031 14021
13903 13910 13912 13926 13927 13919 13921 13921 13923 13923 13659 13904 13907 13912 14043 14046 14044 14038 14037 14036 14031
13914 13915 13923 13925 13926 13923 13922 13925 13666 13653 13647 14018 14046 14045 14059 14070 14066 14045 14040 14034 14023
13917 13921 13920 13924 13926 13929 13930 14055 14042 14033 14034 14047 14047 14053 14058 14060 14053 14053 14051 14040 14027
13917 13916 13921 13922 13931 13935 14051 14040 14042 14050 14054 14052 14052 14053 14054 14055 14053 14046 14050 14031 14008
13916 13919 13919 13925 14048 14044 14036 14036 14045 14049 14051 14050 14050 13679 13681 13684 14040 14040 14022 14014 14009
13920 13919 13921 14046 14040 14038 14041 14044 14043 14041 14041 14043 13676 13675 13676 14032 14033 14010 14017 14010 14000
14039 14039 14044 14039 14039 14044 14045 14045 14043 14041 14036 14034 14034 14024 14027 14020 13987 13989 13998 13999 13998
14032 14039 14036 14037 14045 14047 14043 14043 14038 14017 14017 14027 14017 14015 14019 14013 14000 13995 13996 13989 13978
14025 14026 13675 13677 13678 13673 14041 14039 14020 14014 14026 14034 14032 14029 14029 14022 13998 13998 13986 13978 13978
14024 13674 13672 13671 13672 14041 14040 14029 14029 14038 14040 14039 14031 14030 14006 13997 13996 13985 13984 13987 13611
14027 14028 14029 14038 14039 14034 14030 14030 14044 14047 14051 14045 14034 14005 13632 13990 13986 13988 14003 13613 13628
