inst/extdata/modis/lst/modgrid/Lat43.00075Lon-78.78820Start2001-01-01End2013-12-31___MOD11A2/GRID_Lat43.00075Lon-78.78820Start2001-01-01End2013-12-31___MOD11A2_LST_Day_1km_A2012097.asc
ncols		 21
nrows		 21
xllcorner	 -6416881.12
yllcorner	 4772121.02
cellsize	 926.625433055834
NODATA_value	 0
14630 14632 14650 14647 14648 14631 14615 14612 14607 14572 14556 14568 14564 14551 14541 14513 14503 14509 14505 14498 14487
14361 14511 14510 14527 14520 14526 14525 14535 14527 14520 14540 14556 14562 14563 14546 14533 14512 14497 14488 14484 14476
14130 14253 14275 14284 14276 14249 14321 14371 14464 14478 14520 14540 14561 14568 14564 14531 14493 14473 14465 14455 14468
14227 14245 14242 14264 14273 14226 14256 14328 14469 14542 14558 14578 14597 14598 14558 14497 14459 14440 14433 14456 14472
14428 14453 14443 14410 14372 14316 14274 14342 14504 14595 14616 14615 14597 14561 14507 14479 14447 14413 14430 14460 14463
14508 14512 14493 14477 14440 14364 14308 14430 14569 14619 14604 14558 14542 14545 14545 14518 14436 14432 14464 14434 14444
14535 14537 14542 14515 14479 14456 14414 14544 14621 14610 14561 14556 14579 14600 14581 14503 14485 14492 14443 14450 14509
14500 14519 14524 14512 14496 14428 14533 14618 14634 14606 14584 14585 14613 14617 14570 14523 14527 14466 14546 14464 14608
14495 14526 14544 14515 14466 14557 14615 14634 14611 14603 14618 14617 14597 14596 14594 14593 14586 14590 14576 14550 14548
14465 14441 14487 14531 14617 14642 14648 14633 14632 14654 14669 14639 14630 14617 14625 14621 14591 14560 14565 14556 14555
14465 14516 14600 14655 14662 14661 14657 14671 14692 14691 14661 14644 14617 14612 14624 14631 14611 14604 14600 14612 14583
14561 14606 14641 14640 14659 14669 14689 14722 14735 14689 14655 14631 14621 14638 14661 14660 14647 14639 14647 14646 14587
14614 14661 14672 14688 14694 14705 14742 14753 14733 14686 14659 14638 14646 14660 14657 14636 14630 14655 14673 14598 14546
14675 14695 14707 14703 14706 14726 14736 14727 14695 14672 14649 14635 14643 14670 14650 14623 14645 14656 14591 14566 14538
14707 14711 14701 14699 14702 14699 14684 14664 14653 14644 14637 14622 14640 14641 14631 14649 14659 14621 14575 14542 14514
14731 14720 14710 14706 14697 14674 14657 14650 14644 14645 14636 14628 14631 14654 14645 14660 14635 14576 14526 14491 14471
14719 14708 14704 14699 14682 14659 14657 14650 14646 14641 14631 14632 14637 14614 14621 14591 14539 14494 14497 14494 14489
14684 14706 14710 14708 14684 14680 14662 14649 14647 14640 14618 14599 14586 14585 14542 14504 14472 14478 14501 14506 14493
14702 14708 14709 14681 14662 14659 14650 14659 14659 14646 14635 14613 14594 14557 14503 14474 14457 14476 14497 14484 14474
14698 14698 14677 14644 14651 14647 14655 14661 14667 14668 14646 14638 14616 14565 14519 14487 14479 14491 14497 14498 14493
14703 14680 14651 14648 14649 14673 14684 14687 14681 14659 14655 14648 14618 14571 14522 14496 14493 14497 14494 14492 14487
