inst/extdata/modis/lst/modgrid/Lat43.00075Lon-78.78820Start2001-01-01End2013-12-31___MOD11A2/GRID_Lat43.00075Lon-78.78820Start2001-01-01End2013-12-31___MOD11A2_LST_Day_1km_A2008241.asc
ncols		 21
nrows		 21
xllcorner	 -6416881.12
yllcorner	 4772121.02
cellsize	 926.625433055834
NODATA_value	 0
15202 15210 15206 15304 15297 15258 15223 15189 15174 15140 15119 15141 15143 15116 15049 15015 15019 15047 15044 15019 14994
15062 15092 15094 15088 15174 15159 15128 15103 15052 15054 15087 15106 15137 15103 15077 15055 15067 15064 15036 15023 14994
14855 14874 14925 14934 14946 14948 14961 14971 14971 15045 15041 15078 15126 15096 15094 15078 15044 15013 14989 14973 14965
14823 14846 14861 14924 14907 14896 14908 14937 15023 15073 15090 15151 15174 15180 15134 15078 14986 14955 14938 14942 14945
14891 14918 15005 14987 14942 14910 14914 14988 15090 15184 15217 15185 15175 15145 15117 15090 14930 14927 14919 14935 14956
15069 15085 15052 14994 14952 14931 14955 15045 15186 15225 15159 15105 15110 15145 15160 15033 14951 14932 14955 14998 15076
15102 15104 15097 15042 15011 14988 15045 15189 15236 15197 15137 15120 15166 15121 15107 15019 14979 14993 15028 15023 15103
15044 15036 15041 15042 15033 15073 15173 15237 15227 15166 15134 15166 15130 15138 15077 15036 15028 15036 15047 15144 15116
15025 15033 15060 15082 15118 15183 15255 15239 15200 15184 15194 15230 15132 15107 15106 15194 15184 15166 15161 15152 15168
15028 15048 15088 15200 15246 15288 15280 15263 15260 15265 15283 15260 15245 15232 15232 15221 15178 15129 15129 15173 15182
15051 15110 15222 15277 15309 15320 15312 15328 15348 15339 15309 15279 15259 15245 15242 15238 15206 15198 15214 15224 15209
15153 15232 15280 15309 15331 15350 15371 15399 15410 15366 15304 15281 15258 15253 15296 15288 15275 15276 15306 15288 15192
15287 15337 15357 15362 15371 15391 15427 15455 15415 15342 15316 15300 15294 15310 15310 15281 15271 15317 15302 15226 15128
15376 15397 15398 15393 15400 15426 15448 15416 15351 15326 15294 15271 15287 15303 15288 15263 15312 15293 15232 15161 15141
15410 15416 15400 15396 15400 15393 15368 15320 15305 15277 15265 15259 15285 15298 15274 15308 15326 15266 15181 15154 15052
15443 15424 15409 15405 15388 15349 15303 15297 15287 15286 15279 15274 15284 15303 15306 15325 15283 15209 15151 15039 15010
15429 15403 15398 15402 15365 15321 15318 15310 15301 15291 15265 15255 15263 15255 15265 15222 15179 15138 15074 15049 15030
15386 15395 15413 15402 15366 15346 15329 15318 15324 15329 15284 15250 15194 15160 15125 15058 15030 15058 15053 15049 15024
15387 15404 15391 15366 15345 15331 15326 15334 15347 15338 15312 15267 15215 15165 15072 14993 14967 14990 15026 15025 15013
15398 15372 15335 15273 15306 15333 15353 15359 15378 15347 15308 15273 15258 15176 15112 15061 15031 15027 15039 15059 15038
15381 15359 15284 15290 15334 15377 15388 15396 15368 15337 15320 15316 15284 15153 15083 15064 15050 15043 15025 15020 15012
