inst/extdata/modis/lst/modgrid/Lat43.00075Lon-78.78820Start2001-01-01End2013-12-31___MOD11A2/GRID_Lat43.00075Lon-78.78820Start2001-01-01End2013-12-31___MOD11A2_LST_Day_1km_A2002337.asc
ncols		 21
nrows		 21
xllcorner	 -6416881.12
yllcorner	 4772121.02
cellsize	 926.625433055834
NODATA_value	 0
13552 13543 13533 13532 13532 13522 13508 13505 13498 13484 13481 13481 13474 13471 13469 13570 13573 13573 13573 13575 13575
13624 13597 13586 13578 13576 13550 13530 13508 13494 13493 13493 13482 13479 13478 13472 13472 13575 13575 13575 13485 13486
13714 13704 13693 13683 13672 13666 13656 13552 13530 13513 13498 13494 13489 13479 13477 13475 13473 13476 13482 13493 13490
13709 13708 13702 13669 13671 13668 13642 13597 13554 13511 13506 13506 13505 13501 13495 13484 13497 13497 13504 13481 13475
13522 13490 13494 13524 13642 13666 13652 13667 13608 13540 13531 13510 13504 13502 13494 13519 13530 13590 13590 13492 13496
13523 13513 13501 13529 13559 13634 13665 13653 13431 13415 13400 13501 13500 13500 13416 13420 0 0 13399 13498 13488
13500 13497 13496 13504 13429 13574 13622 13441 13425 13407 13502 13503 13513 13533 13549 13575 13396 13395 13502 13496 13489
13503 13509 13511 13511 13546 13608 13448 13436 13413 13516 13512 13512 13526 13539 13557 13400 13394 13509 13509 13503 13499
13535 13516 13537 13553 13596 13591 13575 13537 13523 13517 13508 13504 13506 13509 13511 13512 13514 13515 13507 13501 13608
13572 13599 13583 13573 13541 13542 13523 13509 13507 13503 13502 13500 13502 13513 13519 13529 13543 13533 13617 13600 13600
13584 13557 13532 13526 13530 13510 13501 13498 13501 13504 13498 13499 13507 13501 13513 13538 13557 13609 13596 13597 13597
13517 13510 13510 13513 13514 13403 13404 13406 13419 13506 13508 13502 13489 13492 13500 13384 13378 13387 13388 13490 13477
13503 13510 13516 13521 13410 13413 13411 13423 13415 13405 13391 13484 13487 13493 13382 13372 13386 13387 13381 13370 13467
13521 13532 13537 13536 13536 13427 13431 13421 13396 13390 13389 13491 13507 13515 13388 13381 13385 13382 13373 13373 13478
13544 13425 13422 13419 13418 13469 13410 13398 13410 13402 13511 13511 13503 13493 13375 13379 13382 13368 13473 13472 13467
13432 13484 13481 13414 13464 13460 13447 13557 13528 13520 13393 13387 13490 13371 13372 13373 13363 13466 13465 13460 13456
13477 13475 13477 13467 13456 13447 13452 13404 13396 13386 13384 13381 13374 13373 13371 13470 13472 13465 13449 13442 13434
13470 13577 13579 13408 13448 13444 13392 13383 13375 13369 13362 13508 13464 13356 13361 13363 13472 13448 13436 13430 13412
13577 13404 13400 13384 13493 13385 13377 13365 13367 13470 13505 13504 13415 13428 13369 13488 13602 13445 13431 13409 13399
13405 13398 13379 13363 13361 13351 13355 13357 13425 13506 13411 13414 13518 13421 13520 13523 13357 13350 13344 13336 13341
13401 13383 13366 13429 13418 13423 13423 13416 13411 13414 13415 13416 13408 13409 13493 13484 13481 13346 13359 13350 13335
