inst/extdata/modis/lst/modgrid/Lat43.00075Lon-78.78820Start2001-01-01End2013-12-31___MOD11A2/GRID_Lat43.00075Lon-78.78820Start2001-01-01End2013-12-31___MOD11A2_LST_Day_1km_A2008225.asc
ncols		 21
nrows		 21
xllcorner	 -6416881.12
yllcorner	 4772121.02
cellsize	 926.625433055834
NODATA_value	 0
15029 15080 15043 15008 14990 15022 14982 14956 14919 14901 14930 14921 14885 14873 14835 14772 14792 14803 14767 14744 14729
14851 14844 14884 14882 14897 14908 14830 14817 14812 14834 14862 14865 14897 14883 14857 14801 14818 14816 14810 14747 14730
14736 14737 14743 14761 14775 14760 14756 14773 14775 14788 14800 14842 14871 14867 14851 14805 14833 14789 14733 14712 14735
14689 14668 14667 14679 14698 14715 14750 14769 14791 14831 14840 14968 14959 14948 14877 14819 14774 14748 14700 14716 14704
14734 14731 14720 14703 14692 14719 14753 14766 14845 14858 14931 14955 14926 14888 14843 14786 14747 14691 14680 14709 14737
14797 14780 14806 14825 14767 14740 14753 14837 14868 14895 14889 14862 14875 14924 14887 14787 14692 14676 14756 14770 14737
14798 14832 14849 14804 14757 14777 14814 14833 14884 14975 14859 14879 14978 14938 14892 14828 14796 14777 14736 14751 14733
14775 14788 14792 14763 14811 14862 14885 15044 15051 14896 14875 14962 15006 14993 14906 14893 14871 14858 14882 14800 14777
14761 14760 14802 14842 14888 14889 15034 15049 14971 14899 14965 14999 14948 14931 14928 14941 14904 14916 14921 14924 14934
14786 14817 14853 14912 14949 15070 15070 15051 15071 15039 15014 15025 14960 14960 14943 14935 14935 14922 14938 14916 14908
14817 14851 14886 15002 15061 15081 15074 15058 15066 15007 14980 14911 14917 14905 14948 14956 14966 14937 14933 14940 14937
14833 14892 15011 14999 15003 15098 15092 15093 15061 15016 14966 14869 14890 14973 14992 15023 15003 14960 15006 14981 14854
14960 15014 14995 14977 15019 15092 15141 15134 15138 15008 14939 14904 14940 14975 15101 15060 15040 15091 15053 14915 14821
15114 15115 15074 15061 15081 15160 15197 15202 15075 15056 15036 14908 14940 15089 15021 15026 15056 15038 14967 14878 14866
15131 15178 15171 15166 15151 15178 15081 15043 15053 15031 15009 14987 15038 15013 15033 15037 15040 14938 14886 14863 14852
15194 15166 15151 15131 15147 15084 15043 15056 15063 15048 15043 14996 14993 15030 15066 15034 14964 14897 14816 14772 14770
15241 15185 15142 15134 15100 15076 15073 15060 15039 15030 14981 14996 14957 14953 14972 14924 14886 14848 14803 14765 14784
15141 15184 15224 15162 15091 15123 15085 15065 15055 14992 14962 14913 14884 14849 14827 14806 14777 14774 14797 14819 14784
15167 15202 15206 15120 15096 15090 15090 15067 15054 15057 15036 14977 14911 14881 14795 14741 14743 14751 14792 14761 14753
15185 15243 15154 15075 15111 15127 15137 15113 15132 15084 15055 14997 14937 14822 14782 14793 14766 14775 14765 14780 14772
15226 15198 15130 15094 15135 15171 15169 15170 15104 15073 15039 15011 14953 14908 14871 14814 14791 14795 14769 14767 14754
