inst/extdata/modis/lst/modgrid/Lat43.00075Lon-78.78820Start2001-01-01End2013-12-31___MOD11A2/GRID_Lat43.00075Lon-78.78820Start2001-01-01End2013-12-31___MOD11A2_LST_Day_1km_A2002201.asc
ncols		 21
nrows		 21
xllcorner	 -6416881.12
yllcorner	 4772121.02
cellsize	 926.625433055834
NODATA_value	 0
15253 15302 15302 15288 15276 15267 15402 15166 15156 15090 15076 15081 15300 15297 15055 15002 15060 15081 15115 15087 15048
15001 15026 15073 15110 15198 15153 15099 15077 15049 15126 15144 15312 15348 15102 15068 15213 15206 15142 15105 15054 15032
14891 14914 14925 14884 14905 14797 14942 14947 14947 14953 15159 15219 15280 15282 15260 15232 15047 15043 15028 15015 15006
14831 14840 14904 14900 14955 14677 14691 14896 14945 15081 15126 15142 15243 15209 15142 15054 15026 15007 14979 14994 15025
14927 14969 15081 14806 14795 14906 14896 14872 14924 15168 15182 15249 15205 15168 15103 15060 15010 14934 14927 14979 14991
15006 14852 14873 14857 14872 14928 14926 15126 15208 15243 15178 15064 15093 15141 15139 15068 14911 14889 14977 15023 15066
14955 15352 15106 15058 14885 14854 14932 15196 15251 15164 15071 15090 15150 15215 15334 14997 14993 15037 15084 15124 15116
15019 15101 14921 14898 14898 14889 14945 15249 15222 15140 15087 15168 15229 15290 15178 15105 15084 15115 15161 15170 15104
15081 15112 15111 15099 15093 15385 15218 15209 15175 15111 15174 15224 15243 15223 15219 15209 15195 15198 15228 15171 15141
15046 15056 15123 15193 15448 15228 15210 15183 15445 15295 15323 15307 15283 15249 15218 15184 15175 15095 15121 15164 15181
15072 15146 15222 15273 15323 15322 15317 15527 15335 15344 15313 15294 15230 15201 15160 15182 15172 15148 15183 15229 15232
15382 15233 15251 15301 15303 15322 15333 15342 15361 15323 15321 15277 15229 15458 15472 15178 15166 15158 15456 15487 15077
15381 15402 15333 15324 15354 15327 15332 0 15323 15281 15235 15190 15165 15486 15192 15168 15240 15283 15298 15197 15060
15410 15397 15357 15344 15311 15311 15616 15336 15273 15227 15179 15113 15161 15499 15176 15227 15274 15297 15178 15056 15039
15384 15362 15335 15309 15310 15571 15521 15491 15452 15431 15167 15153 15519 15511 15225 15266 15579 15409 15351 15342 15066
15390 15377 15352 15328 15331 15474 15461 15433 15423 15436 15480 15152 15537 15553 15278 15624 15542 15442 15345 15056 15046
15426 15353 15372 15371 15521 15482 15453 15445 15453 15427 15346 15490 15515 15515 15512 15431 15387 15351 15316 15299 15124
15367 15409 15407 15617 15566 15545 15550 15561 15587 15491 15505 15168 15152 15407 15326 15274 15182 15194 15035 15358 15025
15377 15367 15387 15669 15643 15593 15580 15597 15636 15641 15584 15523 15460 15404 15315 15159 15135 14920 15288 14986 14995
15338 15356 15622 15619 15631 15607 15602 15623 15673 15609 15551 15528 15521 15153 15220 15194 15249 15265 15299 15294 15229
15462 15561 15627 15609 15635 15640 15654 15688 15656 15593 15576 15586 15561 15412 15344 15298 15274 15283 15274 15272 15240
