inst/extdata/modis/lst/modgrid/Lat43.00075Lon-78.78820Start2001-01-01End2013-12-31___MOD11A2/GRID_Lat43.00075Lon-78.78820Start2001-01-01End2013-12-31___MOD11A2_LST_Day_1km_A2010129.asc
ncols		 21
nrows		 21
xllcorner	 -6416881.12
yllcorner	 4772121.02
cellsize	 926.625433055834
NODATA_value	 0
14959 14947 14950 14951 14954 14933 14897 14883 14859 14836 14815 14818 14818 14798 14755 14686 14691 14722 14726 14623 14613
14738 14820 14831 14832 14826 14816 14786 14772 14751 14707 14753 14808 14824 14818 14785 14736 14723 14612 14607 14610 14692
14350 14543 14580 14574 14565 14594 14647 14682 14679 14684 14746 14778 14825 14839 14839 14745 14615 14596 14583 14582 14674
14282 14436 14399 14448 14455 14501 14601 14632 14704 14781 14803 14842 14890 14881 14821 14723 14583 14542 14519 14637 14677
14630 14656 14646 14587 14613 14520 14442 14524 14752 14867 14901 14900 14862 14828 14732 14691 14651 14747 14558 14649 14689
14750 14774 14756 14699 14637 14562 14527 14670 14871 14932 14857 14782 14777 14812 14828 14763 14745 14516 14624 14711 14654
14796 14820 14828 14731 14642 14593 14634 14797 14942 14869 14774 14775 14843 14919 14887 14724 14618 14634 14704 14751 14753
14715 14731 14729 14699 14676 14632 14753 14908 14894 14830 14784 14823 14920 14955 14798 14752 14714 14675 15025 14756 14731
14689 14709 14736 14744 14675 14787 14900 14889 14853 14828 14874 14866 14841 14823 14842 14840 14824 15032 14784 14767 14840
14663 14657 14680 14811 14896 14934 14924 14892 14898 14950 14956 14927 14878 14849 14817 14823 15029 14728 14767 14858 14854
14684 14769 14872 14928 14948 14948 14943 14950 14976 14970 14935 14897 14849 14809 14831 15062 14767 14806 14862 14931 14901
14809 14865 14918 14936 14952 14991 15012 15026 15040 14970 14922 14900 14865 14855 14861 14852 14972 14851 14914 14941 14862
14911 14959 14969 14969 14983 15009 15032 15069 15004 14951 14931 14899 14893 14892 14855 14837 14847 14901 14942 14883 14800
14967 15006 15000 14997 15008 15026 15049 15006 14961 14940 14915 14890 14909 14942 14908 14877 15013 15007 14818 14796 14780
15021 15014 14997 14994 15007 14992 14964 14925 14928 14924 14903 14889 14908 14905 14879 14997 15175 15145 14791 14785 14734
15041 15012 14994 15005 14989 14948 14900 14909 14918 14928 14917 14892 14885 14896 14938 15206 15168 14796 14783 14706 14661
15034 15003 15042 15042 14996 14909 14912 14923 14923 14922 14943 14940 14935 14908 14907 15105 14734 14714 14716 14697 14697
14994 15044 15066 15068 15011 14994 14980 14971 14985 14982 14904 14873 14834 14846 14981 14930 14626 14676 14733 14752 14717
15043 15065 15090 15024 15007 14995 14977 14986 14997 14980 14913 14826 14793 14703 14655 14788 14560 14607 14686 14702 14695
15058 15047 15007 14983 14974 14992 15002 15012 15029 15003 14980 15131 14799 14774 14712 14895 14626 14680 14679 14697 14718
15087 15058 15018 14999 15003 15059 15057 15053 15007 14987 14964 15184 15133 14749 14929 14900 14617 14646 14640 14637 14658
