inst/extdata/modis/lst/modgrid/Lat43.00075Lon-78.78820Start2001-01-01End2013-12-31___MOD11A2/GRID_Lat43.00075Lon-78.78820Start2001-01-01End2013-12-31___MOD11A2_LST_Day_1km_A2006249.asc
ncols		 21
nrows		 21
xllcorner	 -6416881.12
yllcorner	 4772121.02
cellsize	 926.625433055834
NODATA_value	 0
14889 14905 14914 14944 14950 14923 14897 14893 14926 14848 14859 14866 14835 14806 14795 14759 14758 14787 14835 14828 14794
14802 14836 14833 14772 14794 14829 14826 14825 14808 14810 14848 14895 14917 14841 14808 14794 14782 14815 14813 14800 14792
14658 14705 14673 14673 14687 14705 14733 14762 14760 14785 14806 14839 14881 14892 14870 14823 14788 14763 14716 14703 14709
14626 14597 14609 14645 14653 14645 14663 14704 14772 14824 14828 14884 14913 14899 14851 14794 14746 14709 14667 14680 14732
14722 14735 14739 14700 14641 14623 14632 14706 14836 14890 14927 14905 14873 14859 14832 14798 14744 14647 14647 14724 14748
14770 14780 14757 14729 14702 14631 14641 14755 14848 14911 14886 14818 14825 14859 14864 14828 14725 14718 14757 14764 14783
14822 14769 14774 14733 14719 14694 14734 14815 14913 14888 14796 14823 14896 14956 14881 14765 14740 14766 14806 14825 14808
14761 14733 14782 14816 14775 14786 14836 14902 14938 14926 14904 14888 14960 14926 14812 14768 14788 14821 14901 14892 14821
14747 14703 14746 14730 14798 14832 15001 14982 14945 14922 14967 14978 14946 14925 14932 14929 14929 14920 14905 14851 14851
14718 14749 14742 14849 14908 15010 15001 14988 14987 15027 15014 14988 14977 14976 14967 14958 14913 14875 14831 14840 14857
14817 14876 14957 14939 15031 15017 15013 15017 15045 15040 15000 14985 14964 14933 14942 14939 14912 14860 14873 14890 14874
14897 14946 15007 15025 15028 15045 15057 15075 15086 15037 14985 14962 14936 14947 14973 14965 14961 14967 14935 14919 14873
14983 15028 15033 15042 15056 15110 15102 15107 15076 15017 14989 14957 14958 14970 14959 14946 14954 14995 14989 14846 14797
15056 15067 15075 15056 15056 15121 15095 15074 15029 15003 14971 14955 14972 15013 14971 14949 14987 14976 14816 14792 14782
15060 15045 15050 15052 15046 15038 15005 14986 14981 14964 14940 14935 14983 14967 14951 14995 15002 14922 14855 14848 14833
15072 15035 15020 15049 15031 14937 14927 14966 14968 14977 14947 14970 14965 14967 14924 14927 14903 14907 14865 14813 14714
15061 15033 15067 15056 14962 14935 14929 14984 14979 14937 14923 14877 14867 14882 14900 14890 14844 14877 14827 14736 14740
15037 15073 15083 15031 14997 14982 14969 14962 14980 14980 14904 14889 14851 14835 14828 14798 14745 14743 14773 14779 14771
15079 15093 15058 15019 14990 14991 14985 15002 15013 15042 14928 14880 14910 14891 14820 14732 14683 14735 14767 14769 14760
15033 15055 15029 14996 15008 15011 15015 15032 15037 15022 14953 14940 14932 14869 14805 14774 14778 14768 14781 14783 14763
15057 15057 15022 15012 15026 15029 15037 15041 15022 14974 14975 14979 14924 14844 14806 14796 14771 14762 14765 14769 14751
