inst/extdata/modis/lst/modgrid/Lat43.00075Lon-78.78820Start2001-01-01End2013-12-31___MOD11A2/GRID_Lat43.00075Lon-78.78820Start2001-01-01End2013-12-31___MOD11A2_LST_Day_1km_A2003353.asc
ncols		 21
nrows		 21
xllcorner	 -6416881.12
yllcorner	 4772121.02
cellsize	 926.625433055834
NODATA_value	 0
13827 13832 13833 13842 13849 13840 13829 13819 13823 13811 13638 13645 13643 13635 13631 13789 13794 13805 13810 13807 13802
13824 13832 13799 13806 13817 13815 13813 13813 13801 13626 13638 13649 13847 13837 13818 13801 13803 13803 13798 13796 13791
13830 13837 13828 13818 13813 13817 13663 13808 13608 13611 13612 13814 13837 13834 13815 13796 13785 13789 13794 13792 13794
13802 13806 13817 13804 13796 13653 13661 13651 13632 13639 13840 13846 13854 13831 13810 13796 13804 13795 13794 13789 13788
13787 13797 13800 13590 13608 13631 13660 13877 13871 13862 13858 13871 13844 13826 13823 13838 13793 13779 13778 13777 13772
13800 13613 13598 13590 13586 13576 13837 13857 13865 13860 13850 13823 13832 13846 13864 13850 13788 13774 13771 13762 0
13619 13609 13601 13595 13592 13824 13848 13863 13865 13852 13821 13836 13845 13852 13837 13788 13773 13768 0 0 0
13587 13584 13791 13800 13820 13862 13855 13864 13857 13828 13830 13819 13815 13829 13791 13791 13662 13658 13656 13647 13629
13578 13819 13832 13842 13863 13856 13847 13847 13830 13811 13811 13692 13675 13666 13673 13662 13653 13649 13644 13629 13631
13846 13852 13860 13863 13848 13841 13838 13655 13689 13689 13676 13668 13666 13671 13650 13644 13644 13640 13628 13624 13624
13839 13827 13827 13848 0 13670 13656 13659 13672 13680 13662 13656 13647 13628 13632 13641 13644 13633 13619 13622 13611
13812 13788 13676 13665 13666 13661 13655 13666 13692 13662 13650 13635 13619 13625 13620 13627 13630 13621 13630 13620 13605
13762 13676 13673 13668 13658 13648 13675 13684 13665 13652 13635 13622 13625 13622 13626 13623 13620 13622 13621 13611 13596
13671 13675 13673 13659 13642 13657 13663 13657 13648 13641 13621 13612 13610 13628 13616 13608 13605 13630 13612 13599 13584
13666 13667 13657 13645 13644 13652 13646 13628 13613 13614 13616 13616 13621 13609 13609 13621 13638 13611 13604 13607 13608
13649 13651 13646 13639 13639 13630 13622 13618 13618 13628 13628 13622 13616 13614 13624 13632 13614 13600 13601 13602 13601
13650 13641 13633 13624 13615 13624 13627 13625 13622 13618 13625 13618 13615 13620 13618 13607 13609 13612 13602 13596 13593
13634 13626 13620 13616 13623 13623 13623 13617 13618 13624 13617 13610 13610 13609 13608 13618 13627 13600 13604 13594 13591
13619 13619 13619 13615 13609 13615 13619 13621 13630 13624 13614 13607 13602 13615 13613 13617 13616 13618 13603 13595 13591
13621 13620 13611 13610 13607 13621 13626 13632 13636 13616 13613 13615 13622 13605 13605 13609 13615 13607 13601 13606 13610
13619 13618 13622 13617 13621 13629 13625 13636 13625 13619 13625 13630 13625 13624 13617 13612 13603 13611 13615 13611 13603
