inst/extdata/modis/lst/modgrid/Lat43.00075Lon-78.78820Start2001-01-01End2013-12-31___MOD11A2/GRID_Lat43.00075Lon-78.78820Start2001-01-01End2013-12-31___MOD11A2_LST_Day_1km_A2002169.asc
ncols		 21
nrows		 21
xllcorner	 -6416881.12
yllcorner	 4772121.02
cellsize	 926.625433055834
NODATA_value	 0
15361 15362 15365 15343 15341 15332 15270 15240 15207 15144 15146 15166 15151 15137 15116 15049 15043 15058 15054 15037 15017
15097 15165 15184 15215 15205 15166 15135 15112 15078 15054 15095 15126 15154 15167 15136 15089 15064 15040 15033 15041 15019
14856 14899 14901 14887 14898 14921 14953 15003 15035 15076 15103 15125 15175 15173 15136 15085 15044 15038 15032 15017 15016
14807 14842 14828 14842 14831 14822 14852 14943 15077 15164 15174 15227 15244 15202 15140 15068 15054 15024 15006 15008 15015
14997 15016 15022 14963 14897 14821 14822 14940 15131 15257 15284 15263 15188 15159 15110 15091 15039 14992 14988 15002 15010
15102 15127 15074 15031 14965 14892 14865 14997 15239 15291 15236 15136 15136 15168 15193 15153 15033 15000 15022 15053 15083
15131 15115 15106 15056 15004 14952 14984 15194 15299 15256 15134 15140 15206 15264 15253 15118 15069 15106 15122 15128 15130
15088 15077 15059 15057 15040 15038 15129 15303 15274 15187 15140 15182 15240 15252 15166 15121 15143 15163 15200 15192 15158
15064 15072 15080 15075 15094 15169 15332 15298 15239 15203 15252 15263 15229 15187 15190 15204 15206 15222 15219 15213 15211
15037 15035 15063 15193 15272 15353 15343 15293 15282 15321 15329 15281 15257 15258 15263 15263 15233 15187 15196 15211 15216
15037 15136 15280 15332 15367 15335 15322 15326 15392 15360 15309 15294 15261 15237 15263 15254 15231 15239 15254 15272 15235
15165 15263 15308 15331 15328 15355 15378 15411 15442 15342 15311 15277 15229 15260 15321 15324 15301 15285 15320 15299 15214
15320 15354 15371 15377 15386 15421 15448 15506 15415 15357 15308 15268 15294 15323 15326 15307 15295 15345 15342 15250 15157
15430 15428 15422 15407 15418 15464 15493 15425 15370 15328 15287 15252 15282 15341 15303 15279 15349 15344 15253 15184 15162
15482 15431 15406 15403 15409 15410 15384 15331 15304 15280 15252 15244 15307 15284 15271 15319 15376 15287 15208 15174 15120
15481 15445 15415 15411 15395 15357 15302 15303 15296 15299 15295 15272 15285 15300 15331 15358 15305 15231 15162 15077 15053
15478 15444 15441 15424 15370 15323 15320 15315 15312 15326 15286 15284 15289 15276 15272 15220 15191 15150 15115 15095 15089
15454 15456 15478 15436 15395 15363 15346 15336 15350 15346 15288 15237 15209 15204 15149 15107 15077 15093 15109 15125 15093
15475 15491 15457 15419 15363 15354 15350 15364 15394 15395 15333 15273 15237 15188 15091 15015 15005 15041 15090 15073 15056
15483 15473 15413 15342 15354 15371 15353 15388 15440 15395 15324 15310 15285 15215 15121 15073 15055 15051 15073 15084 15066
15492 15460 15402 15373 15390 15385 15419 15446 15405 15364 15372 15375 15312 15206 15119 15085 15067 15056 15065 15062 15054
