inst/extdata/modis/lst/modgrid/Lat43.00075Lon-78.78820Start2001-01-01End2013-12-31___MOD11A2/GRID_Lat43.00075Lon-78.78820Start2001-01-01End2013-12-31___MOD11A2_LST_Day_1km_A2007121.asc
ncols		 21
nrows		 21
xllcorner	 -6416881.12
yllcorner	 4772121.02
cellsize	 926.625433055834
NODATA_value	 0
14932 14936 14945 14959 14954 14928 14902 14874 14873 14815 14786 14806 14803 14795 14784 14736 14730 14748 14794 14789 14791
14679 14762 14783 14773 14773 14798 14802 14818 14770 14744 14774 14784 14869 14878 14777 14755 14785 14785 14783 14783 14784
14274 14390 14473 14522 14470 14482 14566 14640 14691 14737 14755 14762 14871 14882 14875 14837 14728 14718 14762 14762 14775
14317 14368 14358 14419 14476 14403 14427 14537 14683 14769 14805 14826 14932 14939 14872 14814 14790 14772 14688 14779 14788
14648 14677 14660 14609 14549 14444 14354 14466 14705 14844 14961 14958 14930 14879 14833 14817 14790 14770 14698 14819 14801
14775 14772 14762 14734 14678 14563 14457 14570 14739 14964 14861 14810 14861 14884 14826 14800 14800 14717 14836 14830 14846
14814 14811 14812 14777 14696 14627 14595 14750 14896 14883 14830 14806 14860 14893 14967 14800 14771 14874 14864 14872 14869
14790 14785 14790 14760 14719 14640 14729 14904 14923 14885 14844 14867 14897 14908 14847 14822 14883 14889 14904 14900 14883
14782 14779 14798 14742 14700 14745 14919 14922 14898 14879 14901 14910 14894 14869 14925 14935 14936 14937 14929 14918 14927
14748 14667 14697 14804 14879 14964 14957 14931 14926 14953 14960 14946 14923 14919 14939 14944 14954 14936 14936 14930 14916
14707 14802 14894 14940 14992 14973 14963 14976 15013 15012 14971 14934 14901 14894 14913 14920 14964 14963 14969 14962 14926
14876 14915 14969 14991 15001 15012 15029 15047 15055 15014 14968 14932 14904 14916 14940 14946 14941 14935 15003 14978 14907
14954 14994 15010 15017 15025 15045 15071 15085 15050 15000 14971 14949 14937 14956 14953 14933 14932 15022 15007 14921 14875
15022 15047 15054 15042 15048 15060 15076 15055 15028 15003 14967 14937 14943 14971 14951 14977 15016 15012 14941 14916 14893
15077 15074 15049 15045 15053 15054 15024 15008 15001 14982 14951 14927 14959 14955 14981 15012 15029 15001 14961 14918 14880
15106 15077 15059 15060 15048 15017 15012 15011 14997 14984 14977 14972 14964 14997 15008 15028 15014 14968 14894 14864 14844
15098 15084 15082 15065 15009 15015 15019 15006 14990 14977 14965 14964 14994 14979 14976 14957 14918 14852 14858 14856 14842
15090 15093 15093 15086 15051 15021 15006 14990 14983 14974 14947 14947 14938 14893 14921 14869 14819 14838 14857 14852 14825
15093 15111 15110 15059 15006 15005 14996 14995 14990 14989 14984 14958 14905 14864 14805 14763 14800 14815 14837 14819 14816
15111 15115 15061 15000 15000 15011 15019 15024 15032 15022 14986 14932 14908 14853 14806 14827 14812 14813 14827 14835 14836
15129 15089 15038 15019 15025 15052 15058 15057 15038 15008 14993 14979 14929 14861 14864 14829 14819 14822 14828 14827 14812
