inst/extdata/modis/lst/modgrid/Lat43.00075Lon-78.78820Start2001-01-01End2013-12-31___MOD11A2/GRID_Lat43.00075Lon-78.78820Start2001-01-01End2013-12-31___MOD11A2_LST_Day_1km_A2004257.asc
ncols		 21
nrows		 21
xllcorner	 -6416881.12
yllcorner	 4772121.02
cellsize	 926.625433055834
NODATA_value	 0
14849 14856 14860 14859 14838 14830 14824 14785 14781 14752 14741 14751 14754 14749 14731 14679 14689 14702 14699 14670 14646
14777 14792 14800 14785 14783 14767 14716 14720 14716 14727 14639 14666 14690 14763 14710 14722 14725 14706 14709 14697 14659
14702 14710 14710 14712 14691 14688 14690 14694 14709 14616 14651 14676 14770 14745 14757 14736 14710 14716 14703 14659 14677
14630 14633 14651 14648 14644 14659 14690 14713 14669 14683 14688 14775 14788 14798 14768 14702 14711 14699 14668 14679 14678
14664 14671 14665 14642 14634 14661 14705 14743 14786 14801 14804 14802 14809 14790 14734 14728 14700 14665 14668 14660 14676
14707 14702 14685 14652 14623 14627 14693 14779 14834 14827 14771 14737 14697 14714 14744 14727 14671 14659 14683 14705 14718
14740 14746 14723 14695 14660 14679 14768 14842 14839 14772 14738 14713 14740 14762 14767 14720 14721 14747 14757 14736 14720
14723 14690 14689 14688 14709 14780 14834 14838 14790 14785 14765 14746 14771 14811 14794 14784 14790 14790 14790 14752 14707
14702 14716 14745 14773 14821 14828 14833 14813 14802 14788 14767 14782 14799 14812 14828 14832 14825 14807 14785 14774 14772
14726 14755 14790 14827 14829 14828 14814 14841 14870 14891 14891 14851 14829 14855 14854 14846 14768 14740 14741 14761 14783
14754 14799 14850 14877 14888 14886 14887 14909 14916 14913 14866 14862 14867 14844 14846 14805 14797 14799 14795 14809 14801
14810 14844 14869 14887 14890 14908 14933 14946 14975 14936 14920 14872 14858 14867 14850 14844 14836 14825 14866 14880 14839
14891 14909 14921 14918 14928 14947 14971 14996 14975 14934 14900 14876 14884 14877 14850 14831 14814 14875 14898 14846 14759
14938 14962 14954 14944 14949 14968 14987 14975 14919 14893 14873 14862 14854 14894 14868 14844 14845 14836 14789 14771 14759
14993 14975 14952 14945 14948 14950 14931 14884 14876 14862 14847 14832 14873 14873 14852 14846 14872 14792 14767 14745 14685
15006 14972 14954 14966 14944 14899 14860 14851 14853 14842 14796 14849 14859 14869 14860 14872 14836 14797 14746 14672 14650
15004 14963 14971 14966 14929 14892 14860 14855 14859 14793 14861 14863 14879 14865 14824 14805 14788 14762 14720 14722 14713
14970 14972 14976 14964 14939 14913 14885 14882 14896 14905 14896 14869 14850 14777 14753 14740 14616 14721 14734 14731 14738
14975 14994 14993 14964 14904 14897 14904 14956 14960 14958 14940 14898 14808 14774 14716 14625 14627 14595 14702 14716 14713
14986 14980 14956 14915 14914 14968 14971 14964 14992 14982 14948 14922 14857 14793 14719 14705 14686 14701 14706 14718 14707
14995 14977 14940 14963 14986 15002 15004 15015 14996 14954 14947 14938 14894 14804 14723 14696 14706 14689 14674 14662 14655
