inst/extdata/modis/lst/modgrid/Lat43.00075Lon-78.78820Start2001-01-01End2013-12-31___MOD11A2/GRID_Lat43.00075Lon-78.78820Start2001-01-01End2013-12-31___MOD11A2_LST_Day_1km_A2009257.asc
ncols		 21
nrows		 21
xllcorner	 -6416881.12
yllcorner	 4772121.02
cellsize	 926.625433055834
NODATA_value	 0
14968 14986 14972 14945 14953 14944 14848 14874 14869 14863 14821 14796 14812 14815 14802 14757 14745 14751 14757 14757 14740
14776 14759 14855 14812 14807 14775 14772 14776 14803 14801 14776 14794 14799 14800 14776 14771 14760 14758 14755 14744 14718
14610 14656 14656 14752 14686 14693 14711 14746 14739 14739 14749 14768 14792 14795 14794 14761 14755 14738 14727 14714 14711
14590 14607 14667 14656 14656 14671 14692 14699 14740 14804 14790 14794 14798 14799 14777 14743 14726 14719 14689 14711 14721
14699 14715 14714 14670 14658 14667 14689 14731 14792 14827 14841 14814 14815 14801 14795 14776 14734 14665 14688 14711 14694
14754 14751 14732 14710 14687 14663 14687 14764 14861 14904 14826 14783 14800 14819 14827 14766 14682 14680 14704 14721 14713
14767 14762 14748 14721 14686 14706 14756 14854 14870 14823 14779 14790 14826 14846 14804 14761 14716 14696 14724 14723 14720
14740 14711 14699 14705 14740 14784 14821 14842 14835 14811 14781 14797 14817 14817 14794 14745 14728 14728 14729 14726 14732
14707 14736 14734 14800 14827 14858 14846 14844 14817 14793 14804 14805 14840 14800 14794 14812 14750 14741 14743 14757 14766
14719 14755 14842 14864 14884 14887 14853 14831 14825 14850 14847 14890 14886 14860 14858 14753 14734 14716 14714 14758 14769
14737 14820 14882 14900 14914 14876 14857 14872 14879 14876 14889 14884 14841 14831 14771 14772 14738 14715 14768 14779 14863
14792 14820 14858 14896 14917 14906 14927 14921 14966 14905 14814 14846 14841 14773 14771 14791 14913 14885 14897 14889 14735
14840 14868 14896 14911 14963 14910 14926 15000 14879 14860 14789 14782 14832 14831 14889 14887 14875 14901 14897 14861 14678
14897 14906 14912 14974 14955 14956 14955 14846 14830 14804 14791 14828 14807 14857 14846 14861 14894 14905 14876 14823 14793
14930 14916 14988 14957 14935 14916 14832 14814 14794 14783 14807 14804 14811 14835 14824 14830 14858 14881 14815 14798 14762
15013 15004 14991 15010 14970 14893 14807 14793 14845 14829 14817 14808 14815 14825 14826 14863 14855 14812 14778 14749 14639
15008 14979 14962 14944 14927 14885 14866 14859 14788 14775 14768 14767 14843 14841 14834 14815 14716 14695 14679 14671 14662
14981 14978 14987 15042 14993 14977 14967 14843 14836 14834 14811 14892 14865 14820 14795 14703 14687 14688 14666 14661 14662
14974 14995 15054 15011 15003 15002 14996 14999 14875 14935 14918 14883 14886 14738 14680 14648 14648 14639 14701 14642 14687
15072 15057 15014 15004 15005 15008 15021 14960 14957 14951 14917 14897 14806 14772 14728 14631 14649 14665 14678 14687 14649
15079 15047 14992 14982 14978 15000 14976 14969 14895 14875 14866 14908 14789 14778 14707 14696 14654 14653 14658 14650 14639
