inst/extdata/modis/lst/modgrid/Lat43.00075Lon-78.78820Start2001-01-01End2013-12-31___MOD11A2/GRID_Lat43.00075Lon-78.78820Start2001-01-01End2013-12-31___MOD11A2_LST_Day_1km_A2008273.asc
ncols		 21
nrows		 21
xllcorner	 -6416881.12
yllcorner	 4772121.02
cellsize	 926.625433055834
NODATA_value	 0
14336 14364 14370 14386 14418 14480 14473 14360 14342 14388 14419 14395 14310 14279 14310 14267 14239 14248 14264 14242 14216
14321 14370 14369 14384 14419 14432 14413 14308 14330 14401 14377 14343 14297 14315 14333 14266 14243 14277 14294 14335 14311
14303 14245 14345 14414 14381 14348 14338 14310 14392 14370 14370 14388 14407 14415 14403 14350 14252 14235 14228 14249 14275
14195 14263 14326 14299 14343 14291 14329 14319 14313 14377 14372 14386 14414 14412 14367 14352 14326 14232 14219 14243 14266
14270 14258 14245 14221 14264 14346 14257 14286 14359 14371 14367 14375 14371 14365 14356 14352 14280 14257 14248 14264 14291
14265 14250 14266 14242 14228 14259 14326 14357 14358 14389 14374 14358 14353 14381 14403 14372 14327 14289 14291 14305 14332
14374 14278 14277 14195 14185 14275 14361 14410 14374 14364 14359 14383 14442 14421 14389 14349 14312 14327 14375 14348 14336
14340 14275 14206 14218 14274 14360 14375 14369 14377 14374 14376 14427 14422 14392 14371 14369 14367 14362 14354 14348 14325
14304 14338 14368 14438 14453 14367 14376 14382 14392 14397 14418 14421 14415 14399 14383 14356 14348 14352 14376 14376 14417
14296 14330 14418 14449 14437 14422 14357 14368 14394 14413 14466 14451 14441 14438 14428 14413 14348 14356 14339 14402 14407
14306 14339 14423 14442 14405 14237 14323 14420 14394 14466 14438 14435 14448 14456 14430 14433 14458 14451 14429 14421 14392
14373 14350 14426 14404 14243 14294 14355 14405 14525 14436 14442 14469 14463 14494 14505 14453 14453 14446 14444 14421 14356
14347 14457 14486 14474 14357 14388 14405 14497 14462 14466 14566 14569 14564 14525 14505 14487 14453 14421 14418 14306 14298
14491 14404 14610 14524 14543 14541 14505 14514 14521 14549 14522 14502 14480 14483 14468 14438 14408 14427 14333 14320 14290
14415 14423 14482 14590 14590 14495 14463 14441 14491 14455 14451 14462 14453 14445 14393 14421 14428 14477 14406 14378 14311
14574 14540 14548 14546 14400 14355 14379 14456 14468 14473 14473 14467 14477 14409 14412 14487 14475 14434 14398 14347 14228
14573 14551 14449 14446 14460 14499 14447 14453 14480 14475 14461 14453 14474 14487 14485 14452 14398 14359 14315 14319 14263
14479 14552 14451 14501 14544 14413 14475 14468 14464 14454 14401 14405 14435 14439 14404 14336 14303 14299 14304 14278 14259
14540 14580 14584 14516 14426 14440 14472 14480 14464 14452 14409 14456 14441 14394 14334 14319 14309 14300 14271 14278 14322
14605 14594 14621 14457 14468 14464 14512 14522 14511 14493 14474 14484 14488 14381 14355 14329 14316 14301 14296 14298 14304
14613 14582 14547 14483 14478 14479 14506 14523 14516 14512 14507 14502 14393 14382 14340 14329 14305 14297 14244 14252 14298
