inst/extdata/modis/lst/modgrid/Lat43.00075Lon-78.78820Start2001-01-01End2013-12-31___MOD11A2/GRID_Lat43.00075Lon-78.78820Start2001-01-01End2013-12-31___MOD11A2_LST_Day_1km_A2003265.asc
ncols		 21
nrows		 21
xllcorner	 -6416881.12
yllcorner	 4772121.02
cellsize	 926.625433055834
NODATA_value	 0
14716 14732 14730 14722 14723 14718 14725 14691 14673 14665 14666 14669 14651 14638 14640 14618 14602 14601 14602 14603 14593
14635 14631 14630 14631 14625 14638 14610 14610 14611 14618 14623 14617 14615 14628 14609 14600 14558 14546 14566 14563 14552
14578 14578 14574 14648 14583 14571 14572 14584 14606 14612 14616 14626 14626 14610 14599 14575 14556 14557 14546 14552 14568
14522 14534 14544 14553 14580 14520 14543 14588 14616 14622 14633 14651 14670 14611 14578 14548 14536 14519 14517 14539 14565
14561 14580 14595 14562 14521 14565 14568 14600 14650 14667 14672 14668 14632 14605 14568 14563 14530 14503 14516 14541 14552
14626 14632 14604 14571 14553 14551 14584 14643 14680 14688 14662 14607 14598 14596 14602 14584 14532 14516 14530 14545 14554
14644 14637 14634 14610 14583 14597 14624 14682 14699 14661 14613 14610 14617 14619 14606 14566 14538 14555 14570 14557 14552
14613 14612 14609 14598 14618 14637 14691 14714 14684 14663 14634 14632 14635 14608 14591 14574 14580 14583 14583 14587 14596
14594 14595 14592 14629 14656 14695 14714 14696 14679 14660 14650 14657 14592 14628 14622 14626 14607 14593 14597 14608 14622
14601 14589 14627 14678 14709 14714 14703 14698 14700 14705 14724 14696 14663 14656 14677 14676 14613 14585 14602 14611 14625
14636 14628 14690 14710 14716 14710 14720 14724 14726 14726 14702 14694 14684 14681 14683 14661 14655 14628 14627 14647 14635
14653 14706 14716 14725 14723 14743 14742 14876 14880 14731 14711 14686 14676 14681 14697 14683 14671 14668 14635 14660 14633
14726 14730 14746 14751 14762 14760 14914 14783 14754 14730 14694 14686 14684 14695 14691 14676 14674 14680 14694 14657 14603
14752 14769 14765 14764 14759 14762 14769 14754 14738 14709 14697 14665 14672 14700 14683 14671 14676 14691 14658 14548 14521
14796 14789 14778 14773 14753 14742 14726 14713 14702 14692 14651 14652 14702 14702 14692 14572 14644 14621 14548 14514 14516
14806 14790 14774 14761 14750 14733 14697 14697 14698 14698 14688 14687 14684 14696 14635 14644 14631 14565 14498 14486 14484
14808 14781 14796 14789 14773 14741 14715 14720 14719 14715 14696 14680 14684 14606 14613 14601 14530 14497 14495 14484 14488
14775 14775 14796 14794 14772 14734 14727 14728 14740 14733 14693 14685 14591 14578 14559 14518 14491 14493 14481 14484 14459
14762 14786 14790 14777 14739 14721 14730 14742 14747 14829 14704 14605 14587 14565 14519 14485 14478 14468 14479 14460 14537
14786 14794 14771 14722 14697 14726 14743 14753 14857 14831 14616 14613 14595 14559 14567 14550 14547 14542 14546 14567 14565
14803 14801 14754 14716 14755 14755 14859 14865 14846 14824 14705 14682 14711 14578 14551 14534 14528 14549 14559 14578 14576
