inst/extdata/modis/lst/modgrid/Lat43.00075Lon-78.78820Start2001-01-01End2013-12-31___MOD11A2/GRID_Lat43.00075Lon-78.78820Start2001-01-01End2013-12-31___MOD11A2_LST_Day_1km_A2001009.asc
ncols		 21
nrows		 21
xllcorner	 -6416881.12
yllcorner	 4772121.02
cellsize	 926.625433055834
NODATA_value	 0
13417 13407 13409 13400 13396 13395 13658 13656 13641 13631 13344 13339 13332 13629 13626 13623 13305 13306 13311 13312 13312
13412 13415 13448 13430 13401 13663 13657 13639 13636 13634 13334 13331 13327 13328 13314 13313 13314 13313 13311 13316 13316
13469 13477 13504 13511 13679 13670 13650 13641 13637 13639 13334 13332 13332 13330 13322 13321 13318 13316 13325 13325 13320
13661 13502 13504 13672 13667 13660 13660 13656 13654 13650 13646 13347 13350 13344 13335 13326 13330 13348 13333 13325 13313
13655 13657 13657 13653 13657 13659 13661 13666 13667 13663 13354 13347 13350 13349 13357 13364 13367 13344 13332 13323 13315
13372 13373 13651 13654 13654 13662 13677 13672 13385 13387 13339 13338 13347 13356 13368 13371 13700 13336 13327 13317 13316
13370 13642 13646 13650 13665 13684 13684 13392 13390 13372 13345 13347 13349 13352 13367 13384 13377 13671 13666 13658 13656
13638 13641 13641 13650 13663 13674 13682 13378 13379 13359 13351 13350 13355 13351 13354 13669 13670 13671 13670 13661 13662
13631 13641 13649 13647 13647 13677 13378 13377 13363 13354 13350 13362 13350 13347 13667 13667 13668 13667 13661 13661 13658
13647 13654 13654 13651 13685 13378 13372 13364 13362 13364 13370 13361 13353 13356 13668 13668 13666 13665 13664 13660 13652
13645 13651 13660 13680 13352 13357 13358 13357 13368 13322 13317 13315 13314 13583 13665 13665 13665 13665 13662 13657 13656
13638 13335 13345 13351 13357 13373 13375 13381 13322 13314 13305 13306 13583 13664 13665 13665 13664 13659 13656 13563 13567
13335 13345 13348 13356 13375 13382 13392 13332 13314 13303 13303 13572 13565 13565 13565 13573 13579 13579 13573 13565 13565
13360 13365 13374 13370 13374 13383 13381 13698 13700 13700 13565 13565 13565 13565 13572 13577 13577 13577 13568 13563 13563
13376 13384 13371 13364 13362 13360 13353 13355 13691 13565 13565 13565 13565 13572 13574 13574 13574 13577 13637 13636 13633
13388 13379 13380 13376 13366 13351 13352 13671 13660 13661 13661 13650 13571 13571 13571 13571 13562 13546 13546 13546 13618
13388 13379 13371 13367 13684 13681 13665 13659 13660 13658 13644 13571 13571 13571 13571 13552 13546 13546 13546 13607 13610
13386 13367 13363 13686 13682 13662 13659 13659 13655 13642 13641 13641 13636 13627 13546 13546 13546 13546 13606 13606 13603
13367 13367 13695 13680 13656 13659 13660 13657 13656 13546 13546 13546 13546 13546 13624 13617 13610 13513 13513 13513 13513
13695 13695 13670 13650 13650 13653 13656 13659 13546 13546 13546 13546 13546 13619 13611 13611 13513 13513 13513 13513 13513
13695 13679 13664 13656 13650 13646 13648 13546 13546 13546 13546 13546 13629 13616 13612 13513 13513 13513 13512 13509 13507
