inst/extdata/modis/lst/modgrid/Lat43.00075Lon-78.78820Start2001-01-01End2013-12-31___MOD11A2/GRID_Lat43.00075Lon-78.78820Start2001-01-01End2013-12-31___MOD11A2_LST_Day_1km_A2002289.asc
ncols		 21
nrows		 21
xllcorner	 -6416881.12
yllcorner	 4772121.02
cellsize	 926.625433055834
NODATA_value	 0
14275 14297 14310 14313 14311 14419 14353 14243 14213 14256 14288 14305 14297 14314 14277 14256 14249 0 0 14182 14163
14200 14241 14265 14266 14247 14230 14175 14157 14236 14259 14279 14290 14272 14275 14337 14320 14317 14189 14182 14221 14165
14199 14203 14223 14239 14227 14155 14130 14148 14261 14267 14269 14087 14094 14103 14072 14066 14035 14032 14186 14159 14135
14109 14113 14176 14208 14165 14082 14028 14027 14099 0 0 14087 13848 14010 14034 14037 14030 14182 14103 14094 0
14059 14091 14111 14150 14094 14104 14029 14100 0 0 0 13963 13923 13952 13969 14000 14178 14100 14094 0 13977
14067 14074 14116 14056 14070 14082 14066 14048 14048 0 13913 13927 14111 14088 14140 14168 14130 0 0 13983 13989
14107 14109 14033 14033 14036 14106 14192 14048 0 0 0 14114 14114 0 0 0 0 0 13983 13991 13993
14178 0 14033 14033 14153 14188 0 0 0 0 0 0 0 13830 14133 14156 14259 14109 13983 13986 14007
0 0 14326 14326 0 0 0 0 0 0 0 0 13983 13992 14008 14043 14234 14234 0 13983 13983
14310 14333 14327 14362 14363 14409 14407 0 0 0 14265 14012 13987 14020 14020 14159 14085 13926 13767 13767 13829
14332 14335 14409 14428 14409 14406 14396 14371 14401 14323 14289 14140 14022 14093 14090 14101 13998 13954 13950 13812 13834
14365 14416 14429 14398 14356 14342 14351 14385 14455 14448 14198 14009 14015 14021 14115 13954 13954 13958 13824 13840 13838
14394 14382 14336 14319 14353 14360 14358 14448 14492 14470 14428 14375 14083 14083 14190 14198 14091 13752 13787 13810 13958
14258 14372 14319 14383 14412 0 14448 14353 14392 14391 14351 14176 14155 14184 14201 14048 14057 13997 13955 13969 13776
14434 14403 0 14339 0 14097 14166 14279 14303 14247 14163 14166 14281 14306 14327 14360 13993 13958 13984 14010 13780
14378 14299 14339 14302 14222 14120 14218 14178 14188 14164 14114 0 0 14271 14282 14034 13982 13979 13953 13969 14043
14299 14306 14325 14276 14215 0 14169 14121 14145 0 0 0 14245 14233 14007 13789 13796 13947 14010 14071 14072
14295 14345 14355 0 0 0 14072 14072 0 0 13848 13848 14024 13985 13770 13771 13798 13853 14069 14069 14050
0 14277 0 0 0 0 0 0 14081 14082 14086 14093 13788 13770 13770 13777 13985 13995 14018 14017 14029
14297 14323 14316 14302 14311 0 14250 14298 14089 14091 14095 14342 14346 14346 13779 13985 14000 13992 14145 13985 14093
14338 14310 14304 14281 14280 14288 14342 14364 14373 14319 14326 14346 14346 0 14190 14237 14224 14238 14189 14204 14220
