inst/extdata/modis/lst/modgrid/Lat43.00075Lon-78.78820Start2001-01-01End2013-12-31___MOD11A2/GRID_Lat43.00075Lon-78.78820Start2001-01-01End2013-12-31___MOD11A2_LST_Day_1km_A2005297.asc
ncols		 21
nrows		 21
xllcorner	 -6416881.12
yllcorner	 4772121.02
cellsize	 926.625433055834
NODATA_value	 0
14271 14306 14315 14303 14296 14278 14265 14282 14264 14245 14271 14285 14291 14297 14305 14291 14273 14275 14282 14365 14366
14247 14256 14253 14254 14247 14239 14253 14259 14254 14253 14290 14306 14314 14315 14299 14281 14275 14280 14349 14160 14236
14199 14202 14213 14226 14220 14217 14246 14249 14239 14271 14282 14282 14298 14299 14286 14267 14246 14251 14155 14144 14226
14168 14173 14185 14178 14190 14235 14239 14242 14281 14303 14300 14311 14312 14219 14198 14244 14155 14156 14152 14164 14131
14159 14158 14170 14180 14246 14244 14247 14296 14301 14235 14232 14239 14227 14224 14212 14215 14191 14170 14171 14181 14167
14190 14164 14171 14124 14122 14135 14153 14200 14218 14219 14222 14196 14187 14217 14229 14243 14243 14221 14205 14184 14184
14238 14252 14126 14129 14159 14189 14215 14220 14255 14264 14205 14162 14253 14192 14200 14230 14218 14187 14158 14171 14171
14227 14157 14146 14161 14182 14229 14232 14257 14254 14298 14250 14245 14109 14122 14222 14219 14334 14177 14163 14193 14200
14198 14156 14151 14150 14223 14228 14249 14302 14302 14301 14361 14120 14102 14234 14267 14269 14229 14227 14260 14253 14244
14227 14343 14133 14358 14277 14278 14163 14274 14279 14204 14270 14257 14246 14232 14230 14229 14205 14222 14243 14247 14224
14333 14345 14367 14286 14175 14168 14168 14190 14219 14254 14288 14265 14260 14189 14198 14197 14203 14234 14243 14238 14244
14259 14354 14359 14150 14166 14427 14198 14205 14252 14266 14291 14269 14189 14196 14290 14183 14196 14242 14255 14258 14248
14251 14301 14321 14190 14345 14220 14215 14259 14273 14421 14414 14400 14420 14298 14299 14196 14248 14264 14274 14254 14282
14293 14317 14204 14208 14229 14236 14259 14248 14420 14224 14217 14410 14442 14326 14318 14316 14314 14251 14240 14274 14237
14325 14205 14203 14210 14193 14252 14246 14283 14219 14222 14225 14430 14319 14201 14310 14307 14301 14271 14248 14252 14152
14399 14396 14389 14180 14409 14281 14278 14281 14201 14279 14404 14301 14190 14190 14305 14300 14279 14236 14155 14146 14150
14392 14381 14374 14377 14267 14268 14269 14269 14265 14283 14283 14182 14186 14389 14285 14272 14227 14154 14145 14143 0
14355 14359 14374 14369 14257 14260 14269 14269 14287 14276 14270 14285 14285 14280 14268 14249 14233 14233 14192 0 14034
14360 14379 14384 14366 14355 14362 14269 14288 14276 14254 14268 14284 14288 14273 14251 14236 14230 14252 14241 14052 14116
14377 14377 14357 14340 14343 14354 14364 14354 14277 14281 14288 14290 14277 14258 14243 14217 14202 14199 14248 14254 14245
14291 14375 14346 14345 14347 14323 14320 14324 14326 14316 14298 14294 14268 14248 14204 14191 14182 14180 14071 14071 0
