inst/extdata/modis/lst/modgrid/Lat43.00075Lon-78.78820Start2001-01-01End2013-12-31___MOD11A2/GRID_Lat43.00075Lon-78.78820Start2001-01-01End2013-12-31___MOD11A2_LST_Day_1km_A2004145.asc
ncols		 21
nrows		 21
xllcorner	 -6416881.12
yllcorner	 4772121.02
cellsize	 926.625433055834
NODATA_value	 0
15048 15044 15069 15042 14925 14915 14886 14874 14851 14820 14890 14908 14806 14801 14770 14713 14711 14728 14715 14693 14663
14842 14914 14904 14958 14955 14910 14788 14767 14757 14827 14867 14877 14805 14814 14788 14753 14736 14711 14679 14698 14668
14546 14561 14548 14601 14670 14693 14723 14784 14798 14833 14854 14798 14813 14822 14802 14763 14712 14712 14699 14679 14683
14501 14553 14555 14565 14612 14563 14608 14702 14809 14879 14887 14920 14974 14844 14785 14806 14788 14758 14661 14676 14669
14731 14651 14790 14724 14673 14627 14614 14673 14878 14992 14964 14966 14916 14894 14860 14827 14761 14719 14709 14654 14656
14846 14858 14819 14784 14735 14655 14605 14791 14970 14997 14956 14837 14861 14882 14862 14791 14739 14703 14737 14664 14720
14873 14875 14864 14796 14733 14705 14774 14907 15033 14988 14850 14869 14918 14934 14882 14805 14789 14809 14735 14714 14730
14830 14836 14813 14778 14795 14780 14890 15027 15013 14939 14886 14910 14970 14969 14885 14852 14756 14755 14760 14769 14706
14808 14810 14807 14825 14823 14952 15039 15016 14949 14918 14948 14990 14952 14917 14911 14817 14809 14796 14807 14779 14853
14792 14778 14832 14903 15022 15066 15046 15013 15009 15047 15060 14987 14966 14955 14836 14845 14826 14789 14778 14783 14764
14754 14801 14971 15050 15075 15064 15033 15047 15083 15070 15032 15032 14859 14825 14837 14836 14833 14817 14816 14799 14783
14822 14960 15028 15042 15055 15072 15101 15099 15108 15052 15035 14857 14809 14975 15009 14997 14967 14861 15023 14926 14893
14978 15007 15071 15078 15086 15086 15105 15123 15055 15034 15005 14956 14988 15024 15003 14987 15005 15047 15002 14932 14883
15036 15130 15128 15035 15039 15106 15181 15053 15018 15008 14887 14918 14992 15044 15018 14986 15021 14995 14923 14876 14834
15161 15072 15062 15051 15115 15109 15055 15027 14966 14914 14885 14935 15011 15007 14958 14984 15030 14948 14866 14830 14835
15126 15086 15064 15132 15053 15017 14990 14966 14955 15029 15015 14961 14977 14971 14992 15029 14941 14880 14832 14677 14682
15116 15053 15127 15125 15033 15005 14995 15035 15044 15051 14982 14981 14971 15003 14975 14886 14841 14813 14768 14706 14751
15103 15143 15010 15004 15013 15065 15068 15064 15067 15058 15007 14981 14949 14942 14851 14783 14738 14755 14829 14771 14762
15145 15018 15024 15016 15073 15070 15076 15083 15106 15092 15044 14978 14908 14871 14794 14726 14699 14734 14734 14744 14834
15132 15152 15105 15052 15054 15068 15062 15105 15124 15083 15019 15029 14935 14937 14877 14725 14764 14799 14812 14854 14839
15147 15124 15079 15061 15064 15113 15134 15143 15095 15041 15065 15058 15032 14955 14877 14832 14827 14819 14832 14846 14785
