inst/extdata/modis/lst/modgrid/Lat43.00075Lon-78.78820Start2001-01-01End2013-12-31___MOD11A2/GRID_Lat43.00075Lon-78.78820Start2001-01-01End2013-12-31___MOD11A2_LST_Day_1km_A2007009.asc
ncols		 21
nrows		 21
xllcorner	 -6416881.12
yllcorner	 4772121.02
cellsize	 926.625433055834
NODATA_value	 0
13425 13426 13671 0 0 0 0 0 0 0 0 0 13666 13666 13666 13683 13680 13357 13350 13352 13340
13452 13450 0 0 0 0 0 0 0 0 13087 13087 13087 0 13682 13680 13675 13662 13342 13340 13321
13570 13502 13686 13677 13676 13664 13668 13671 13710 13393 13078 13087 0 0 0 0 13329 13327 13328 13637 0
13502 13685 13677 13672 13668 13682 13498 13428 13406 13070 0 0 13716 13716 0 13003 13003 13003 0 0 0
13667 13672 13672 13668 13698 13707 13461 13461 0 13751 13751 13701 13697 13636 13636 0 0 0 0 0 0
13667 13667 0 0 13694 13708 13760 13805 13755 13748 13690 13677 13636 13636 0 0 0 13690 13690 0 13677
13712 13712 13708 13712 13711 13762 13799 13755 13744 0 0 0 13636 0 0 0 13690 13690 0 13677 13677
13713 13708 13717 13727 13764 13782 13782 0 0 0 0 13732 13732 13744 13747 0 0 0 0 13677 13711
0 13712 13712 13712 13782 13782 0 0 0 0 13737 13733 13744 13747 0 13751 13751 13735 13722 13722 0
13737 13712 13674 13668 13703 13703 0 0 0 13770 13770 13773 13768 13756 13754 13751 13736 13722 13722 0 0
0 13668 13669 13703 13703 0 0 0 13721 13729 13736 13742 13737 13747 13751 13751 0 0 0 13358 13482
0 0 0 13708 13707 13696 13703 13721 13718 13711 13703 13690 13690 0 0 0 0 0 13358 13358 13358
0 0 13692 13700 13709 13710 13727 13729 13729 13728 13723 13712 0 0 0 0 0 0 0 0 0
0 13701 13700 13732 13737 13737 13725 13728 13727 13723 13716 13645 13658 13664 0 0 0 0 13745 13747 13736
13765 13761 13746 13744 13737 0 13108 13108 0 0 13645 13659 13666 0 0 0 13744 13745 13744 13732 13709
13760 13747 13738 13730 13730 13108 13384 0 0 0 13660 13667 0 0 13725 13738 13744 13740 13726 13713 13708
13732 13731 13730 13730 0 13660 13660 0 0 0 0 0 13700 13722 13725 13725 13726 13709 13703 13687 13693
13731 13731 13700 13690 13654 13655 0 13645 13645 13647 13700 13700 13701 13706 13713 13719 13706 13698 13666 13667 13673
13704 13668 13664 13631 13632 13573 13645 13645 13646 13650 13689 13698 13711 13710 13711 13702 13700 13676 13670 13662 13667
13644 13631 13588 13582 13573 13600 13618 13661 13667 13697 13701 13713 13706 13703 13678 13673 13664 13653 13643 13651 13655
0 13588 13566 13564 13590 13602 13661 13674 13706 13705 13700 13620 13618 13643 13647 13647 13641 13632 13635 13637 13624
