inst/extdata/modis/lst/modgrid/Lat43.00075Lon-78.78820Start2001-01-01End2013-12-31___MOD11A2/GRID_Lat43.00075Lon-78.78820Start2001-01-01End2013-12-31___MOD11A2_LST_Day_1km_A2005185.asc
ncols		 21
nrows		 21
xllcorner	 -6416881.12
yllcorner	 4772121.02
cellsize	 926.625433055834
NODATA_value	 0
15352 15375 15442 15396 15468 15409 15408 15345 15337 15328 15324 15324 15304 15287 15245 15197 15199 15221 15238 15226 15149
15068 15163 15149 15123 15214 15231 15223 15211 15186 15167 15215 15258 15264 15257 15234 15217 15216 15236 15230 15157 15126
14912 14925 14914 15030 14970 14969 14984 15114 15118 15148 15181 15195 15230 15239 15235 15206 15182 15155 15113 15102 15107
14880 14869 14852 14884 14965 14801 14835 14872 15032 15195 15208 15245 15272 15259 15206 15166 15125 15088 15084 15107 15123
14912 14926 14967 14942 14930 14962 14839 14994 15190 15254 15283 15272 15251 15231 15145 15144 15085 15064 15079 15100 15117
15062 15064 15027 15012 14963 14937 14989 15075 15170 15232 15268 15191 15191 15166 15189 15130 15071 15053 15082 15139 15192
15102 15128 15098 15052 15041 15037 15045 15193 15257 15250 15192 15191 15223 15292 15218 15150 15118 15141 15219 15224 15224
15085 15020 14988 14980 15083 15101 15253 15271 15270 15223 15209 15228 15302 15252 15215 15177 15193 15252 15231 15227 15211
14913 14938 15089 15132 15156 15272 15279 15263 15326 15277 15329 15333 15350 15326 15255 15265 15326 15272 15266 15264 15256
14923 15078 15149 15200 15313 15310 15293 15379 15355 15379 15364 15347 15384 15394 15392 15363 15286 15242 15236 15259 15278
15107 15178 15218 15332 15336 15416 15420 15446 15411 15411 15436 15431 15402 15390 15347 15316 15272 15279 15312 15324 15319
15197 15311 15470 15401 15521 15529 15551 15562 15584 15552 15539 15452 15428 15416 15418 15431 15424 15403 15407 15430 15349
15425 15477 15476 15482 15525 15550 15568 15592 15576 15409 15383 15369 15371 15372 15373 15367 15372 15398 15406 15356 15248
15484 15497 15485 15335 15356 15381 15404 15535 15382 15368 15352 15335 15351 15394 15370 15364 15393 15393 15335 15230 15223
15500 15493 15339 15342 15355 15479 15367 15346 15343 15338 15319 15330 15372 15376 15381 15394 15431 15305 15242 15225 15189
15552 15519 15496 15498 15467 15364 15334 15327 15335 15351 15355 15355 15427 15445 15446 15457 15315 15254 15229 15175 15159
15512 15518 15528 15528 15436 15353 15343 15351 15359 15363 15362 15367 15376 15359 15333 15317 15228 15217 15186 15175 15171
15518 15531 15547 15466 15424 15415 15416 15420 15450 15316 15281 15342 15325 15225 15075 15035 15032 15081 15089 15052 15096
15537 15574 15570 15495 15467 15451 15436 15434 15325 15320 15428 15344 15234 15079 15016 14989 15004 15013 14967 14976 14969
15568 15568 15496 15464 15462 15456 15481 15482 15535 15528 15496 15270 15239 15198 15139 15084 15065 14983 14979 14976 15048
15561 15467 15462 15453 15455 15510 15511 15559 15540 15508 15386 15375 15201 15147 15091 15169 15122 15016 15010 15045 15100
