inst/extdata/modis/lst/modgrid/Lat43.00075Lon-78.78820Start2001-01-01End2013-12-31___MOD11A2/GRID_Lat43.00075Lon-78.78820Start2001-01-01End2013-12-31___MOD11A2_LST_Day_1km_A2013193.asc
ncols		 21
nrows		 21
xllcorner	 -6416881.12
yllcorner	 4772121.02
cellsize	 926.625433055834
NODATA_value	 0
15251 15248 15156 15298 15402 0 15313 15290 15266 15321 15331 15324 15283 15254 15228 15127 15137 15156 15078 15085 15036
14963 15016 15125 14970 14928 15183 15164 15127 15158 15153 15169 15231 15264 15249 15183 15165 15151 15114 15085 15069 15056
14875 14926 14909 14912 14909 14945 15001 15024 15111 15107 15187 15220 15249 15311 15325 15204 15125 15089 15044 15040 15070
14859 14871 14880 14884 14909 14872 14915 15058 15156 15230 15203 15294 15368 15355 15204 15143 15068 15032 15015 15022 15029
14958 14959 14984 14957 14895 14883 14911 15004 15113 15211 15136 15319 15287 15213 15205 15093 15039 14998 14995 15014 15039
15084 15120 15095 15035 14953 14947 14966 15063 15183 14898 15252 15188 15192 15205 15096 15071 15032 15019 15066 15062 15122
15236 15202 15131 15044 14996 14985 15031 15047 14899 15295 15225 15215 15217 15143 15120 15069 15056 15078 15085 15169 15179
15157 15148 15139 15139 15105 15081 15068 15089 15342 15268 15235 15276 15336 15217 15098 15084 15081 15137 15138 15166 15144
15140 15145 15165 15159 15149 15166 0 15354 15301 15273 15263 15340 15363 15195 15165 15141 15262 15181 15186 15211 15211
15090 15120 15137 15186 15168 15269 0 15420 15419 15287 15396 15363 15330 15330 15325 15224 15214 15176 15161 15262 15203
15116 15155 15177 15269 15269 0 15464 15420 15332 0 0 0 15305 15307 15235 15239 15175 15162 15236 15233 15234
15172 15295 0 0 0 15464 15395 15354 0 0 0 15323 15305 15316 0 15241 15233 15255 15361 15305 15208
15345 0 0 0 0 0 0 0 0 0 15370 15370 0 15394 15360 15275 15295 15326 15282 15207 15154
0 0 0 0 0 0 0 0 0 15380 15370 15343 15311 15396 15293 15304 15292 15318 15218 15184 15170
0 0 0 0 0 0 0 0 0 0 15343 15310 15332 15333 15333 15333 15351 15205 15189 15182 15101
0 0 0 0 0 15345 15345 0 0 0 15245 15245 15308 15372 15380 0 15220 15229 15116 15045 15046
0 0 0 0 15345 15345 0 0 0 0 15288 15288 15326 0 15351 15297 15043 15173 15096 15057 15059
0 0 0 0 0 0 0 0 0 15288 15288 15265 15245 15285 15208 15129 15037 15052 15030 15033 15034
0 0 0 0 0 0 0 0 0 15288 15256 15245 15203 15190 15129 15041 15038 15050 15075 15089 15072
0 0 0 0 0 15349 15349 0 0 0 0 0 15194 15171 15166 15092 15086 15152 15137 15174 15147
0 0 0 0 15349 15349 0 0 0 0 0 0 0 15194 15199 15192 15186 15131 15128 15134 15124
