inst/extdata/modis/lst/modgrid/Lat43.00075Lon-78.78820Start2001-01-01End2013-12-31___MOD11A2/GRID_Lat43.00075Lon-78.78820Start2001-01-01End2013-12-31___MOD11A2_LST_Day_1km_A2007065.asc
ncols		 21
nrows		 21
xllcorner	 -6416881.12
yllcorner	 4772121.02
cellsize	 926.625433055834
NODATA_value	 0
13848 13855 14015 14244 14242 14221 0 0 0 13846 13843 13826 13824 13834 13834 13815 13738 13612 13607 13602 13718
13732 13746 13861 13859 13838 13967 14035 13805 13797 13801 13809 13842 13855 13864 13836 13814 13663 13665 13666 13712 13819
13698 13786 13791 13791 13776 13805 13776 13693 13698 13703 13848 13859 13755 13834 13834 13820 13666 13674 13822 13750 13742
13734 13771 13772 13771 13754 13744 13676 13696 13704 13844 13777 13778 13768 13763 13759 13817 13830 13830 13751 13639 13622
13769 13779 13791 13768 13757 13683 13690 13734 13878 13923 14027 13835 0 13813 13797 13756 13738 13671 13669 13665 13745
13769 13780 13855 13821 13813 13809 13844 13900 13926 14074 14108 13918 13857 13851 13988 13974 13788 13679 13677 13766 13755
13767 13776 13781 13779 13834 13871 13892 13928 14106 14108 13900 13877 14004 13998 13993 13983 13814 13801 13803 13797 13757
13764 13763 13768 13765 13827 13835 13754 14298 14104 14077 14010 14009 14010 14019 13994 13978 13818 13816 13813 13811 13809
13766 13764 13765 13801 13808 13969 14250 14290 14285 14052 14056 14075 14033 14012 14006 13996 13846 13833 13834 13829 13818
13781 13774 13767 13937 13952 14258 14334 14326 14328 14308 14323 14326 14125 14088 13995 13869 13875 13854 13963 13963 14030
13785 13793 13955 13989 14313 14357 14353 14363 14367 14394 14369 14325 14325 14056 14060 14115 14074 14037 14031 14030 14016
13838 14100 14300 14339 14371 14386 14403 14414 14428 14388 14325 14316 14269 14265 14327 14319 14329 14071 14053 14031 14018
14327 14316 14359 14372 14402 14410 14436 14462 14427 14387 14346 14298 14307 14363 14356 14339 14337 14356 14355 14037 14034
14374 14417 14401 14405 14414 14428 14431 14392 14385 14362 14347 14329 14327 14351 14350 14353 14368 14356 14302 14282 14001
14434 14426 14409 14407 14424 14421 14359 14369 14350 14348 14341 14323 14364 14388 14384 14380 14360 14332 14332 14008 14004
14432 14427 14431 14436 14389 14322 14321 14342 14346 14364 14364 14383 14386 14383 14388 14384 13873 13835 13581 13796 13789
14431 14416 14422 14386 14361 14345 14343 14353 14371 14372 14385 14384 14369 14368 14379 13874 13842 13577 13796 13799 13930
14401 14405 14401 14395 14369 14357 14366 14372 14379 14383 14379 14367 14368 0 13366 13576 13601 13718 13784 13790 13737
14387 14408 14400 14368 14365 14365 14374 14400 14401 14380 14366 14366 0 13787 13794 13725 13734 13745 13747 13730 13736
0 14373 14352 14346 14342 14357 14409 14413 14403 14388 0 0 13812 13812 13802 13806 13636 13627 13594 13678 13692
14392 14382 14354 14330 14354 14399 14405 14407 14407 14411 14351 14082 14082 13805 13820 13746 13731 13716 13818 13832 13720
