inst/extdata/modis/lst/modgrid/Lat43.00075Lon-78.78820Start2001-01-01End2013-12-31___MOD11A2/GRID_Lat43.00075Lon-78.78820Start2001-01-01End2013-12-31___MOD11A2_LST_Day_1km_A2001329.asc
ncols		 21
nrows		 21
xllcorner	 -6416881.12
yllcorner	 4772121.02
cellsize	 926.625433055834
NODATA_value	 0
14137 14145 14148 14152 14160 14145 14136 14125 14125 14124 14139 14153 14149 14143 14130 14118 14103 14107 14116 14115 14114
14130 14135 14113 14107 14106 14114 14117 14118 14116 14117 14128 14141 14151 14147 14130 14111 14106 14104 14111 14114 14118
14109 14119 14100 14094 14104 14108 14109 14108 14109 14121 14125 14131 14140 14139 14125 14108 14108 14109 14110 14115 14116
14110 14098 14087 14082 14091 14102 14107 14106 14139 14155 14147 14146 14150 14129 14108 14110 14112 14105 14104 14109 14111
14119 14119 14112 14095 14092 14109 14117 14147 14155 14156 14158 14165 14130 14113 14117 14117 14109 14103 14101 14107 14110
14125 14128 14102 14097 14105 14113 14130 14150 14155 14148 14146 14120 14120 14135 14144 14139 14117 14105 14108 14114 14109
14130 14126 14122 14118 14109 14108 14156 14161 14160 14138 14112 14134 14142 14151 14148 14129 14130 14139 14129 14114 14110
14124 14128 14131 14112 14116 14163 14163 14169 14155 14145 14151 14151 14154 14144 14133 14140 14144 14138 14128 14142 14141
14130 14133 14151 14149 14167 14160 14155 14163 14159 14160 14160 14165 14165 14157 14153 14150 14165 14158 14150 14142 14141
14147 14155 14163 14171 14174 14167 14148 14160 14168 14172 14173 14172 14171 14171 14166 14158 14156 14152 14133 14127 14119
14146 14162 14164 14154 14156 14137 14149 14162 14170 14172 14170 14168 14158 14164 14163 14159 14154 14155 14147 14131 14124
14147 14155 14155 14154 14156 14176 14175 14175 14167 14155 14152 14151 14170 14172 14184 14181 14172 14165 14154 14166 14166
14153 14168 14179 14179 14188 14185 14183 14176 14166 14163 14155 14180 14181 14180 14179 14179 14186 14188 14185 14174 14131
14158 14181 14184 14191 14189 14185 14174 14169 14171 14173 14167 14168 14171 14173 14175 14154 14162 14176 14171 14159 14130
14178 14183 14185 14185 14183 14169 14167 14160 14162 14164 14162 14161 14161 14161 14153 14155 14161 14141 14131 14105 14103
14173 14176 14180 14179 14169 14155 14153 14161 14163 14158 14156 14146 14151 14153 14155 14156 14126 14119 14082 14084 14067
14173 14174 14172 14169 14163 14159 14162 14157 14150 14147 14140 14144 14149 14130 14133 14118 14101 14055 14064 14072 14067
14175 14170 14170 14171 14165 14157 14154 14151 14145 14137 14125 14125 14122 14123 14118 14096 14071 14073 14075 14067 14067
14166 14170 14170 14162 14158 14153 14153 14152 14146 14136 14133 14126 14123 14119 14100 14087 14078 14077 14070 14063 14057
14178 14182 14172 14163 14153 14146 14142 14145 14141 14151 14153 14152 14142 14110 14094 14082 14069 14059 14057 14048 14070
14177 14180 14173 14161 14153 14146 14149 14148 14159 14150 14147 14147 14128 14096 14079 14068 14057 14059 14065 14068 14069
