inst/extdata/modis/lst/modgrid/Lat43.00075Lon-78.78820Start2001-01-01End2013-12-31___MOD11A2/GRID_Lat43.00075Lon-78.78820Start2001-01-01End2013-12-31___MOD11A2_LST_Day_1km_A2006137.asc
ncols		 21
nrows		 21
xllcorner	 -6416881.12
yllcorner	 4772121.02
cellsize	 926.625433055834
NODATA_value	 0
14858 14870 14792 14766 14872 14866 14820 14797 14781 14754 14749 14747 14660 14653 14506 14480 14536 14593 14599 14585 14544
14525 14587 14607 14676 14706 14697 14706 14721 14730 14732 14473 14554 14659 14773 14604 14584 14592 14585 14557 14542 14479
14256 14251 14254 14550 14524 14513 14551 14601 14635 14444 14535 14611 14759 14657 14624 14595 14569 14555 14545 14460 14443
14270 14169 14228 14524 14522 14234 14293 14213 14653 14578 14608 14646 14696 14653 14611 14564 14515 14501 14468 14440 14453
14452 14302 14333 14553 14463 14439 14240 14141 14683 14703 14658 14681 14669 14634 14591 14550 14511 14466 14424 14453 14566
14418 14447 14625 14639 14343 14338 14254 14684 14709 14706 14696 14643 14616 14596 14579 14557 14503 14493 14535 14565 14582
14544 14557 14572 14654 14358 14342 14354 14681 14717 14729 14649 14610 14607 14629 14619 14582 14569 14626 14654 14576 14585
14556 14556 14525 14533 14508 14407 14561 14714 14712 14630 14589 14634 14751 14785 14640 14620 14671 14677 14623 14594 14590
14560 14487 14540 14486 14492 14619 14759 14755 14719 14650 14645 14683 14687 14671 14677 14753 14754 14639 14606 14566 14654
14501 14487 14469 14589 14682 14802 14804 14790 14763 14793 14853 14816 14783 14806 14813 14795 14645 14608 14585 14661 14737
14484 14575 14727 14806 14832 14826 14824 14795 14811 14896 14865 14809 14818 14789 14800 14769 14731 14625 14725 14782 14769
14710 14754 14816 14837 14827 14838 14829 14840 14946 14907 14852 14853 14819 14817 14812 14818 14737 14719 14811 14828 14759
14825 14855 14864 14857 14882 14839 14856 14962 14930 14872 14861 14822 14799 14803 14795 14721 14708 14780 14838 14759 14764
14890 14899 14881 14899 14836 14838 14989 14867 14857 14825 14812 14760 14765 14800 14742 14715 14748 14798 14785 14696 14678
14899 14912 14878 14875 14858 14829 14809 14721 14727 14784 14761 14759 14798 14757 14773 14821 14773 14748 14716 14751 14698
14931 14887 14879 14846 14823 14725 14712 14730 14792 14793 14791 14793 14766 14793 14869 14769 14778 14796 14730 14680 14640
14908 14884 14903 14879 14736 14708 14792 14804 14803 14811 14731 14722 14770 14788 14731 14697 14752 14713 14688 14721 14736
14775 14970 14977 14822 14816 14827 14834 14831 14835 14820 14712 14766 14710 14721 14646 14647 14686 14610 14754 14775 14752
14757 14700 14690 14840 14824 14846 14839 14833 14803 14794 14792 14737 14702 14643 14600 14570 14580 14568 14720 14733 14619
14702 14698 14830 14804 14813 14846 14845 14838 14871 14820 14802 14748 14704 14648 14563 14623 14588 14709 14735 14752 14741
14908 14876 14850 14837 14856 14865 14861 14891 14862 14778 14759 14723 14708 14642 14709 14717 14715 14711 14713 14714 14726
