inst/extdata/modis/lst/modgrid/Lat43.00075Lon-78.78820Start2001-01-01End2013-12-31___MOD11A2/GRID_Lat43.00075Lon-78.78820Start2001-01-01End2013-12-31___MOD11A2_LST_Day_1km_A2003305.asc
ncols		 21
nrows		 21
xllcorner	 -6416881.12
yllcorner	 4772121.02
cellsize	 926.625433055834
NODATA_value	 0
14067 14066 14065 14051 14053 14027 14014 14007 14006 13974 13939 13962 13976 13978 14012 14007 13888 13912 13931 13897 13872
14071 14076 14050 14051 14048 14045 14017 14002 13988 13963 13987 14004 14007 14017 14013 13979 13941 13923 13900 13894 13895
14119 14118 14099 14085 14067 14040 14030 14023 14023 13984 14001 14009 14094 14026 14011 13960 13933 13932 13895 13897 13921
14072 14058 14083 14095 14053 14059 14093 14087 14114 14103 14095 14097 14011 14013 14010 13999 14044 14047 14048 14047 14048
13987 14001 14005 14004 14031 14120 14121 14142 14168 14061 14058 14011 14012 14016 14014 14067 14060 14055 14049 14047 14046
13996 14003 14000 13992 13971 13977 14101 14113 14084 14066 14038 14004 13999 13978 13950 14072 13908 13920 13936 13940 13899
13992 14002 14000 13983 13985 14047 14104 14087 14074 14046 13998 13986 13976 13963 13967 13966 13950 13951 13940 13911 13926
13995 13990 13965 13958 14021 14097 14067 14048 14036 14034 14001 13991 13997 13990 13972 13960 13945 13929 13936 13961 13952
13992 13998 14016 14071 14105 14040 14007 13994 14014 14040 14033 14025 13989 13960 13951 13957 13968 13973 14000 13995 13986
14059 14065 14088 14083 14014 13998 13977 13988 14021 14040 14042 14135 13938 13936 13961 13973 13976 14128 14127 13987 13964
14084 14044 14045 14004 13987 13970 13974 14008 14053 14129 14021 14017 14118 14121 14118 14120 14126 14126 14117 14117 14104
14008 14017 14109 14111 14114 14116 13978 14005 14048 14023 14004 14087 14104 14116 14126 14135 13987 13982 13975 14127 14122
14056 14072 14109 14129 14132 13961 13996 14050 14042 14020 14016 14112 14112 14125 14136 13995 13987 13981 14146 14138 14092
14078 14082 14144 14145 14146 14145 14063 14058 14018 14024 14031 14037 14044 14049 14012 13992 13992 14019 14012 14000 13977
14101 14102 14076 14084 14087 14151 14057 14018 14027 14040 14038 14028 14034 14014 14002 13996 14017 14010 13938 13972 13960
14123 14103 14102 14101 14094 14094 14136 14136 14031 14031 14019 14010 14004 14008 13998 14128 13934 13916 13962 13961 13960
14112 14108 14105 14098 14094 14079 14133 14032 14018 14012 13997 13975 14110 14116 14119 13973 13974 13967 13958 13947 13951
14093 14097 14103 14106 14086 14079 14059 14026 14038 14035 14018 14034 14110 14113 13967 13956 13939 13936 13912 13893 13902
14059 14078 14088 14069 14063 14055 14055 14053 14053 14031 14032 14105 13992 13981 13916 13905 13906 13884 13878 13889 13911
14052 14053 14042 14021 14037 14034 14029 14030 14133 14130 14131 14001 13993 13928 13900 13896 13894 13885 13886 13890 13915
14054 14033 14001 14006 14028 14038 14044 14139 14139 14137 14027 14009 13992 13939 13903 13898 13889 14049 13879 13877 13912
