inst/extdata/modis/lst/modgrid/Lat43.00075Lon-78.78820Start2001-01-01End2013-12-31___MOD11A2/GRID_Lat43.00075Lon-78.78820Start2001-01-01End2013-12-31___MOD11A2_LST_Day_1km_A2005177.asc
ncols		 21
nrows		 21
xllcorner	 -6416881.12
yllcorner	 4772121.02
cellsize	 926.625433055834
NODATA_value	 0
15491 15499 15472 15462 15443 15425 15391 15374 15360 15254 15294 15312 15321 15354 15300 15250 15240 15272 15282 15255 15071
15308 15352 15324 15223 15218 15178 15163 15162 15157 15178 15201 15230 15358 15345 15306 15295 15302 15285 15203 15144 15101
14870 14895 14927 15020 14962 15022 15042 15078 15098 15119 15167 15232 15259 15328 15331 15303 15271 15181 15121 15097 15109
14782 14815 14831 14869 14919 14865 14912 14998 15105 15163 15238 15253 15355 15350 15304 15255 15146 15091 15082 15116 15149
15015 14992 15107 14987 14934 14984 14917 14990 15171 15269 15287 15366 15314 15259 15245 15144 15078 15024 15048 15148 15155
15160 15204 15106 15051 15007 14931 14893 15050 15255 15289 15340 15207 15207 15231 15187 15121 15013 15018 15126 15144 15186
15164 15138 15147 15111 15054 15018 15054 15204 15385 15331 15216 15211 15257 15304 15333 15111 15104 15148 15194 15186 15179
15108 15131 15122 15099 15095 15086 15201 15401 15343 15261 15236 15267 15321 15289 15225 15290 15205 15220 15211 15202 15178
15096 15131 15151 15130 15149 15237 15411 15368 15313 15294 15331 15351 15326 15299 15302 15369 15266 15280 15248 15243 15263
15064 15095 15139 15199 15378 15426 15418 15395 15393 15403 15402 15398 15355 15360 15380 15343 15284 15221 15252 15279 15295
15106 15161 15254 15438 15449 15439 15442 15467 15484 15478 15451 15436 15422 15381 15368 15343 15305 15317 15339 15363 15369
15201 15360 15427 15435 15447 15478 15496 15508 15517 15494 15482 15442 15407 15401 15413 15415 15413 15404 15435 15441 15354
15430 15470 15477 15475 15482 15498 15512 15449 15488 15466 15441 15412 15416 15420 15407 15383 15383 15437 15410 15345 15222
15488 15503 15498 15487 15492 15510 15527 15461 15440 15422 15392 15357 15374 15421 15384 15359 15448 15448 15343 15258 15244
15528 15513 15480 15479 15496 15503 15443 15404 15390 15372 15342 15337 15380 15407 15393 15441 15459 15376 15281 15256 15223
15540 15508 15495 15503 15498 15426 15381 15379 15380 15378 15362 15369 15401 15427 15446 15474 15433 15327 15270 15217 15175
15541 15515 15524 15515 15456 15407 15396 15397 15416 15407 15388 15397 15412 15393 15387 15361 15317 15288 15260 15241 15232
15524 15535 15541 15512 15476 15454 15447 15445 15454 15468 15430 15377 15363 15345 15299 15218 15219 15230 15245 15267 15230
15534 15552 15529 15510 15488 15477 15465 15471 15504 15499 15440 15395 15363 15328 15177 15128 15107 15137 15188 15199 15168
15515 15532 15511 15480 15479 15478 15478 15468 15472 15434 15451 15455 15437 15313 15243 15196 15186 15187 15195 15191 15180
15548 15528 15492 15483 15490 15489 15498 15481 15484 15494 15488 15485 15373 15292 15243 15231 15211 15202 15186 15181 15169
