inst/extdata/modis/lst/modgrid/Lat43.00075Lon-78.78820Start2001-01-01End2013-12-31___MOD11A2/GRID_Lat43.00075Lon-78.78820Start2001-01-01End2013-12-31___MOD11A2_LST_Day_1km_A2010185.asc
ncols		 21
nrows		 21
xllcorner	 -6416881.12
yllcorner	 4772121.02
cellsize	 926.625433055834
NODATA_value	 0
15407 15404 15421 15424 15428 15442 15423 15414 15407 15341 15320 15319 15307 15300 15252 15208 15216 15246 15238 15186 15145
15228 15315 15319 15330 15314 15305 15258 15253 15245 15250 15270 15288 15325 15334 15295 15263 15266 15275 15226 15180 15135
14990 15040 15066 15087 15107 15110 15147 15190 15225 15225 15232 15276 15314 15325 15329 15294 15270 15198 15158 15122 15136
14942 14974 14983 14999 14999 14976 15023 15121 15201 15277 15304 15335 15368 15357 15317 15251 15194 15146 15118 15149 15179
15100 15127 15164 15112 15054 15016 15019 15097 15275 15382 15397 15383 15354 15333 15286 15260 15180 15120 15107 15137 15160
15207 15252 15211 15166 15084 15024 15025 15172 15345 15396 15358 15279 15275 15333 15345 15251 15141 15098 15161 15202 15228
15259 15266 15262 15167 15106 15099 15136 15302 15408 15374 15272 15271 15333 15374 15325 15218 15170 15215 15242 15263 15239
15191 15203 15172 15156 15161 15146 15240 15427 15384 15319 15289 15309 15367 15372 15294 15239 15248 15266 15285 15264 15234
15159 15145 15167 15206 15203 15307 15464 15391 15349 15324 15342 15377 15365 15338 15328 15330 15327 15313 15288 15292 15292
15119 15127 15186 15282 15386 15467 15413 15416 15431 15428 15434 15398 15389 15394 15393 15377 15317 15235 15265 15351 15337
15140 15230 15326 15408 15471 15444 15476 15478 15509 15483 15452 15416 15393 15365 15378 15364 15329 15338 15354 15379 15335
15267 15347 15415 15436 15445 15493 15509 15547 15571 15521 15436 15400 15357 15373 15445 15405 15399 15395 15439 15428 15335
15395 15445 15455 15460 15509 15545 15685 15593 15566 15477 15430 15408 15415 15451 15430 15414 15426 15449 15439 15364 15267
15491 15583 15565 15582 15591 15661 15673 15507 15477 15449 15424 15394 15405 15433 15415 15393 15447 15435 15364 15305 15276
15594 15573 15549 15536 15537 15530 15473 15441 15433 15425 15389 15378 15416 15414 15403 15444 15454 15415 15335 15292 15251
15595 15565 15540 15544 15474 15439 15429 15433 15434 15443 15431 15424 15429 15448 15452 15456 15428 15363 15304 15209 15173
15588 15537 15532 15476 15444 15447 15453 15454 15454 15451 15430 15419 15425 15410 15425 15390 15327 15291 15239 15200 15188
15505 15540 15483 15476 15488 15480 15472 15470 15489 15486 15452 15395 15337 15334 15297 15232 15223 15226 15227 15213 15195
15524 15573 15595 15492 15464 15467 15468 15489 15506 15494 15451 15403 15363 15317 15224 15157 15123 15153 15189 15194 15174
15622 15594 15493 15442 15465 15475 15498 15510 15531 15483 15449 15429 15401 15344 15293 15236 15196 15201 15217 15230 15217
15573 15518 15486 15476 15493 15522 15531 15540 15509 15478 15465 15460 15426 15342 15268 15228 15221 15223 15210 15197 15189
