inst/extdata/modis/lst/modgrid/Lat43.00075Lon-78.78820Start2001-01-01End2013-12-31___MOD11A2/GRID_Lat43.00075Lon-78.78820Start2001-01-01End2013-12-31___MOD11A2_LST_Day_1km_A2012073.asc
ncols		 21
nrows		 21
xllcorner	 -6416881.12
yllcorner	 4772121.02
cellsize	 926.625433055834
NODATA_value	 0
14536 14698 14718 14727 14730 14726 14704 14704 14692 14681 14675 14682 14690 14694 14689 14638 14647 14650 14626 14619 14616
14295 14347 14446 14616 14637 14607 14599 14603 14607 14606 14639 14662 14681 14697 14683 14657 14649 14638 14633 14620 14511
14112 14148 14161 14280 14249 14416 14483 14497 14545 14603 14642 14658 14683 14705 14689 14665 14644 14625 14603 14613 14612
14208 14272 14251 14240 14247 14230 14252 14388 14470 14622 14704 14718 14727 14706 14672 14650 14628 14601 14599 14599 14610
14430 14459 14480 14448 14417 14363 14283 14308 14459 14591 14722 14726 14706 14682 14661 14632 14580 14563 14582 14613 14523
14624 14564 14553 14524 14503 14351 14294 14413 14552 14683 14700 14680 14671 14671 14692 14641 14597 14598 14626 14660 14645
14656 14665 14641 14626 14581 14526 14529 14573 14661 14713 14686 14691 14711 14735 14689 14650 14655 14670 14680 14680 14680
14638 14639 14615 14603 14567 14520 14551 14645 14717 14708 14705 14711 14732 14738 14694 14678 14684 14703 14709 14712 14600
14623 14602 14604 14572 14527 14570 14665 14717 14706 14715 14728 14737 14728 14710 14712 14716 14719 14723 14735 14738 14741
14564 14490 14498 14585 14667 14723 14737 14738 14751 14760 14763 14737 14717 14725 14736 14738 14728 14727 14740 14740 14746
14540 14559 14618 14698 14745 14719 14727 14776 14792 14769 14747 14731 14719 14735 14750 14758 14756 14763 14758 14770 14750
14642 14707 14724 14750 14729 14747 14760 14783 14797 14766 14744 14746 14739 14757 14776 14777 14782 14784 14799 14786 14740
14725 14747 14767 14745 14754 14761 14784 14797 14778 14783 14770 14757 14763 14772 14782 14777 14780 14798 14802 14711 14688
14737 14759 14753 14758 14762 14782 14781 14805 14787 14773 14755 14751 14752 14773 14766 14779 14787 14785 14712 14700 14698
14770 14809 14810 14809 14808 14804 14785 14776 14759 14751 14748 14740 14766 14744 14822 14822 14822 14851 14830 14799 14680
14825 14823 14814 14810 14796 14771 14763 14752 14752 14751 14856 14795 14733 14815 14817 14821 14857 14828 14773 14755 14745
14930 14916 14907 14902 14882 14874 14867 14869 14862 14864 14793 14794 14791 14839 14843 14824 14780 14717 14735 14751 14745
14908 14909 14909 14900 14892 14870 14839 14835 14839 14838 14824 14811 14808 14804 14792 14760 14725 14726 14745 14751 14697
14910 14916 14919 14908 14865 14831 14835 14841 14862 14843 14835 14832 14825 14807 14757 14727 14687 14693 14696 14689 14695
14918 14920 14867 14843 14869 14836 14842 14841 14888 14875 14865 14854 14842 14802 14768 14710 14693 14693 14698 14703 14703
14886 14873 14850 14829 14838 14846 14867 14911 14897 14887 14881 14872 14837 14792 14718 14693 14690 14694 14702 14707 14688
