inst/extdata/modis/lst/modgrid/Lat43.00075Lon-78.78820Start2001-01-01End2013-12-31___MOD11A2/GRID_Lat43.00075Lon-78.78820Start2001-01-01End2013-12-31___MOD11A2_LST_Day_1km_A2010065.asc
ncols		 21
nrows		 21
xllcorner	 -6416881.12
yllcorner	 4772121.02
cellsize	 926.625433055834
NODATA_value	 0
14126 13784 14161 14164 14025 14508 0 13813 13831 13849 13845 13870 13844 13796 13800 13830 13836 13826 13791 13778 13793
13877 13946 13996 13960 14044 14038 13908 13966 13921 13805 13811 13811 13813 13791 13860 13859 13843 13796 13788 13820 13827
13839 13880 13878 13867 13855 13841 13853 13867 13874 13814 13817 13818 13813 13835 13866 13864 13806 13792 13805 13813 13813
13799 13854 13856 13869 13815 13813 13827 13893 13949 13840 13838 13992 14003 13838 13851 13845 13830 13833 13822 13808 13790
13933 13925 13883 13800 13842 13829 13828 13874 13937 14075 14028 14000 13851 13839 13833 13835 13839 13850 13831 13804 13798
13932 13934 13821 13811 13844 13859 13858 13929 14055 14624 13870 13829 13820 13843 13901 13883 13832 13858 13807 13807 13799
13932 13924 13824 13806 13868 13867 13915 14037 14256 14051 13832 13828 14043 14097 14062 13850 13814 13826 13840 13848 13841
13912 13909 13907 13899 13810 13918 14012 14246 14235 14011 13860 13984 14066 14183 14039 13832 13846 13849 13874 13850 13846
13908 13913 13914 13911 13939 14038 14589 14580 14072 14064 14047 14039 14170 14047 14008 13860 13862 13843 13849 13862 13857
13925 13924 13902 13996 14138 14626 14595 14213 14119 14142 14235 14237 14175 14170 13841 13839 13839 13870 13866 13862 13846
13941 13934 13994 14143 14651 14632 14241 14172 14320 14654 14251 14249 14046 13879 14019 14125 13871 13868 13862 13833 13850
14012 14197 14229 14326 14327 14663 14285 14351 14738 14655 14630 14049 13878 14025 14291 14286 14218 14188 14250 13810 13820
14610 14522 14348 14332 14342 14713 14746 14782 14699 14658 14237 13894 14025 14289 14152 14067 14043 14088 14056 13995 13800
14539 14556 14371 14714 14700 14723 14758 14704 14657 14320 14037 14026 14034 14135 14049 14027 14100 14038 14006 13808 13794
14563 14755 14726 14709 14719 14725 14680 14623 14609 14089 14035 14030 14164 13841 13883 14032 13902 13869 13832 13820 13787
14777 14761 14740 14732 14297 14272 14236 14631 14635 14244 14097 14215 14591 13859 13907 13885 13861 13839 13813 13827 13824
14761 14735 14720 14304 14301 14211 14222 14627 14642 14646 14591 14591 14210 13777 13777 13809 13806 13799 13820 13814 13794
14721 14710 14739 14737 14264 14245 14644 14654 14660 0 0 13775 13808 13809 13810 13844 13780 13767 13767 13807 13785
14716 14759 14780 14107 14107 14235 14677 14684 14684 0 13791 13816 13821 13814 13839 13819 13810 13815 13793 13779 13771
14742 14764 13871 13898 14102 14334 14337 14691 14702 13865 13852 13810 13802 13832 13845 13821 13813 13789 13727 13735 13779
14736 14297 13938 13987 14327 14327 14696 14702 13867 13854 13819 13854 13858 13824 13791 13774 13804 13798 13791 13775 13758
