inst/extdata/modis/lst/modgrid/Lat43.00075Lon-78.78820Start2001-01-01End2013-12-31___MOD11A2/GRID_Lat43.00075Lon-78.78820Start2001-01-01End2013-12-31___MOD11A2_LST_Day_1km_A2002097.asc
ncols		 21
nrows		 21
xllcorner	 -6416881.12
yllcorner	 4772121.02
cellsize	 926.625433055834
NODATA_value	 0
14742 14748 14783 14764 14738 14722 14692 14674 14662 14640 14625 14646 14669 14658 14638 14605 14582 14591 14602 14608 14609
14310 14357 14345 14355 14395 14411 14415 14425 14597 14597 14622 14670 14673 14668 14645 14613 14603 14605 14601 14602 14595
14122 14208 14231 14352 14226 14232 14287 14463 14524 14566 14635 14650 14686 14682 14652 14615 14591 14577 14583 14576 14580
14193 14202 14195 14240 14331 14242 14253 14325 14399 14657 14669 14710 14732 14698 14634 14589 14553 14553 14566 14583 14611
14406 14409 14386 14345 14307 14249 14190 14255 14613 14711 14774 14761 14685 14649 14627 14615 14599 14581 14591 14618 14632
14633 14641 14601 14429 14415 14484 14300 14499 14629 14764 14739 14653 14645 14668 14698 14678 14599 14598 14607 14618 14640
14649 14644 14632 14602 14564 14490 14437 14547 14757 14749 14653 14650 14717 14765 14757 14679 14654 14667 14669 14674 14676
14636 14633 14616 14589 14551 14488 14535 14763 14757 14702 14682 14712 14746 14748 14716 14681 14697 14706 14715 14714 14672
14594 14600 14620 14556 14542 14564 14746 14757 14726 14720 14732 14745 14719 14727 14745 14768 14769 14774 14775 14745 14728
14548 14493 14559 14628 14682 14782 14779 14765 14780 14823 14838 14794 14773 14770 14786 14792 14774 14748 14741 14746 14741
14486 14619 14736 14797 14821 14815 14816 14836 14865 14857 14815 14788 14751 14760 14781 14787 14762 14760 14765 14785 14774
14692 14743 14778 14808 14819 14835 14854 14898 14894 14842 14807 14781 14777 14807 14829 14829 14820 14787 14809 14804 14744
14764 14807 14823 14828 14853 14874 14903 14919 14877 14844 14812 14777 14803 14825 14826 14816 14798 14830 14818 14768 14724
14835 14866 14866 14865 14869 14885 14901 14868 14845 14811 14794 14785 14803 14815 14805 14783 14811 14787 14742 14719 14692
14872 14864 14861 14864 14871 14868 14830 14821 14804 14800 14783 14763 14786 14790 14773 14786 14796 14749 14725 14692 14673
14905 14906 14894 14883 14871 14823 14815 14805 14801 14794 14780 14767 14775 14775 14784 14815 14779 14734 14677 14664 14657
14926 14909 14904 14891 14842 14816 14810 14800 14784 14779 14752 14757 14754 14755 14767 14754 14694 14630 14635 14677 14650
14910 14904 14902 14892 14863 14832 14820 14797 14793 14762 14745 14718 14712 14714 14715 14654 14625 14644 14690 14682 14619
14895 14895 14887 14857 14801 14804 14804 14812 14788 14784 14779 14757 14736 14731 14662 14637 14638 14655 14677 14630 14637
14895 14898 14874 14817 14809 14819 14830 14841 14854 14833 14819 14816 14805 14747 14681 14655 14630 14632 14653 14662 14654
14921 14893 14849 14838 14846 14863 14884 14883 14865 14839 14847 14852 14803 14740 14704 14664 14650 14643 14668 14661 14645
