inst/extdata/modis/lst/modgrid/Lat43.00075Lon-78.78820Start2001-01-01End2013-12-31___MOD11A2/GRID_Lat43.00075Lon-78.78820Start2001-01-01End2013-12-31___MOD11A2_LST_Day_1km_A2003041.asc
ncols		 21
nrows		 21
xllcorner	 -6416881.12
yllcorner	 4772121.02
cellsize	 926.625433055834
NODATA_value	 0
13152 13094 0 13150 13166 13161 13144 13131 13122 13108 0 0 0 0 0 0 0 0 0 0 0
13209 13215 13153 13183 13158 13150 13112 13107 13095 13076 13066 0 0 0 0 0 0 0 0 0 0
13214 13207 13334 13338 13317 13303 13259 13163 13098 13066 13066 13073 13071 13073 13077 13044 0 0 0 0 0
13277 13262 13269 13262 13252 13292 13268 13204 13126 13095 13084 13091 13086 13079 13046 13044 0 0 0 0 0
13130 13207 13185 13172 13207 13289 13342 13315 13230 13138 13125 13107 13095 13100 13052 13050 0 0 0 0 0
13087 13080 13075 13145 13162 13215 13272 13277 13204 13147 13104 13082 13085 13053 13052 0 0 0 0 0 0
13084 13080 13075 13078 13099 13224 13323 13251 13171 13133 13110 13091 13089 13072 0 0 0 0 0 0 0
13070 13059 13065 13068 13169 13260 13296 13204 13152 13120 13103 13114 13112 13111 0 0 0 12982 13004 13031 13055
13072 13073 13116 13177 13249 13290 13187 13145 13126 13112 13109 13112 13111 0 0 0 12982 13006 13034 13056 13059
13137 13237 13267 13217 13174 13158 13140 13125 13125 13126 13126 13108 13097 13091 0 0 13002 13011 13030 13052 13066
13224 13124 13122 13126 13136 13141 13108 13101 13111 13129 13112 13100 13076 13051 0 0 13036 13043 13055 13065 13055
13107 13116 13123 13127 13128 13121 13117 13129 13151 13115 13115 13048 13050 0 0 13053 13060 13071 13076 13086 13068
13124 13134 13140 13134 13123 13131 13141 13157 0 13073 13040 13036 0 0 13058 13070 13088 13107 13117 13103 13064
13159 13163 13145 13130 13131 13144 13144 13117 13081 13074 13059 13051 13059 0 0 0 0 13117 0 0 0
13148 13139 13127 13112 13096 13109 13110 13088 13077 13057 13056 13059 0 0 0 0 13076 13075 13063 13060 0
13170 13167 13170 13146 0 0 0 13106 13106 0 13108 13079 13040 0 0 13076 13067 13059 13060 0 0
13208 13180 13179 13141 13113 13110 13108 13106 0 13094 13084 13063 13057 12968 0 12951 12982 13031 0 0 0
13188 13182 13146 13124 13115 13112 13110 13097 13098 13093 13081 13047 12968 12968 12951 12980 13031 0 0 0 0
13172 13159 13159 13135 13117 13105 13100 13106 13099 13095 0 0 0 0 0 0 0 13044 0 0 13019
13185 13181 13144 13108 13095 13106 13125 13107 13104 13094 13094 0 0 0 13077 13059 13044 13053 13049 13036 13025
13211 13190 13154 13122 13119 13156 13152 0 13094 13107 13139 13127 13110 13079 13074 13058 13047 13034 13030 13030 13026
