inst/extdata/modis/lst/modgrid/Lat43.00075Lon-78.78820Start2001-01-01End2013-12-31___MOD11A2/GRID_Lat43.00075Lon-78.78820Start2001-01-01End2013-12-31___MOD11A2_LST_Day_1km_A2007041.asc
ncols		 21
nrows		 21
xllcorner	 -6416881.12
yllcorner	 4772121.02
cellsize	 926.625433055834
NODATA_value	 0
13248 13238 13134 13150 13148 13224 13234 13219 13215 13300 13323 13333 13125 13118 13131 13123 13114 13293 0 0 0
13288 13289 13283 13282 13260 13259 13258 13236 13181 13131 13138 13146 13109 13150 13211 13299 13299 0 13034 13027 12975
13383 13378 13388 13460 13328 13331 13318 13240 13155 13184 13145 13154 13217 13296 13120 13119 0 13033 13030 12982 12984
13364 13401 13316 13316 13384 13399 13395 13353 13308 13196 13113 13185 13268 13120 13087 13024 13031 13030 13153 12990 12984
13255 13252 13276 13277 13332 13427 13402 13379 13412 13330 13278 13274 13276 13151 13153 13116 13022 13167 13160 13158 13152
13219 13137 13144 13156 13377 13379 13392 13405 13392 13227 13158 13280 13133 13136 13116 13117 13193 13143 13121 13162 13211
12982 12987 13141 13143 13220 13346 13363 13337 13316 13278 13143 13133 13150 13172 13175 13194 13209 13178 13166 13164 13165
13151 13214 13158 13248 13277 13335 13349 13332 13285 13198 13194 13206 13213 13229 13258 13255 13158 13126 13003 13135 12992
13211 13277 13296 13327 13345 13347 13285 13192 13207 13205 13211 13212 13227 13235 13236 13134 13128 13126 12999 12994 12996
13289 13341 13331 13326 13323 13292 13228 13208 13196 13196 13244 13235 13230 13169 13143 13129 13128 13019 13008 13002 13008
13296 13286 13278 13275 13238 13196 13193 13183 13194 13249 13255 13257 13256 13082 13065 13060 13062 13067 0 13012 13160
13216 13208 13250 13236 13189 13194 13193 13252 13288 13261 13216 13207 13031 13053 13093 13111 13126 13117 13227 13218 13176
13163 13222 13223 13187 13195 13270 13291 13306 13274 13227 13209 13009 13011 13030 13026 13197 13207 13226 13198 13187 13175
13222 13236 13238 13232 13224 13232 13235 13085 13229 13185 13171 13156 13150 13164 13175 13222 13238 13124 12996 13130 13131
13239 13237 13236 13223 13223 13226 13058 13040 13173 13172 13162 13191 13199 13142 13196 13204 13194 13179 13167 13131 13122
13106 13194 13080 13081 13085 13060 13045 13150 13149 13142 13177 13180 13178 13195 13199 13187 13177 13158 13111 12955 13091
13102 13092 13092 13090 13053 13043 13156 13158 13145 13174 13172 13116 13001 12986 13159 13151 12959 12961 12943 13082 13086
13213 13213 13095 13089 13062 13178 13178 13175 13181 13174 13166 13158 0 13336 13146 13149 12970 12955 12963 12973 12966
13221 13228 13224 13183 13161 13169 13172 13176 13179 13169 13147 13149 13245 13277 13277 0 0 0 0 12965 12956
13228 13226 13183 13154 13150 13065 13067 13168 13161 13146 13150 13149 13154 13153 13120 12991 12981 0 0 12959 13110
13140 13106 13068 13061 13073 13079 13173 13163 13149 13119 13122 13158 13153 13121 12989 12978 12970 12969 13115 13110 13100
