inst/extdata/modis/lst/modgrid/Lat43.00075Lon-78.78820Start2001-01-01End2013-12-31___MOD11A2/GRID_Lat43.00075Lon-78.78820Start2001-01-01End2013-12-31___MOD11A2_LST_Day_1km_A2005129.asc
ncols		 21
nrows		 21
xllcorner	 -6416881.12
yllcorner	 4772121.02
cellsize	 926.625433055834
NODATA_value	 0
15028 15039 14976 14966 14898 14916 14896 14875 14839 14805 14790 14792 14840 14840 14814 14781 14784 14858 14862 14764 14708
14638 14737 14797 14740 14783 14794 14786 14757 14741 14769 14790 14839 14856 14847 14826 14816 14812 14817 14857 14835 14838
14336 14422 14477 14656 14560 14553 14588 14624 14759 14747 14807 14809 14824 14842 14841 14808 14800 14785 14757 14757 14844
14416 14461 14445 14457 14587 14466 14498 14551 14718 14827 14829 14846 14867 14863 14820 14801 14771 14757 14751 14767 14782
14620 14648 14714 14602 14555 14743 14435 14490 14736 14907 14880 14896 14869 14808 14781 14780 14714 14745 14750 14777 14793
14754 14847 14728 14701 14652 14584 14515 14606 14828 14882 14911 14861 14799 14849 14828 14772 14830 14810 14775 14801 14819
14793 14764 14763 14725 14690 14665 14644 14836 14932 14911 14859 14850 14883 14868 14835 14782 14849 14807 14828 14849 14836
14783 14796 14746 14728 14720 14691 14765 14886 14915 14883 14857 14876 14933 14934 14898 14800 14851 14856 14868 14869 14918
14771 14744 14765 14731 14730 14795 14884 14921 14899 14875 14898 14942 14927 14854 14850 14916 14911 14907 14904 14885 14885
14696 14695 14741 14812 14903 14971 14977 14961 14954 14970 14985 14966 14945 14949 14953 14943 14901 14878 14884 14895 14893
14702 14768 14856 14979 15011 15003 14994 14999 15025 15033 15009 14978 14946 14939 14945 14937 14913 14912 14926 14941 14925
14832 14874 14968 14986 14992 14965 14979 15055 15073 15036 14994 14951 14940 14951 14974 14978 14975 14971 14989 14966 14916
14912 14990 14999 14996 14964 14977 15067 15089 15061 15026 14978 14951 14956 14976 14973 14964 14964 15004 14979 14928 14852
15032 15042 15031 14998 14999 15048 15063 15039 15017 14979 14951 14934 14950 14978 14959 14948 14987 14958 14912 14860 14842
15072 15050 14996 14996 15035 15032 15008 14984 14958 14947 14932 14927 14940 14949 14946 14965 14971 14942 14878 14855 14831
15092 15062 15047 15036 15017 14993 14968 14954 14961 14971 14959 14942 14947 14962 14971 15070 15048 14895 14861 14818 14779
15086 15074 15060 15043 15012 14979 14962 14966 14970 14976 14953 14944 14973 14960 14945 14928 14873 14855 14840 14825 14824
15065 15061 15072 15062 15017 14991 14986 14980 14987 14976 14963 14946 14941 14921 14890 14840 14827 14828 14847 14848 14841
15064 15085 15083 15025 15000 14992 14990 14988 14991 15005 14998 14962 14930 14889 14822 14791 14758 14785 14813 14827 14811
15091 15084 15034 15000 14993 15001 15008 15008 15027 15027 14997 14977 14950 14905 14859 14825 14802 14817 14823 14827 14822
15102 15059 15023 15004 14987 15002 15006 15051 15038 15015 15008 14999 14976 14912 14856 14829 14820 14820 14815 14819 14820
