inst/extdata/modis/lst/modgrid/Lat43.00075Lon-78.78820Start2001-01-01End2013-12-31___MOD11A2/GRID_Lat43.00075Lon-78.78820Start2001-01-01End2013-12-31___MOD11A2_LST_Day_1km_A2011193.asc
ncols		 21
nrows		 21
xllcorner	 -6416881.12
yllcorner	 4772121.02
cellsize	 926.625433055834
NODATA_value	 0
15464 15494 15482 15459 15399 15394 15361 15346 15345 15366 15355 15363 15356 15344 15281 15206 15226 15241 15234 15200 15133
15079 15157 15168 15178 15160 15234 15227 15225 15233 15214 15206 15223 15265 15266 15290 15272 15280 15270 15246 15195 15159
14922 14962 14978 15041 14999 14988 15027 15055 15121 15141 15161 15197 15246 15325 15335 15316 15277 15246 15180 15152 15162
14841 14851 14900 14915 14914 14926 14920 15009 15088 15123 15145 15242 15300 15334 15313 15251 15210 15137 15097 15122 15120
14993 15049 15039 15002 14976 14947 14914 15020 15098 15200 15282 15276 15268 15255 15232 15192 15051 14995 15017 15088 15119
15110 15120 15094 15065 15009 14957 14955 15044 15195 15324 15276 15231 15219 15240 15245 15096 15011 15006 15093 15147 15156
15131 15152 15134 15093 15053 15035 15061 15224 15324 15292 15220 15201 15262 15333 15249 15159 15084 15133 15164 15164 15156
15093 15079 15087 15087 15082 15104 15121 15331 15320 15254 15228 15263 15307 15275 15239 15182 15214 15225 15186 15174 15150
15073 15083 15108 15124 15139 15162 15355 15362 15258 15240 15302 15311 15292 15277 15280 15288 15270 15249 15203 15194 15191
15050 15094 15122 15207 15211 15376 15396 15299 15291 15359 15355 15339 15333 15331 15337 15310 15249 15203 15206 15198 15196
15081 15158 15239 15358 15389 15473 15454 15463 15453 15485 15414 15399 15370 15313 15311 15298 15245 15232 15259 15255 15252
15212 15272 15371 15393 15484 15493 15572 15513 15554 15456 15427 15377 15300 15343 15380 15360 15296 15297 15279 15287 15176
15388 15500 15521 15506 15498 15590 15565 15599 15564 15465 15430 15363 15367 15374 15385 15456 15406 15366 15452 15335 15221
15515 15539 15537 15529 15583 15545 15552 15602 15551 15433 15371 15375 15351 15402 15354 15320 15436 15466 15266 15199 15168
15551 15519 15507 15571 15568 15549 15471 15442 15395 15386 15374 15387 15400 15335 15337 15348 15486 15270 15237 15192 15140
15529 15516 15489 15483 15548 15462 15348 15352 15391 15399 15432 15422 15431 15392 15419 15490 15308 15279 15186 15109 15094
15516 15488 15487 15506 15420 15376 15355 15430 15436 15446 15438 15432 15420 15302 15312 15248 15245 15198 15166 15135 15112
15507 15530 15536 15456 15435 15478 15462 15417 15460 15454 15382 15330 15224 15208 15162 15092 15059 15094 15112 15138 15096
15542 15635 15630 15608 15491 15441 15439 15437 15481 15440 15428 15262 15244 15165 15096 15037 15059 15069 15106 15107 15089
15640 15628 15597 15486 15429 15435 15499 15569 15477 15482 15420 15357 15328 15262 15119 15096 15072 15088 15102 15111 15095
15650 15614 15508 15446 15447 15538 15624 15485 15475 15447 15388 15392 15361 15241 15149 15127 15094 15076 15074 15068 15066
