inst/extdata/modis/lst/modgrid/Lat43.00075Lon-78.78820Start2001-01-01End2013-12-31___MOD11A2/GRID_Lat43.00075Lon-78.78820Start2001-01-01End2013-12-31___MOD11A2_LST_Day_1km_A2003073.asc
ncols		 21
nrows		 21
xllcorner	 -6416881.12
yllcorner	 4772121.02
cellsize	 926.625433055834
NODATA_value	 0
13987 14041 14050 14177 0 0 13959 13956 14018 13907 13907 13915 13903 13885 13898 13928 13914 13898 13880 13873 13874
13934 13954 14066 13939 14033 13840 13843 13831 13822 13849 13908 13880 13909 13980 13942 13929 13909 13881 13875 13908 13922
13771 13858 13810 13870 13814 13830 13751 13769 13782 13839 13818 13908 13931 13959 13945 13903 13865 13849 13866 13931 13931
13759 13791 13779 13835 13880 13721 13737 13778 13842 13827 13959 13948 13909 13955 13913 13902 13889 13896 13877 13939 13931
13833 13837 13829 13757 13739 13916 13752 13807 13892 14067 13885 13861 13941 13903 13896 13879 13884 13883 13904 13897 13929
13810 13803 13786 13847 13772 13962 13868 13936 14070 13734 13743 13807 13804 13888 13956 13899 13889 13855 13916 13904 13865
13893 13869 13850 13912 13987 13863 13893 13968 13735 13738 13820 13808 13893 13933 13913 13898 13868 13899 13918 13897 13891
13916 13918 13921 13915 13918 14000 14038 14482 14482 14162 13857 13925 14010 14050 13975 13889 13909 13928 13930 13910 13751
13897 13902 13942 13999 14029 14094 14482 14479 14185 14182 14004 14012 14053 14003 13950 13901 13902 0 13772 13772 13625
13998 14023 14010 14097 14250 14531 14507 14441 14193 14540 14540 0 14131 0 0 0 0 13919 13775 13629 13627
13982 14041 14095 14493 14520 14515 14471 14501 14568 14573 14540 14131 14131 13860 13860 0 0 13775 13631 13631 13731
14413 14453 14504 14512 14318 14322 14582 14586 14587 14566 14340 14450 13883 13873 0 0 0 0 13631 13625 13739
14417 14540 14566 14352 14349 14606 14609 14608 14588 14542 14208 14191 13903 0 0 0 0 0 13614 13823 13821
14452 14584 14600 14577 14327 14343 14158 14176 14167 14208 14208 0 0 0 13958 13962 13993 13620 13835 13831 13838
14394 14422 14426 14340 14332 14378 14368 14364 14167 14172 14077 14090 14107 14071 13993 14021 13810 13852 13848 13833 13806
14253 14437 14467 14479 14482 14436 14411 14245 14231 14234 14100 14256 14250 14224 14209 13888 13893 13844 13817 13799 13791
14382 14392 14499 14493 14470 14349 14350 14351 14365 14365 14306 14291 14070 14213 14170 13883 13878 13843 13831 13715 13718
14368 14382 14486 14481 14379 14378 14378 14365 14364 14306 14103 14062 14038 14028 14018 14003 13841 13836 13881 13831 13714
14356 14414 14407 14186 14162 14334 14343 14341 14295 14097 14084 14028 14030 14022 13997 13929 13930 13937 13920 13827 13815
14354 14376 14183 14156 14320 14330 14324 14298 14282 14269 14115 14113 14282 14057 13997 13969 13953 13940 13962 13847 13977
14334 14363 14330 14317 14324 14329 14342 14333 14320 14126 14122 14299 13963 13907 13890 13990 13960 13968 13976 13973 13962
