inst/extdata/modis/lst/modgrid/Lat43.00075Lon-78.78820Start2001-01-01End2013-12-31___MOD11A2/GRID_Lat43.00075Lon-78.78820Start2001-01-01End2013-12-31___MOD11A2_LST_Day_1km_A2006017.asc
ncols		 21
nrows		 21
xllcorner	 -6416881.12
yllcorner	 4772121.02
cellsize	 926.625433055834
NODATA_value	 0
13847 13844 13843 13838 13839 13845 13824 13819 13813 13805 13817 13826 13837 13846 13828 13812 13802 13811 13808 13799 13786
13753 13781 13693 13707 13709 13803 13806 13798 13791 13786 13810 13831 13843 13843 13832 13814 13810 13809 13809 13798 13785
13648 13666 13665 13673 13764 13772 13776 13777 13772 13808 13823 13823 13830 13832 13827 13808 13798 13791 13790 13781 13787
13643 13726 13735 13756 13736 13734 13750 13762 13813 13836 13847 13849 13856 13846 13806 13799 13799 13789 13782 13793 13797
13755 13762 13782 13771 13756 13755 13762 13803 13834 13852 13858 13855 13836 13804 13810 13824 13800 13775 13791 13797 13801
13792 13798 13786 13784 13776 13756 13777 13815 13853 13862 13840 13828 13816 13829 13859 13836 13810 13799 13805 13806 13806
13814 13809 13810 13808 13789 13803 13819 13854 13867 13842 13833 13842 13853 13860 13856 13839 13822 13827 13820 13808 13803
13807 13807 13810 13808 13834 13832 13841 13860 13867 13856 13851 13859 13865 13857 13849 13852 13850 13836 13825 13816 13814
13807 13825 13837 13859 13848 13854 13863 13869 13868 13861 13863 13870 13862 13855 13862 13855 13842 13830 13822 13817 13815
13837 13844 13855 13874 13880 13871 13863 13871 13871 13871 13879 13879 13871 13850 13850 13844 13832 13822 13813 13808 13803
13839 13854 13879 13882 13872 13854 13867 13871 13873 13873 13859 13842 13824 13831 13837 13833 13821 13820 13819 13818 13804
13850 13868 13859 13867 13873 13872 13870 13868 13862 13844 13829 13813 13817 13822 13823 13822 13822 13822 13824 13818 13794
13867 13859 13853 13856 13864 13865 13863 13857 13845 13836 13825 13823 13821 13822 13824 13821 13819 13821 13822 13817 13796
13852 13855 13853 13859 13860 13865 13859 13845 13833 13830 13825 13821 13822 13825 13819 13821 13824 13821 13820 13807 13791
13855 13859 13862 13861 13856 13849 13840 13828 13826 13817 13816 13818 13817 13771 13816 13820 13788 13801 13792 13789 13768
13867 13869 13860 13856 13844 13834 13824 13823 13788 13791 13824 13811 13801 13765 13770 13798 13798 13791 13779 13760 13738
13872 13861 13858 13847 13841 13825 13824 13827 13824 13822 13810 13798 13754 13792 13802 13799 13790 13773 13749 13735 13734
13854 13838 13861 13865 13839 13835 13830 13827 13820 13776 13762 13787 13786 13788 13790 13781 13775 13713 13719 13720 13719
13828 13846 13855 13832 13833 13826 13828 13794 13768 13761 13797 13797 13792 13789 13737 13723 13707 13719 13723 13719 13723
13837 13840 13786 13797 13795 13804 13814 13818 13808 13807 13800 13795 13785 13740 13734 13731 13737 13737 13728 13731 13741
13863 13843 13841 13822 13822 13823 13823 13801 13808 13804 13811 13802 13790 13758 13739 13728 13730 13731 13736 13745 13742
