inst/extdata/modis/lst/modgrid/Lat43.00075Lon-78.78820Start2001-01-01End2013-12-31___MOD11A2/GRID_Lat43.00075Lon-78.78820Start2001-01-01End2013-12-31___MOD11A2_LST_Day_1km_A2003321.asc
ncols		 21
nrows		 21
xllcorner	 -6416881.12
yllcorner	 4772121.02
cellsize	 926.625433055834
NODATA_value	 0
14295 14308 14313 14315 14321 14311 14301 14290 14287 14276 14166 14182 14231 14334 14336 14233 14226 14218 14222 14237 14241
14221 14267 14268 14262 14256 14133 14139 14145 14153 14154 14162 14221 14224 14229 14228 14220 14208 14221 14236 14236 14248
14169 14182 14197 14199 14098 14105 14110 14235 14223 14153 14181 14221 14226 14178 14170 14154 14274 14314 14223 14236 14236
14064 14055 14040 14100 14110 14110 14121 14193 14226 14260 14327 14191 14341 14322 14287 14299 14302 14302 14324 14333 14344
14110 14124 14177 14169 14137 14122 14144 14182 14232 14346 14352 14342 14318 14293 14312 14351 14304 14331 14333 14350 14352
14289 14308 14298 14286 14233 14214 14170 14175 14333 14344 14333 14313 14303 14330 14339 14334 14352 14340 14341 14340 14342
14309 14312 14310 14266 14258 14202 14189 14229 14338 14335 14308 14307 14335 14344 14348 14366 14362 14368 14358 14351 14353
14306 14308 14310 14265 14206 14200 14212 14332 14343 14330 14328 14331 14334 14350 14359 14366 14386 14385 14377 14374 14375
14308 14315 14272 14261 14292 14301 14322 14325 14329 14330 14331 14324 14335 14348 14364 14390 14392 14398 14391 14383 14375
14295 14287 14292 14312 14320 14336 14323 14330 14341 14340 14329 14352 14347 14367 14393 14402 14409 14395 14380 14366 14359
14265 14295 14320 14344 14345 14308 14306 14334 14336 14334 14358 14348 14354 14369 14393 14410 14408 14394 14379 14375 14369
14363 14363 14368 14388 14329 14330 14340 14335 14334 14359 14342 14357 14368 14388 14400 14406 14402 14396 14396 14393 14380
14369 14374 14396 14396 14407 14407 14395 14334 14380 14368 14376 14381 14391 14405 14410 14412 14409 14415 14414 14399 14383
14385 14409 14410 14419 14418 14411 14409 14399 14395 14399 14396 14396 14407 14414 14412 14407 14410 14417 14407 14395 14376
14419 14427 14424 14413 14419 14416 14408 14401 14403 14401 14399 14402 14408 14408 14409 14407 14415 14412 14404 14389 14367
14434 14436 14429 14425 14426 14419 14409 14414 14415 14409 14406 14405 14403 14414 14419 14420 14414 14389 14362 14358 14367
14441 14438 14432 14430 14426 14418 14422 14422 14420 14408 14400 14399 14413 14411 14408 14404 14370 14324 14342 14373 14367
14443 14443 14455 14459 14454 14436 14431 14426 14417 14400 14387 14391 14398 14397 14400 14373 14347 14360 14385 14372 14356
14366 14453 14456 14451 14425 14426 14423 14428 14414 14393 14393 14407 14414 14413 14382 14365 14377 14387 14386 14368 14370
14377 14390 14382 14422 14415 14416 14425 14425 14425 14423 14427 14433 14429 14392 14379 14387 14392 14386 14383 14403 14411
14398 14390 14372 14360 14358 14437 14437 14442 14444 14440 14441 14441 14423 14410 14394 14382 14372 14380 14384 14390 14391
