inst/extdata/modis/lst/modgrid/Lat43.00075Lon-78.78820Start2001-01-01End2013-12-31___MOD11A2/GRID_Lat43.00075Lon-78.78820Start2001-01-01End2013-12-31___MOD11A2_LST_Day_1km_A2003249.asc
ncols		 21
nrows		 21
xllcorner	 -6416881.12
yllcorner	 4772121.02
cellsize	 926.625433055834
NODATA_value	 0
15137 15149 15155 15104 15092 15079 15075 15039 15026 15003 15006 14996 14988 14970 14955 14918 14928 14973 14973 14950 14904
14951 14992 15020 15014 15005 14983 14983 14959 14940 14916 14945 14962 14980 14982 14962 14962 14966 14956 14911 14905 14895
14823 14829 14851 14843 14832 14845 14870 14886 14896 14906 14923 14960 14979 14978 14983 14935 14911 14884 14876 14883 14901
14776 14779 14797 14819 14817 14823 14847 14885 14921 14941 14964 14979 15025 14983 14943 14914 14879 14863 14850 14885 14905
14888 14896 14893 14862 14839 14827 14827 14870 14960 15020 15028 15034 15001 14958 14945 14916 14871 14826 14843 14870 14906
14932 14940 14913 14894 14865 14844 14850 14943 15054 15061 15020 14968 14969 14990 14992 14926 14863 14853 14876 14898 14903
14983 14968 14975 14937 14893 14885 14937 15038 15063 15025 14975 14968 15003 15020 14994 14925 14895 14908 14919 14907 14909
14951 14946 14946 14952 14944 14966 15025 15065 15048 15005 14988 15012 15046 15059 15005 14956 14956 14954 14958 14957 14934
14927 14949 14978 14988 15004 15053 15070 15059 15029 15022 15034 15046 15042 15033 15007 14997 14989 14989 14987 14987 14964
14924 14930 14983 15038 15086 15098 15099 15077 15068 15093 15106 15087 15079 15074 15061 15038 14992 14982 14969 14969 14967
14934 14993 15068 15102 15112 15121 15117 15119 15129 15126 15123 15107 15091 15067 15066 15046 15024 15000 14996 15003 14977
15037 15078 15099 15111 15128 15139 15144 15162 15158 15135 15127 15116 15092 15087 15087 15069 15039 15034 15063 15072 15016
15127 15124 15125 15148 15139 15144 15168 15176 15158 15129 15108 15089 15082 15079 15073 15050 15050 15083 15089 15025 14948
15177 15171 15136 15132 15138 15140 15127 15161 15112 15080 15063 15060 15054 15072 15056 15052 15069 15058 15010 14972 14943
15178 15155 15130 15119 15113 15092 15077 15034 15023 15020 15026 15029 15053 15044 15065 15085 15104 15047 14989 14967 14908
15117 15086 15076 15116 15104 15068 15031 15014 15009 15029 15041 15012 15024 15064 15093 15101 15069 15010 14950 14895 14856
15110 15093 15134 15119 15115 15076 15026 15026 15046 15048 15016 15035 15045 15056 15060 15028 14949 14929 14917 14887 14884
15112 15115 15116 15095 15084 15117 15094 15092 15063 15059 15048 15054 14973 14956 14933 14909 14869 14859 14874 14899 14898
15122 15127 15117 15109 15094 15072 15059 15130 15139 15139 15103 15031 14991 14963 14929 14880 14857 14860 14869 14873 14855
15131 15124 15120 15098 15087 15076 15071 15141 15144 15117 15043 15033 15010 14971 14911 14880 14867 14870 14885 14875 14865
15117 15131 15100 15100 15107 15119 15124 15119 15090 15089 15081 15078 15051 14958 14918 14892 14887 14879 14853 14872 14853
