inst/extdata/modis/lst/modgrid/Lat43.00075Lon-78.78820Start2001-01-01End2013-12-31___MOD11A2/GRID_Lat43.00075Lon-78.78820Start2001-01-01End2013-12-31___MOD11A2_LST_Day_1km_A2002257.asc
ncols		 21
nrows		 21
xllcorner	 -6416881.12
yllcorner	 4772121.02
cellsize	 926.625433055834
NODATA_value	 0
15077 15063 15143 15144 15099 14908 14935 14959 14948 14931 14931 15010 14993 14971 14970 14922 14922 14944 14948 14940 14963
14855 14897 14876 14841 14794 14784 14883 14904 14897 14906 14982 14983 14972 15014 14971 14964 14976 14979 14935 14949 14937
14717 14735 14724 14815 14728 14741 14799 14829 14841 14887 14879 14895 14896 15004 14997 14981 14981 14948 14824 14814 14809
14687 14765 14730 14750 14841 14767 14776 14795 14874 14892 14891 14894 15048 15048 14962 14960 14937 14821 14801 14795 14807
14817 14834 14952 14809 14765 14777 14737 14776 14886 14906 14912 14899 14892 14864 14860 14952 14823 14791 14779 14796 14808
14980 14995 14858 14828 14807 14752 14778 14868 14902 14912 14902 14886 14867 14872 15009 14842 14798 14790 14800 14916 14866
14978 14974 14976 14960 14923 14746 14976 15025 15069 15063 15020 14989 15006 15037 14855 14819 14809 14809 14926 14873 14888
14957 14984 14983 14972 14965 14984 14998 15045 15059 15022 14991 15008 15044 15034 14992 14979 14968 14970 14986 14985 14917
14958 14964 14966 14969 14998 15000 15043 15051 15025 15001 15011 15041 15037 15015 15010 15009 15004 14995 14991 14989 14990
14953 14891 14896 15058 15058 15093 15093 15071 15060 15079 15079 15062 15041 15031 15030 15022 14995 14987 14975 14975 14979
14888 14895 15058 15058 15088 15089 15096 15091 15117 15124 15114 15108 15086 15059 15061 15056 15043 15016 15011 15014 15003
14990 15066 15062 15087 15083 15125 15131 15165 15176 15141 15118 15099 15077 15073 15070 15061 15039 15041 15060 15057 14990
15086 15089 15135 15134 15138 15137 15160 15168 15132 15114 15097 15083 15083 15079 15070 15049 15059 15103 15092 14999 14970
15126 15165 15159 15137 15138 15151 15158 15119 15100 15073 15052 15046 15043 15053 15065 15068 15092 15027 14993 14995 14959
15187 15184 15135 15134 15123 15121 15076 15061 15055 15049 15043 15036 15048 15069 15073 15079 15019 14839 14837 14765 14760
15203 15161 15156 15144 15138 15089 15068 15038 15035 15041 15013 15019 15054 15071 15096 15085 14841 14832 14778 14749 14736
15163 15159 15152 15145 15106 15097 15048 15043 15067 15033 15031 15050 15057 15037 14872 14837 14815 14771 14749 14758 14785
15147 15151 15154 15153 15141 15102 15090 15081 15079 15048 15044 15027 15006 14815 14794 14790 14756 14722 14735 14734 14763
15146 15153 15165 15157 15109 15101 15086 15083 15080 15051 15034 15017 14806 14800 14692 14680 14707 14702 14735 14785 14770
15146 15151 15144 15099 15091 15089 15136 15137 15129 15104 15059 15043 14784 14764 14751 14753 14760 14782 14805 14805 14784
15150 15136 15101 15097 15097 15140 15144 15132 15113 15086 15074 15070 14794 14775 14735 14760 14758 14742 14741 14772 14790
