inst/extdata/modis/lst/modgrid/Lat43.00075Lon-78.78820Start2001-01-01End2013-12-31___MOD11A2/GRID_Lat43.00075Lon-78.78820Start2001-01-01End2013-12-31___MOD11A2_LST_Day_1km_A2005081.asc
ncols		 21
nrows		 21
xllcorner	 -6416881.12
yllcorner	 4772121.02
cellsize	 926.625433055834
NODATA_value	 0
13939 13966 14282 14271 14266 0 0 13662 0 0 0 13895 13891 13899 13905 13857 13865 13890 13887 13853 13885
13872 14137 14127 14106 14038 13662 13795 13662 13776 13777 13903 13925 13931 13908 13908 13889 13890 13873 13853 13914 13868
13849 13918 13945 13959 13617 13650 13663 13662 13777 13783 13942 13939 0 0 13888 13907 13879 13853 13869 13847 13870
13813 13832 13828 13609 13846 13611 13611 13758 13802 13971 13971 0 0 0 13915 13893 13877 13857 13832 13835 13857
13969 13969 13567 13607 13597 13822 13634 13698 13958 0 0 0 0 0 13910 13931 13949 13890 13829 13871 13881
0 13287 13287 13287 13575 13854 13576 13938 13958 0 0 0 0 0 0 13939 13895 13886 13896 13918 13925
0 0 0 13287 13575 13583 13952 13999 0 0 13920 13920 0 0 0 13988 13954 13943 0 0 13925
0 0 0 0 0 14008 14008 14018 0 13920 13920 0 0 0 13988 13988 13988 0 0 0 0
0 0 14007 14007 14020 14008 14020 14029 14029 14029 0 0 0 0 14041 14041 14041 14014 0 0 0
13942 13960 14007 14114 14118 14067 14054 14048 14042 14170 14291 0 0 14041 14041 14041 14006 13981 13981 13951 13950
13942 0 14175 14188 14198 14188 14186 14190 14170 14159 14124 14129 14130 14028 14030 14018 14003 13997 13951 13950 13937
14010 14092 14124 14145 14166 14170 14188 14195 14185 14142 14127 14116 14111 14019 14141 14146 14146 0 14297 14297 13916
14061 14084 14132 14154 14162 14189 14209 14206 14148 14117 14101 14206 14019 14128 14136 14140 14228 14274 14295 0 0
14077 14132 14157 14150 14163 14186 14193 14150 14123 14117 14215 14187 14200 14251 14211 14227 14250 14246 14165 14133 14133
14118 14150 14134 14133 14179 14180 14281 14243 14228 14226 14208 14209 14247 14212 14218 14245 14243 14165 14133 14133 0
14349 14326 14311 14320 14310 14267 14235 14249 14251 14241 14224 14214 14217 14232 14246 14252 14255 0 0 0 0
14346 14326 14327 14324 14282 14257 14264 14260 14266 14249 14222 14206 14196 14225 14254 14255 0 0 0 0 13862
14326 14307 14338 14360 14315 14298 14271 14280 14280 14248 14194 14194 14194 0 0 0 0 0 0 0 13829
14314 14337 14378 14317 14300 14284 14290 14282 14259 14242 14240 0 14251 14248 0 0 0 0 0 13829 13856
14344 14363 14301 14265 14258 14279 14286 14270 14269 14252 0 14255 14272 14252 0 0 0 0 13829 13881 13882
14350 14342 14299 14266 14291 14302 14304 14322 14290 14279 14289 14294 14272 0 0 0 0 0 0 0 13837
