inst/extdata/modis/lst/modgrid/Lat43.00075Lon-78.78820Start2001-01-01End2013-12-31___MOD11A2/GRID_Lat43.00075Lon-78.78820Start2001-01-01End2013-12-31___MOD11A2_LST_Day_1km_A2011265.asc
ncols		 21
nrows		 21
xllcorner	 -6416881.12
yllcorner	 4772121.02
cellsize	 926.625433055834
NODATA_value	 0
14998 15006 15010 15021 15021 15004 14996 14975 14972 14942 14941 14954 14934 14930 14905 14876 14867 14883 14941 14932 14809
14798 14834 14909 14908 14898 14905 14898 14884 14873 14879 14913 14914 14931 14933 14918 14895 14888 14937 14929 14826 14818
14628 14697 14745 14768 14780 14783 14799 14824 14844 14880 14882 14908 14928 14938 14932 14898 14874 14864 14855 14913 14813
14698 14709 14704 14739 14735 14735 14760 14797 14890 14903 14932 14958 14968 14956 14918 14887 14868 14852 14847 14892 14824
14820 14833 14835 14814 14788 14753 14764 14811 14885 14973 14983 14964 14943 14925 14907 14896 14861 14831 14833 14794 14831
14892 14898 14889 14873 14837 14801 14780 14854 14970 14988 14943 14906 14911 14924 14941 14908 14849 14837 14852 14855 14870
14918 14922 14911 14884 14847 14836 14846 14941 14986 14954 14916 14920 14940 14963 14936 14893 14889 14901 14869 14872 14877
14891 14894 14891 14874 14867 14857 14932 14982 14974 14951 14923 14936 14961 14952 14914 14913 14927 14978 14889 14894 14868
14881 14889 14898 14895 14879 14944 14976 14983 14970 14955 14957 14971 14965 14950 14945 14958 15024 15014 15003 14971 14918
14877 14881 14891 14926 14999 15016 15009 15006 15013 15015 15000 14988 14986 14990 15003 15048 15018 15001 15013 14904 14922
14881 14924 14972 15023 15029 15014 15009 15023 15031 15023 15008 15001 15001 14993 15048 15050 15039 15030 14950 14938 14914
14941 14985 15026 15043 15015 15054 15068 15067 15056 15033 15011 15012 14996 15069 15086 15025 15017 15010 14977 15031 14942
15019 15037 15042 15058 15082 15094 15100 15089 15057 15022 15031 15056 15078 15099 15028 15015 15010 15102 14954 14942 14914
15066 15068 15085 15091 15104 15108 15111 15059 15024 15034 15070 15056 15069 15014 14998 15048 15083 14998 14933 14907 14964
15096 15087 15072 15093 15094 15089 15049 15023 15010 15007 15050 15041 15004 14985 15044 15015 15036 15063 15013 14981 14924
15116 15096 15094 15092 15086 15046 15019 15002 15010 15078 15089 15066 15059 15061 15002 15008 15038 14989 14955 14901 14895
15122 15108 15090 15084 15056 15026 15019 15064 15081 15090 15063 15065 15066 15003 14992 15013 14950 14924 14911 14909 14879
15101 15100 15102 15088 15073 15046 15073 15079 15093 15079 15045 15022 15006 14996 14974 14936 14882 14835 14862 14874 14857
15089 15110 15110 15074 15052 15055 15076 15100 15060 15091 15058 15023 15009 14975 14944 14914 14817 14831 14851 14861 14951
15106 15104 15080 15047 15037 15051 15077 15095 15161 15126 15079 15066 15044 14989 14971 14979 14915 14935 14947 14968 14971
15102 15090 15047 15043 15063 15102 15109 15165 15155 15118 15110 15073 15025 14959 14944 14961 14933 14943 14973 14971 14964
