inst/extdata/modis/lst/modgrid/Lat43.00075Lon-78.78820Start2001-01-01End2013-12-31___MOD11A2/GRID_Lat43.00075Lon-78.78820Start2001-01-01End2013-12-31___MOD11A2_LST_Day_1km_A2001121.asc
ncols		 21
nrows		 21
xllcorner	 -6416881.12
yllcorner	 4772121.02
cellsize	 926.625433055834
NODATA_value	 0
15082 15110 15262 15240 15208 15195 15175 15169 15161 15141 15128 15148 15132 15126 15104 15071 15065 15096 15095 15086 15064
14929 15001 14984 14928 15042 15054 15055 15080 15086 15069 15091 15122 15133 15138 15118 15078 15069 15061 15057 15050 15044
14481 14591 14639 14724 14626 14679 14783 14884 14989 15007 15031 15114 15140 15141 15123 15083 15048 15026 15028 15025 15037
14496 14547 14573 14622 14660 14575 14574 14741 14913 15006 15091 15120 15152 15150 15107 15050 15011 15001 15011 15034 15058
14837 14858 14859 14838 14789 14717 14658 14725 14928 15129 15159 15150 15137 15102 15060 15039 15016 14996 15015 15039 15063
14980 14998 14978 14950 14885 14757 14663 14803 15044 15099 15140 15095 15072 15096 15101 15022 14959 14952 14972 15057 15070
15042 15043 15038 15004 14922 14833 14812 15017 15096 15147 15094 15082 15140 15177 15092 15031 14984 15003 15074 15079 15069
15020 15015 15014 14976 14918 14883 14951 15082 15157 15128 15107 15128 15177 15185 15145 15111 15110 15114 15111 15096 15081
14998 14994 14990 14942 14924 14961 15080 15163 15145 15122 15157 15176 15177 15166 15165 15163 15155 15152 15135 15124 15117
14904 14860 14906 14984 15092 15189 15199 15190 15187 15228 15233 15211 15192 15192 15197 15187 15152 15113 15116 15116 15126
14873 14982 15085 15191 15211 15207 15218 15233 15270 15288 15251 15226 15191 15175 15182 15167 15144 15150 15152 15160 15155
15046 15113 15203 15211 15212 15240 15263 15288 15326 15284 15252 15219 15195 15196 15211 15206 15202 15186 15202 15222 15174
15196 15233 15232 15228 15257 15278 15305 15336 15301 15263 15227 15183 15177 15195 15200 15190 15174 15226 15238 15174 15088
15259 15274 15271 15267 15273 15296 15319 15291 15240 15218 15182 15147 15163 15204 15183 15171 15211 15221 15136 15078 15070
15340 15261 15247 15251 15257 15251 15224 15193 15188 15176 15146 15140 15177 15177 15170 15202 15239 15155 15100 15084 15038
15292 15266 15254 15261 15239 15196 15168 15170 15173 15189 15174 15165 15183 15200 15209 15230 15186 15132 15069 15007 15008
15299 15273 15274 15249 15205 15173 15176 15178 15189 15198 15179 15186 15197 15200 15187 15145 15101 15024 15050 15047 15047
15273 15285 15287 15267 15227 15208 15196 15193 15213 15211 15189 15182 15187 15164 15092 15056 14998 15026 15068 15092 15073
15285 15300 15288 15251 15215 15207 15203 15214 15222 15233 15225 15198 15160 15098 15040 14989 14966 15012 15052 15041 15020
15293 15291 15257 15213 15216 15221 15235 15244 15325 15300 15257 15164 15153 15101 15048 15023 15011 15009 15092 15044 15031
15302 15272 15237 15227 15287 15307 15315 15331 15311 15270 15262 15192 15159 15112 15067 15025 15026 15036 15034 15038 15034
