inst/extdata/modis/lst/modgrid/Lat43.00075Lon-78.78820Start2001-01-01End2013-12-31___MOD11A2/GRID_Lat43.00075Lon-78.78820Start2001-01-01End2013-12-31___MOD11A2_LST_Day_1km_A2002305.asc
ncols		 21
nrows		 21
xllcorner	 -6416881.12
yllcorner	 4772121.02
cellsize	 926.625433055834
NODATA_value	 0
14026 14043 14048 14032 14015 13967 13963 13960 13972 13957 13947 13961 14079 14069 14059 14029 14043 14055 14066 14052 14042
14039 14038 13984 13982 13944 13946 13913 13896 13910 13931 13946 14086 14095 14095 14074 14068 14066 14082 14072 14061 14044
14069 14050 14033 14023 14027 14032 14059 14053 14044 14034 14033 14066 14090 14093 14082 14065 14069 14073 14062 14050 14052
14015 14007 14027 14027 13995 14067 14091 14082 14059 14047 14068 14089 14103 14088 14062 14055 13920 13863 13849 13869 13871
14005 14004 14005 13989 14021 14059 14103 14120 14092 14096 14102 14101 14088 14082 14081 13963 13872 13799 13822 13842 13870
14033 14042 14033 14028 14018 14022 14104 14119 14015 13984 13937 13908 13932 13964 13977 13925 13808 13786 13856 13884 13886
14051 14047 14054 14038 14012 14051 14123 14036 14022 13946 13926 13945 13966 13975 13962 13876 13857 13914 13912 13904 13901
14002 14014 13992 13997 14021 14070 14069 14053 14037 14010 14012 13961 13979 13977 13930 13909 13939 13926 13926 13917 13898
13990 13997 14023 14062 14087 14084 14073 14058 14036 14020 13976 13998 13980 13958 13966 13967 13953 13945 13967 13967 13940
14000 14063 14073 14074 14079 14074 14073 14060 14002 14003 14031 14033 14018 14005 13984 13985 13942 13900 13934 13939 13959
14033 14031 14050 14076 14074 14073 14077 14022 14025 14029 14004 14002 14026 14000 13998 13959 13945 13955 13963 13999 13982
14023 14047 14002 13993 13994 14021 14026 14046 14062 14024 14003 14019 14025 14004 14017 13990 13979 13987 14014 14037 14024
14042 13953 13926 13920 13940 13923 13950 13959 14049 14011 14007 14024 14026 13995 13990 13984 13988 14024 14031 14010 13966
13950 13943 13938 13939 13949 13958 13957 13987 13969 13954 13954 13996 13980 14028 14101 14096 14114 14066 14054 14041 14023
13982 13980 13965 13999 14002 13943 13975 13961 13947 13956 13971 13968 14005 14105 14097 14075 14088 14066 14035 14014 14006
14011 13930 13991 13997 14062 14044 14038 14053 14070 14073 14106 14100 14124 14142 14077 14093 14077 14039 14008 13929 13924
13957 14036 14031 14090 14035 14030 14018 14020 14108 14110 14108 14130 14154 14071 14078 13986 13974 13863 13853 13850 13939
14093 14039 14112 14057 14050 14038 14040 14119 14125 14129 14132 14064 14059 14061 13971 13962 13944 13943 13955 13947 14005
14106 14124 14127 14056 14059 14001 14057 14036 14052 14087 14076 13996 13967 13968 13940 13923 13988 14003 14009 14016 14044
14119 14144 14138 14124 14069 14062 14030 14040 14137 14135 14127 14070 14073 14118 14005 14002 14009 14005 14004 14008 14050
14152 14153 14128 14122 13994 14002 14063 14162 14138 14131 14132 14140 14115 14077 14050 14045 13999 13992 13992 14046 14050
