inst/extdata/modis/lst/modgrid/Lat43.00075Lon-78.78820Start2001-01-01End2013-12-31___MOD11A2/GRID_Lat43.00075Lon-78.78820Start2001-01-01End2013-12-31___MOD11A2_LST_Day_1km_A2002113.asc
ncols		 21
nrows		 21
xllcorner	 -6416881.12
yllcorner	 4772121.02
cellsize	 926.625433055834
NODATA_value	 0
14524 14540 14624 14599 14575 14570 14569 14559 14438 14375 14380 14515 14526 14433 14424 14364 14358 14363 14366 14369 14479
14337 14402 14451 14474 14492 14472 14467 14352 14345 14357 14474 14515 14425 14431 14405 14378 14365 14361 14364 14474 14457
14180 14195 14187 14319 14245 14232 14186 14222 14395 14450 14375 14401 14556 14555 14528 14354 14351 14351 14456 14441 14451
14161 14051 14016 14009 14212 13985 14023 14176 14446 14515 14554 14584 14599 14571 14514 14462 14444 14430 14420 14435 14455
14336 14392 14390 14328 14108 14418 14191 14291 14406 14501 14519 14619 14582 14535 14492 14476 14435 14406 14411 14519 14451
14474 14473 14459 14445 14313 14241 14187 14327 14478 14512 14586 14541 14531 14544 14543 14482 14424 14397 14519 14534 14452
14433 14435 14432 14404 14349 14303 14348 14445 14508 14575 14528 14524 14558 14567 14556 14575 14444 14447 14561 14461 14459
14427 14433 14430 14425 14455 14454 14471 14609 14596 14554 14520 14542 14549 14562 14498 14490 14493 14595 14603 14511 14487
14393 14401 14409 14449 14448 14484 14595 14598 14563 14538 14564 14575 14562 14535 14530 14544 14538 14536 14532 14520 14525
14376 14385 14429 14493 14547 14631 14611 14500 14499 14516 14615 14583 14575 14583 14590 14457 14436 14424 14428 14541 14547
14377 14474 14580 14609 14642 14610 14511 14518 14535 14642 14607 14588 14563 14558 14484 14472 14454 14442 14565 14582 14583
14511 14558 14593 14613 14716 14563 14532 14548 14638 14624 14584 14465 14457 14492 14443 14524 14522 14593 14612 14629 14448
14501 14523 14523 14731 14757 14770 14806 14656 14643 14591 14472 14461 14400 14449 14444 14469 14590 14625 14659 14560 14508
14614 14623 14780 14770 14770 14796 14643 14629 14592 14480 14466 14386 14463 14489 14489 14559 14582 14577 14522 14504 14482
14639 14658 14642 14640 14774 14626 14604 14582 14574 14561 14471 14444 14467 14477 14541 14551 14585 14538 14505 14473 14435
14677 14662 14648 14641 14623 14593 14584 14577 14478 14493 14462 14454 14465 14571 14581 14582 14566 14404 14415 14354 14431
14679 14658 14654 14641 14604 14591 14581 14487 14492 14554 14469 14451 14463 14553 14544 14420 14403 14352 14361 14388 14387
14641 14645 14646 14650 14631 14530 14524 14518 14580 14501 14467 14443 14522 14515 14398 14397 14335 14352 14395 14395 14429
14645 14657 14659 14624 14529 14528 14531 14603 14602 14499 14470 14500 14654 14626 14575 14346 14350 14395 14427 14413 14405
14650 14662 14626 14534 14525 14541 14612 14602 14611 14563 14530 14698 14666 14435 14405 14388 14393 14399 14415 14419 14429
14826 14796 14620 14603 14624 14633 14641 14634 14602 14581 14737 14725 14692 14641 14405 14390 14379 14548 14556 14557 14433
