inst/extdata/modis/lst/modgrid/Lat43.00075Lon-78.78820Start2001-01-01End2013-12-31___MOD11A2/GRID_Lat43.00075Lon-78.78820Start2001-01-01End2013-12-31___MOD11A2_LST_Day_1km_A2012137.asc
ncols		 21
nrows		 21
xllcorner	 -6416881.12
yllcorner	 4772121.02
cellsize	 926.625433055834
NODATA_value	 0
15210 15228 15265 15272 15272 15250 15216 15198 15203 15153 15125 15095 15075 15069 15035 14987 15009 15036 15019 14987 14955
15045 15116 15108 15111 15045 15035 15009 15064 15019 15023 15045 15052 15127 15078 15054 15049 15039 15015 14983 14969 14941
14588 14658 14684 14798 14738 14731 14822 14925 14981 14992 15009 15040 15100 15111 15142 15071 15027 14976 14953 14971 14979
14613 14666 14671 14698 14698 14683 14725 14859 14999 15046 15069 15126 15153 15190 15098 15042 14978 14944 14944 14963 14980
14825 14865 14901 14858 14785 14755 14720 14828 15005 15126 15217 15220 15199 15146 15086 15048 14957 14926 14924 14977 14998
14987 14980 14957 14922 14874 14815 14768 14928 15103 15250 15160 15088 15107 15136 15135 15059 14965 14940 15009 15045 15087
15017 15026 15035 14994 14912 14865 14900 15055 15213 15175 15102 15101 15181 15215 15176 15051 15000 15050 15083 15086 15085
14986 14998 14979 14959 14961 14932 15039 15212 15194 15143 15098 15137 15181 15231 15139 15095 15092 15106 15124 15130 15082
14939 14981 15008 14992 14990 15080 15195 15201 15159 15137 15171 15177 15195 15180 15184 15192 15189 15173 15154 15134 15161
14918 14941 14984 15089 15167 15296 15239 15217 15216 15262 15250 15256 15236 15238 15246 15240 15182 15118 15132 15161 15181
14952 15040 15179 15232 15333 15318 15264 15281 15319 15356 15314 15286 15248 15223 15232 15234 15200 15208 15224 15245 15213
15100 15219 15283 15329 15335 15356 15372 15411 15446 15392 15327 15288 15249 15265 15295 15290 15282 15269 15310 15295 15197
15253 15321 15354 15357 15378 15400 15444 15483 15436 15355 15314 15282 15276 15307 15313 15286 15271 15333 15336 15208 15133
15351 15394 15390 15385 15399 15431 15462 15422 15371 15333 15291 15268 15278 15331 15299 15265 15318 15334 15200 15172 15139
15427 15412 15396 15391 15391 15394 15360 15326 15306 15279 15262 15245 15305 15302 15284 15319 15340 15257 15204 15167 15094
15443 15423 15406 15400 15394 15336 15318 15307 15293 15296 15297 15295 15308 15326 15329 15352 15332 15266 15173 15080 15045
15452 15419 15414 15410 15367 15347 15336 15320 15311 15314 15296 15301 15314 15304 15297 15262 15223 15166 15118 15093 15095
15417 15428 15436 15426 15386 15357 15347 15350 15369 15373 15334 15304 15267 15223 15188 15140 15089 15098 15101 15118 15097
15434 15449 15449 15403 15357 15347 15352 15370 15396 15409 15378 15312 15246 15199 15136 15066 15021 15037 15090 15077 15063
15445 15442 15392 15341 15343 15360 15384 15410 15450 15427 15348 15337 15312 15248 15173 15114 15079 15095 15110 15105 15085
15461 15423 15386 15369 15378 15417 15440 15459 15440 15390 15372 15364 15322 15223 15150 15128 15112 15101 15083 15075 15073
