inst/extdata/modis/lst/modgrid/Lat43.00075Lon-78.78820Start2001-01-01End2013-12-31___MOD11A2/GRID_Lat43.00075Lon-78.78820Start2001-01-01End2013-12-31___MOD11A2_LST_Day_1km_A2012289.asc
ncols		 21
nrows		 21
xllcorner	 -6416881.12
yllcorner	 4772121.02
cellsize	 926.625433055834
NODATA_value	 0
14558 14564 14579 14494 14612 14588 14568 14561 14560 14539 14538 14546 14542 14535 14529 14456 14453 14467 14469 14455 14446
14486 14451 14442 14430 14518 14514 14519 14520 14508 14507 14531 14541 14546 14543 14536 14446 14445 14454 14437 14426 14417
14318 14345 14359 14437 14444 14442 14457 14477 14487 14497 14510 14530 14545 14556 14549 14537 14449 14430 14420 14420 14519
14358 14407 14393 14406 14402 14404 14433 14475 14524 14537 14487 14564 14579 14565 14541 14522 14517 14495 14498 14509 14519
14472 14495 14501 14468 14451 14432 14365 14410 14480 14511 14526 14603 14567 14547 14547 14545 14502 14483 14486 14509 14508
14529 14535 14522 14508 14426 14394 14400 14461 14592 14526 14583 14546 14544 14575 14583 14551 14497 14484 14507 14529 14531
14535 14545 14545 14452 14439 14443 14473 14566 14608 14587 14552 14557 14592 14608 14598 14481 14532 14543 14549 14547 14537
14514 14518 14514 14465 14461 14469 14557 14610 14604 14576 14564 14572 14524 14527 14494 14485 14559 14567 14570 14562 14547
14452 14463 14494 14502 14478 14560 14611 14616 14604 14502 14520 14529 14515 14507 14506 14583 14530 14537 14582 14566 14575
14459 14477 14486 14503 14593 14562 14519 14516 14534 14538 14551 14607 14600 14602 14526 14533 14522 14558 14554 14507 14514
14473 14497 14554 14581 14575 14565 14566 14580 14577 14612 14598 14590 14587 14508 14522 14538 14536 14531 14523 14539 14530
14527 14543 14559 14575 14576 14575 14595 14597 14659 14554 14532 14592 14585 14620 14625 14567 14565 14569 14568 14567 14480
14560 14572 14585 14589 14588 14606 14662 14615 14578 14542 14607 14611 14627 14625 14622 14617 14617 14645 14556 14449 14431
14581 14598 14602 14603 14606 14614 14617 14600 14629 14618 14612 14609 14618 14636 14627 14511 14530 14546 14522 14498 14543
14612 14613 14609 14604 14602 14608 14574 14556 14605 14606 14605 14601 14617 14617 14510 14523 14639 14605 14579 14546 14518
14635 14615 14602 14601 14599 14567 14550 14550 14606 14536 14535 14600 14609 14487 14511 14549 14613 14578 14531 14510 14494
14623 14610 14607 14652 14552 14542 14547 14616 14543 14540 14598 14607 14492 14495 14517 14584 14558 14504 14504 14502 14503
14583 14648 14661 14574 14562 14575 14574 14574 14564 14554 14528 14497 14498 14500 14559 14530 14506 14514 14518 14513 14498
14644 14660 14663 14647 14565 14425 14434 14563 14561 14544 14534 14518 14506 14487 14536 14504 14503 14510 14510 14493 14503
14655 14656 14643 14535 14408 14427 14460 14549 14536 14536 14531 14527 14524 14583 14556 14536 14522 14509 14503 14515 14516
14666 14653 14531 14534 14544 14512 14566 14545 14546 14535 14632 14629 14597 14566 14535 14517 14507 14502 14506 14510 14510
