inst/extdata/modis/lst/modgrid/Lat43.00075Lon-78.78820Start2001-01-01End2013-12-31___MOD11A2/GRID_Lat43.00075Lon-78.78820Start2001-01-01End2013-12-31___MOD11A2_LST_Day_1km_A2012009.asc
ncols		 21
nrows		 21
xllcorner	 -6416881.12
yllcorner	 4772121.02
cellsize	 926.625433055834
NODATA_value	 0
13768 13814 13815 13831 13837 13838 13825 13815 13801 13776 13766 13794 13797 13799 13802 13800 13778 13777 13805 13812 13814
13810 13815 13822 13826 13826 13824 13820 13819 13809 13808 13810 13807 13806 13811 13811 13785 13782 13778 13780 13800 13817
13815 13817 13817 13818 13820 13819 13819 13815 13818 13819 13818 13817 13822 13815 13811 13815 13780 13780 13789 13789 13802
13817 13787 13787 13815 13816 13817 13822 13829 13835 13840 13839 13846 13848 13847 13834 13820 13816 13814 13814 13801 13798
13786 13786 13816 13818 13819 13826 13835 13844 13854 13855 13859 13856 13855 13848 13841 13837 13833 13830 13821 13813 13813
13815 13819 13821 13821 13827 13836 13848 13859 13860 13863 13859 13858 13854 13856 13857 13854 13852 13840 13834 13833 13830
13825 13827 13827 13829 13838 13855 13863 13863 13868 13865 13864 13837 13836 13865 13865 13865 13862 13858 13855 13847 13844
13840 13830 13830 13841 13863 13887 13886 13901 13877 13877 13849 13845 13870 13870 13869 13872 13871 13867 13860 13861 13861
13848 13849 13862 13880 13895 13896 13902 13896 13896 13883 13882 13874 13870 13870 13875 13874 13875 13876 13877 13871 13869
13866 13872 13874 13878 13890 13902 13896 13864 13873 13875 13879 13880 13879 13876 13877 13878 13881 13879 13873 13870 13868
13867 13850 13832 13833 13858 13859 13850 13876 13882 13884 13877 13876 13877 13878 13881 13886 13885 13881 13880 13878 13866
13838 13843 13851 13855 13849 13865 13883 13890 13882 13872 13866 13873 13872 13877 13885 13885 13886 13886 13884 13876 13866
13844 13852 13854 13848 13876 13880 13880 13876 13878 13877 13877 13877 13887 13894 13894 13895 13895 13893 13889 13888 13875
13851 13860 13860 13880 13889 13889 13881 13889 13891 13891 13891 13893 13893 13892 13893 13894 13891 13889 13889 13883 13880
13930 13873 13885 13883 13906 13900 13899 13896 13888 13887 13884 13882 13883 13885 13886 13885 13895 13882 13879 13875 13844
13883 13886 13915 13913 13905 13903 13898 13886 13884 13882 13880 13880 13873 13874 13893 13890 13900 13891 13850 13836 13831
13898 13919 13918 13909 13906 13901 13886 13885 13885 13884 13897 13889 13871 13875 13863 13882 13870 13862 13832 13816 13813
13907 13896 13893 13911 13906 13890 13890 13884 13883 13896 13889 13869 13869 13853 13865 13862 13858 13838 13828 13818 13821
13883 13919 13930 13923 13932 13938 13939 13899 13917 13920 0 13864 13856 13866 13863 13860 13844 13839 13856 13826 13825
13896 13939 13926 13938 13945 13982 13911 13921 13920 13920 13884 13867 13863 13853 13879 13873 13852 13860 13832 13830 13830
13962 13959 13897 13896 13925 13939 13940 13934 13927 13888 13884 13879 13864 13851 13838 13830 13830 13825 13827 13827 13826
