inst/extdata/modis/lst/modgrid/Lat43.00075Lon-78.78820Start2001-01-01End2013-12-31___MOD11A2/GRID_Lat43.00075Lon-78.78820Start2001-01-01End2013-12-31___MOD11A2_LST_Day_1km_A2005241.asc
ncols		 21
nrows		 21
xllcorner	 -6416881.12
yllcorner	 4772121.02
cellsize	 926.625433055834
NODATA_value	 0
15030 15037 15058 15038 15022 15069 15065 15017 15017 14992 14987 15010 15035 14966 14905 14862 14858 14971 14967 14904 14879
14878 14905 14904 14882 14859 14977 14930 14963 14940 14930 15012 14942 14947 14999 14992 14948 14906 14895 14832 14810 14866
14776 14788 14763 14851 14736 14727 14878 14842 14890 14916 14921 14935 14998 14999 14989 14908 14870 14800 14770 14747 14773
14707 14688 14694 14685 14866 14745 14773 14844 14894 14999 15008 15026 14939 14919 14931 14809 14791 14757 14729 14711 14762
14867 14865 14749 14754 14778 14903 14772 14810 14938 15076 14937 14918 14901 14874 14856 14830 14780 14760 14745 14836 14833
14940 14970 14940 14950 14794 14801 14778 14890 15063 14941 14892 14886 14891 14881 14872 14807 14778 14764 14921 14822 14871
14986 14994 15053 14988 14863 14870 14977 15092 15019 14984 15003 14899 14901 14905 14883 14855 14938 14991 14999 14990 14879
14935 15025 15013 14804 14815 14989 15079 15021 15000 15021 14985 14962 15042 14898 14875 14963 14962 14965 14999 14978 14920
14828 14850 14846 14845 14879 14938 15111 15092 15032 14954 14990 15079 14983 14979 14940 14955 14994 14977 14960 14959 14889
14826 14844 14857 14898 15099 15111 15100 15056 15004 15154 15154 15011 14997 14968 14968 14999 14959 14940 14847 14861 14889
14904 15010 14938 15096 15097 15107 15091 15106 15127 15151 15143 15111 15083 14967 14965 15023 15077 14853 14887 14918 14926
14975 15046 15069 15066 15093 15203 15228 15125 15158 15117 15132 15147 15125 15089 15062 15119 14917 14905 14956 15081 14866
15064 15131 15141 15149 15155 15217 15230 15328 15141 15145 15144 15115 15085 15065 15110 15086 15014 15077 15120 14934 14967
15146 15162 15265 15164 15214 15223 15303 15121 15130 15133 14947 15033 15000 15238 15121 15052 15084 15039 15011 14985 14976
15175 15273 15263 15258 15256 15249 15080 15084 15095 15090 14906 14912 14919 15118 15108 15135 15010 14976 14937 14910 14883
15313 15291 15203 15202 15196 15141 15115 15100 14927 14932 14931 14912 15117 15147 15073 15108 15054 14941 14903 14854 14839
15144 15124 15193 15204 15177 15132 15094 15071 14910 14907 15135 15118 15121 15048 15054 15030 15043 14979 14879 14779 14757
15021 15136 15157 15192 15161 15083 15083 15072 15073 15182 15138 15093 15019 15012 14991 14988 14920 14820 14831 14760 14793
15260 15182 15169 15136 15062 15055 15075 15071 15195 15178 15137 15013 14999 14961 14929 14948 14921 14769 14861 14847 14845
15072 15048 15032 15209 15059 15054 15196 15203 15216 15187 15099 15077 15027 14983 14916 14907 14870 14855 14846 14907 14827
15157 15137 15222 15217 15225 15232 15241 15238 15198 15111 15102 15083 15035 14936 14907 14897 14900 14843 14865 14903 14813
