inst/extdata/modis/lst/modgrid/Lat43.00075Lon-78.78820Start2001-01-01End2013-12-31___MOD11A2/GRID_Lat43.00075Lon-78.78820Start2001-01-01End2013-12-31___MOD11A2_LST_Day_1km_A2002025.asc
ncols		 21
nrows		 21
xllcorner	 -6416881.12
yllcorner	 4772121.02
cellsize	 926.625433055834
NODATA_value	 0
13888 13892 13917 13914 13917 13917 13902 13883 13877 13872 13870 13906 13912 13928 13921 13910 13883 13879 13824 13825 13838
13842 13890 13888 13884 13879 13873 13873 13873 13872 13873 13915 13928 13941 13938 13927 13886 13876 13833 13849 13873 13878
13774 13784 13795 13801 13809 13825 13842 13860 13864 13873 13901 13919 13932 13931 13901 13877 13875 13869 13879 13879 13906
13802 13813 13810 13798 13787 13790 13821 13843 13895 13930 13944 13946 13945 13934 14010 13893 13899 13905 13907 13903 13897
13860 13872 13876 13867 13860 13835 13830 13845 13907 13940 13944 13945 13936 13920 13929 13942 13937 13913 13901 13896 13893
13892 13897 13895 13886 13857 13842 13838 13879 13909 13911 13905 13893 13912 13941 13955 13949 13918 13909 13903 13896 13896
13891 13892 13888 13873 13865 13895 13893 13888 13944 13940 13917 13922 13933 13940 13939 13918 13920 13933 13920 13911 13910
13881 13883 13884 13875 13883 13882 13897 13935 13944 13929 13926 13920 13918 13918 13913 13921 13938 13932 13929 13920 13912
13880 13887 13895 13901 13890 13909 13936 13946 13938 13927 13925 13918 13918 13918 13937 13944 13942 13940 13934 13930 13907
13897 13890 13894 13909 13936 13952 13945 13935 13921 13918 13929 13925 13920 13932 13936 13936 13931 13924 13912 13882 13855
13858 13889 13927 13927 13928 13912 13906 14011 13939 13934 13928 13921 14016 13917 13924 13926 13930 14027 13991 13941 13940
13858 13889 13887 13899 13905 13901 13931 13937 13938 13925 14013 14010 13916 13925 13928 13933 14034 14008 13991 13798 13789
13867 13872 13896 13912 13926 13936 13934 13943 13942 13931 13922 13915 13922 13930 13935 14008 14006 0 13798 13785 13731
13901 13891 13924 13928 13933 13931 13927 13929 13928 13921 13916 13918 13917 13913 13889 13987 0 0 0 0 0
13910 13943 13935 13917 13921 13923 13922 13920 13916 13914 13911 13997 13903 13888 13981 0 0 0 0 0 0
13948 13938 13931 13923 14025 14004 14000 13993 13993 13993 13990 13988 0 0 0 0 0 0 0 0 13649
14020 13930 14005 14005 14004 14001 13986 13982 13980 13980 0 0 13733 13733 0 0 0 0 0 13649 13649
13977 13997 14001 14005 14005 0 0 0 0 0 0 13733 13733 13733 0 0 0 0 0 0 0
13960 14005 14005 14005 0 0 0 0 0 0 0 13733 0 0 0 0 0 0 0 0 0
0 0 14005 0 0 0 0 0 0 0 0 0 0 0 0 0 0 0 0 0 0
0 0 0 0 0 0 0 0 0 0 0 0 0 0 0 0 0 0 0 0 0
