inst/extdata/modis/lst/modgrid/Lat43.00075Lon-78.78820Start2001-01-01End2013-12-31___MOD11A2/GRID_Lat43.00075Lon-78.78820Start2001-01-01End2013-12-31___MOD11A2_LST_Day_1km_A2010017.asc
ncols		 21
nrows		 21
xllcorner	 -6416881.12
yllcorner	 4772121.02
cellsize	 926.625433055834
NODATA_value	 0
13611 13632 13731 13700 13697 13722 13700 13624 13623 13616 13618 13608 13613 13623 13650 13599 13585 13598 13602 13604 13608
13641 13666 13667 13661 13662 13675 13646 13625 13612 13628 13618 13614 13619 13632 13659 13616 13605 13600 13599 13601 13601
13650 13655 13651 13652 13634 13621 13616 13640 13634 13653 13652 13631 13628 13628 13617 13596 13597 13596 13595 13593 13591
13631 13614 13625 13631 13627 13634 13680 13666 13678 13673 13669 0 0 0 0 0 0 0 13591 13591 13603
13638 13646 13660 13673 13635 13681 13687 13739 13739 13732 0 0 0 0 0 0 0 0 0 13601 13619
13668 13667 13616 13615 0 13708 13740 13739 13739 0 0 0 0 0 0 0 0 0 0 0 0
13633 13637 13617 13681 13740 13740 13740 0 0 13566 13566 0 0 0 0 0 0 0 0 0 0
13657 13681 13681 0 13581 13740 13540 13514 13544 13561 0 0 0 0 0 0 0 0 0 0 0
0 0 0 13581 13566 13546 13520 13489 13486 0 0 0 0 0 0 0 0 0 0 0 0
0 0 13581 13563 13528 13531 0 0 0 0 0 0 0 0 0 0 0 0 0 13428 13429
0 0 0 13503 13503 0 0 0 0 0 0 0 0 0 0 0 0 13370 13407 13431 13434
0 0 0 0 0 0 0 0 0 0 0 0 0 0 0 0 13370 13370 0 0 0
13546 13556 0 0 0 0 0 0 0 0 0 0 0 0 0 0 0 0 0 0 0
13568 13634 0 0 0 0 0 0 0 0 0 0 0 0 0 0 0 0 0 0 13459
13615 13867 13867 13867 0 0 0 0 0 0 0 0 0 0 0 0 13551 0 13385 13508 13454
13867 13867 13867 0 0 0 0 0 0 0 0 0 13551 13550 13546 13613 13463 13516 13504 13503 13500
13867 13867 0 0 0 0 0 13546 13547 13547 13528 13607 13612 13610 13537 13524 13525 13578 13562 13544 13533
0 0 0 0 0 0 13546 13547 13550 13528 13602 13600 13528 13536 13524 13594 13587 13577 13557 13537 13444
0 0 0 13624 13624 0 13548 13551 13519 13532 13556 13540 13526 13592 13590 13581 13570 13558 13549 13531 13466
0 13624 13624 13624 13624 13532 13542 13549 13520 13515 13555 13609 13604 13596 13596 13584 13436 13430 13528 13522 13527
13624 13624 13624 13630 13539 13544 13554 13545 13555 13643 13641 13634 13605 13604 13617 13471 13411 13421 13528 13534 13530
