inst/extdata/modis/lst/modgrid/Lat43.00075Lon-78.78820Start2001-01-01End2013-12-31___MOD11A2/GRID_Lat43.00075Lon-78.78820Start2001-01-01End2013-12-31___MOD11A2_LST_Day_1km_A2001273.asc
ncols		 21
nrows		 21
xllcorner	 -6416881.12
yllcorner	 4772121.02
cellsize	 926.625433055834
NODATA_value	 0
14828 14850 14867 14856 14839 14816 14805 14796 14799 14786 14786 14795 14796 14782 14764 14738 14739 14754 14775 14781 14767
14608 14619 14688 14683 14550 14739 14588 14670 14677 14755 14780 14794 14781 14777 14766 14748 14745 14754 14757 14752 14747
14510 14525 14538 14594 14580 14584 14611 14702 14714 14738 14749 14752 14774 14773 14759 14736 14732 14736 14726 14727 14733
14444 14460 14461 14495 14596 14594 14547 14612 14735 14752 14766 14784 14792 14776 14743 14730 14722 14710 14709 14719 14725
14672 14600 14685 14655 14635 14620 14569 14552 14743 14781 14802 14797 14772 14754 14746 14744 14718 14697 14693 14702 14718
14730 14740 14724 14709 14682 14651 14532 14630 14769 14800 14780 14753 14754 14771 14780 14752 14710 14685 14689 14709 14718
14759 14763 14750 14720 14700 14629 14626 14773 14811 14789 14760 14763 14784 14798 14789 14751 14726 14738 14736 14732 14730
14753 14750 14735 14724 14730 14653 14696 14823 14810 14789 14774 14779 14797 14796 14777 14754 14757 14759 14756 14747 14722
14736 14738 14751 14763 14681 14713 14830 14822 14798 14794 14806 14808 14796 14789 14788 14789 14781 14778 14779 14771 14761
14733 14743 14751 14787 14734 14836 14833 14822 14832 14848 14851 14830 14815 14809 14802 14792 14780 14756 14755 14758 14764
14667 14771 14808 14842 14849 14836 14834 14854 14869 14866 14841 14823 14808 14797 14797 14794 14774 14767 14773 14784 14773
14783 14801 14837 14846 14844 14852 14870 14884 14888 14864 14838 14828 14815 14821 14826 14825 14813 14796 14806 14798 14781
14822 14847 14847 14847 14857 14875 14887 14909 14887 14860 14842 14822 14823 14829 14827 14818 14812 14831 14813 14792 14737
14863 14791 14866 14865 14869 14879 14896 14875 14853 14834 14817 14806 14811 14825 14816 14803 14827 14816 14791 14748 14735
14886 14876 14869 14869 14870 14862 14846 14825 14812 14803 14795 14785 14807 14812 14805 14816 14840 14795 14754 14734 14720
14897 14881 14879 14877 14861 14837 14806 14800 14799 14803 14797 14788 14795 14818 14822 14838 14794 14755 14728 14706 14697
14904 14890 14891 14879 14858 14821 14812 14803 14808 14807 14797 14795 14818 14805 14801 14769 14743 14706 14695 14697 14698
14879 14744 14886 14876 14852 14847 14827 14825 14824 14807 14793 14784 14696 14767 14754 14734 14693 14697 14712 14718 14701
14734 14756 14752 14870 14860 14844 14839 14838 14836 14810 14803 14789 14770 14750 14720 14689 14681 14693 14710 14703 14706
14895 14894 14878 14863 14848 14847 14846 14844 14840 14833 14822 14807 14648 14641 14726 14712 14704 14700 14734 14744 14722
14903 14895 14878 14861 14860 14871 14870 14855 14848 14831 14744 14730 14656 14746 14729 14723 14708 14729 14741 14750 14763
