inst/extdata/modis/lst/modgrid/Lat43.00075Lon-78.78820Start2001-01-01End2013-12-31___MOD11A2/GRID_Lat43.00075Lon-78.78820Start2001-01-01End2013-12-31___MOD11A2_LST_Day_1km_A2007321.asc
ncols		 21
nrows		 21
xllcorner	 -6416881.12
yllcorner	 4772121.02
cellsize	 926.625433055834
NODATA_value	 0
14029 14080 14052 14081 14095 14091 13889 13882 14078 13883 13892 13896 13898 14092 14092 14089 13933 13935 13948 13949 13649
14045 13876 13875 13931 13967 13887 13876 14072 14080 13898 13902 13904 14102 14103 13960 13937 13936 13940 13942 13941 13941
13875 13884 13922 14061 13973 13967 13960 13943 13927 13919 13924 14104 14106 13968 13941 13940 13930 13930 13941 13941 13936
13866 13873 13927 13937 14035 13934 13936 13924 13918 13921 14102 14107 13973 13957 13954 13941 13940 13930 13933 13927 13927
13958 13845 13858 13842 14010 14078 14092 13949 13953 13944 13946 13794 13747 13749 13952 13949 13925 13922 13913 13911 13919
13939 13735 13745 13886 14061 14065 13908 13942 13934 13805 13794 13743 13754 13784 13817 13812 13961 13938 13932 13934 13933
13990 13750 13887 14054 13881 13899 14093 14097 14006 13979 13968 13783 13778 13781 13791 13792 13957 13713 13710 13709 13940
14002 14041 13892 13901 13921 13990 14006 14131 13986 13978 13980 13764 13760 13778 13784 13975 13977 13723 13723 13971 13968
14047 13901 13904 13919 14001 14008 14132 14122 14120 13992 13992 13994 13762 13778 13784 13982 13977 13976 13974 13973 13969
13943 13958 13963 13992 14126 13944 13938 13936 13797 13804 13994 13992 13786 13786 13746 13745 13982 13975 13971 13956 13950
13958 13951 13847 13845 13800 13937 13936 13793 13800 13990 13987 13979 13976 13742 13744 13983 13983 13979 13972 13967 13947
13930 13813 13828 13817 13823 13984 13781 13799 13799 13794 13773 13772 13977 13980 13984 13737 13743 13745 13986 13980 13974
13789 13813 13825 13836 14006 13807 13807 13804 13798 13775 13772 13776 13778 13979 13733 13740 13743 13976 13961 13963 13920
13786 13808 13817 13817 14011 14012 14004 14004 13787 13786 13790 13828 13826 13982 13979 13976 13727 13718 13950 13916 13675
13810 13817 13815 13801 13808 13841 14004 13785 13784 13828 13828 13796 13776 13980 13972 13726 13729 13730 0 13916 13889
14029 14026 13810 13820 13844 13844 13995 13807 13804 13797 13777 13777 13976 13963 13971 13739 13735 13927 13927 13905 13905
13823 13823 14029 13849 14019 14011 13816 13809 13801 13781 13775 13769 13963 13970 13983 13978 13928 13927 13905 13905 13888
13823 14033 14048 14043 14027 14021 14005 14002 13782 13775 13774 0 13959 13959 13956 13944 13942 13922 13920 13890 13887
13814 13821 14044 14032 14025 14006 14004 13996 13993 13986 13728 13729 13982 13972 13954 13948 13734 13733 13728 13919 0
13813 13817 13847 14022 13828 13827 13999 13998 13998 13735 13746 13785 13780 13970 13956 13740 13737 13730 13919 13914 13915
13823 13849 13849 13848 13847 14003 14004 14016 14020 13794 13795 13802 13812 13803 13934 13737 13731 13730 13912 13914 13913
