inst/extdata/modis/lst/modgrid/Lat43.00075Lon-78.78820Start2001-01-01End2013-12-31___MOD11A2/GRID_Lat43.00075Lon-78.78820Start2001-01-01End2013-12-31___MOD11A2_LST_Day_1km_A2011209.asc
ncols		 21
nrows		 21
xllcorner	 -6416881.12
yllcorner	 4772121.02
cellsize	 926.625433055834
NODATA_value	 0
15204 15200 15404 15409 15399 15391 15369 15173 15157 15117 15091 15092 15148 15115 15041 15015 15015 15066 15048 15036 14990
15121 15148 15161 15140 15159 15164 15059 15068 15079 15076 15079 15056 15055 15048 15070 15041 15054 15053 15018 15094 15029
14935 14963 15021 15059 14972 14959 14955 14915 14936 15024 15046 15075 15095 15089 15060 15072 15023 14999 14952 14950 14921
14907 14910 14979 15010 15015 14923 14886 14931 15059 15109 15142 15113 15265 15271 15082 14986 14980 14938 14936 14933 14909
15015 15022 15033 15006 15004 14997 14956 15028 15140 15169 15145 15276 15262 15072 15048 15001 14945 14938 14938 14933 14945
15070 15098 15071 15055 15018 15031 15045 15112 15194 15221 15163 15214 15104 15093 15097 15029 14986 15062 14997 15012 14998
15104 15097 15096 15050 15086 15091 15169 15199 15221 15175 15132 15146 15171 15186 15152 15081 15057 15101 15048 15026 15012
15070 15066 15054 15042 15040 15183 15191 15210 15218 15173 15150 15156 15200 15215 15142 15113 15104 15093 15069 15056 15037
15046 15075 15101 15108 15148 15194 15217 15350 15197 15163 15160 15177 15219 15200 15176 15180 15172 15141 15109 15086 15075
15074 15092 15123 15197 15222 15261 15294 15309 15290 15345 15206 15244 15245 15208 15189 15170 15114 15102 15110 15166 15120
15107 15122 15215 15238 15260 15311 15337 15341 15335 15417 15435 15419 15267 15226 15222 15157 15154 15179 15179 15216 15294
15225 15306 15248 15282 15307 15354 15367 15374 15358 15315 15304 15299 15255 15248 15191 15198 15207 15212 15246 15207 15254
15314 15326 15322 15475 15374 15347 15365 15365 15340 15336 15292 15258 15208 15212 15205 15207 15249 15254 15225 15314 15272
15357 15359 15348 15349 15312 15416 15369 15359 15325 15288 15253 15194 15245 15216 15211 15249 15380 15242 15233 15170 15052
15356 15346 15376 15333 15312 15493 15483 15376 15250 15261 15266 15248 15265 15268 15258 15258 15271 15258 15180 15120 15057
15399 15393 15373 15365 15465 15451 15256 15238 15235 15233 15269 15282 15297 15300 15282 15296 15238 15189 15125 15059 15021
15526 15394 15382 15368 15354 15289 15259 15249 15249 15243 15266 15285 15281 15247 15237 15197 15168 15105 15093 15073 15036
15394 15389 15384 15370 15319 15315 15309 15303 15269 15289 15298 15256 15218 15191 15139 15100 15107 15107 15116 15047 15032
15396 15415 15407 15375 15341 15336 15341 15365 15393 15463 15304 15234 15198 15169 15110 15112 15086 15013 15018 15015 15074
15517 15393 15503 15331 15340 15375 15396 15416 15423 15493 15422 15391 15234 15170 15120 15090 15038 15042 15035 15026 15016
15514 15500 15332 15332 15379 15414 15440 15434 15492 15465 15442 15434 15242 15188 15153 15088 15073 15052 15040 15035 15008
