inst/extdata/modis/lst/modgrid/Lat43.00075Lon-78.78820Start2001-01-01End2013-12-31___MOD11A2/GRID_Lat43.00075Lon-78.78820Start2001-01-01End2013-12-31___MOD11A2_LST_Day_1km_A2004089.asc
ncols		 21
nrows		 21
xllcorner	 -6416881.12
yllcorner	 4772121.02
cellsize	 926.625433055834
NODATA_value	 0
14756 14781 14830 14829 14823 14824 14839 14821 14807 14773 14732 14727 14755 14742 14706 14667 14650 14648 14651 14671 14662
14649 14627 14612 14651 14690 14772 14744 14735 14735 14679 14699 14756 14733 14709 14647 14626 14627 14633 14654 14649 14625
13941 14067 14100 14284 14018 14054 14115 14620 14583 14634 14719 14714 14709 14665 14639 14602 14594 14611 14606 14592 14538
13949 13977 14060 14068 14318 13968 13978 14067 14194 14676 14697 14703 14732 14664 14608 14531 14509 14464 14128 14135 14529
14543 14548 14585 14570 14569 14446 14079 14155 14277 14781 14766 14760 14670 14644 14200 14194 14111 14101 14108 14131 14133
14703 14735 14730 14688 14573 14455 13986 14137 14305 14738 14767 14280 14599 14212 14202 13830 13813 14132 14144 14139 0
14744 14745 14738 14701 14667 14164 14187 14233 14341 14327 14256 14244 14233 14240 13914 13874 13856 13851 13884 13889 13870
14749 14736 14717 14699 14645 14180 14195 14353 14322 14621 14233 14232 14264 14272 13940 13905 13902 13920 13904 13886 13885
14715 14695 14661 14252 14192 14273 14344 14325 14299 14246 14236 14267 14265 13948 13957 13944 13948 13941 13934 13918 13902
14252 14196 14218 14253 14339 14356 14332 14311 14295 14264 14012 13990 13964 13974 13988 13993 13959 13934 13930 13916 13916
14186 14259 14285 14373 14383 14363 14311 14306 14020 14027 14021 13953 13944 13943 13958 13964 13937 13946 13951 13941 0
14287 14320 14340 14313 14332 14020 14048 14060 14062 14038 13997 13946 13946 13961 14013 14013 13982 13970 13977 0 14653
14352 14345 14294 14284 14048 14062 14088 14101 14046 14008 13989 13969 13979 14004 13999 13987 13991 14002 14005 14665 14665
14360 14081 14076 14071 14070 14105 14105 14047 14023 13988 13976 13961 13965 13979 13974 13980 14848 14371 14707 14723 14761
14095 14087 14078 14070 14060 14058 14034 14025 13979 13971 13946 14788 14788 14874 14806 14829 14854 14820 14781 14782 14752
14096 14092 14077 14065 14041 14025 13995 13960 13963 13948 14788 14792 14889 14905 14903 14892 14895 14869 14802 14723 14720
14106 14071 14067 14028 14016 13989 13970 13964 0 0 14787 14800 14849 14905 14931 14934 14934 14732 14732 14733 14735
14062 14062 14059 14044 13985 13982 13982 0 0 14787 14787 14819 14821 14855 14839 14700 14715 14731 14819 14819 14755
14062 14064 14065 0 13982 0 0 0 0 0 14862 14859 14857 14804 14714 14684 14680 14760 14790 14758 14762
14061 14048 14028 14028 0 0 0 0 0 14862 14860 14857 14811 14784 14791 14751 14730 14748 14771 14787 14788
14061 14036 14030 0 0 0 0 0 0 14924 14924 14871 14854 14836 14784 14728 14714 14718 14775 14783 14745
