inst/extdata/modis/lst/modgrid/Lat43.00075Lon-78.78820Start2001-01-01End2013-12-31___MOD11A2/GRID_Lat43.00075Lon-78.78820Start2001-01-01End2013-12-31___MOD11A2_LST_Day_1km_A2001217.asc
ncols		 21
nrows		 21
xllcorner	 -6416881.12
yllcorner	 4772121.02
cellsize	 926.625433055834
NODATA_value	 0
15559 15608 15576 15561 15537 15510 15478 15461 15428 15397 15391 15407 15403 15377 15323 15298 15310 15361 15386 15369 15320
15215 15339 15354 15347 15326 15320 15341 15339 15322 15299 15324 15374 15385 15362 15329 15313 15336 15371 15365 15316 15269
15078 15125 15107 15105 15129 15157 15201 15224 15226 15254 15294 15314 15346 15356 15340 15298 15297 15295 15267 15239 15238
15003 15034 15044 15076 15067 15052 15087 15163 15256 15305 15316 15348 15380 15367 15295 15251 15264 15215 15196 15207 15216
15166 15202 15230 15185 15121 15069 15060 15135 15283 15348 15380 15393 15364 15335 15286 15286 15221 15156 15144 15167 15189
15295 15327 15282 15224 15152 15106 15117 15204 15360 15392 15356 15271 15293 15317 15354 15304 15221 15151 15159 15207 15257
15369 15348 15310 15265 15187 15171 15180 15332 15413 15358 15268 15302 15338 15398 15370 15287 15196 15246 15268 15266 15273
15343 15297 15262 15290 15281 15260 15340 15412 15402 15340 15314 15341 15402 15414 15368 15296 15308 15310 15306 15293 15280
15282 15278 15315 15311 15304 15344 15410 15399 15366 15342 15370 15398 15410 15392 15371 15365 15344 15328 15345 15357 15347
15275 15273 15311 15335 15390 15430 15424 15396 15391 15435 15448 15451 15468 15454 15448 15352 15338 15293 15315 15333 15349
15289 15333 15394 15439 15465 15451 15434 15470 15504 15509 15500 15510 15496 15461 15443 15430 15362 15379 15366 15385 15382
15377 15418 15470 15467 15438 15450 15510 15542 15567 15547 15576 15564 15498 15483 15492 15423 15415 15427 15426 15437 15397
15486 15586 15573 15449 15457 15519 15553 15588 15577 15577 15561 15540 15496 15432 15421 15414 15406 15442 15448 15396 15364
15601 15605 15496 15493 15519 15542 15560 15595 15548 15531 15511 15379 15408 15426 15414 15404 15445 15475 15374 15377 15343
15541 15520 15504 15502 15505 15511 15490 15497 15453 15445 15371 15392 15439 15442 15430 15442 15491 15424 15357 15322 15284
15527 15522 15516 15513 15559 15482 15442 15440 15441 15409 15405 15414 15453 15473 15471 15496 15467 15372 15313 15263 15226
15532 15528 15533 15605 15527 15477 15459 15470 15502 15444 15433 15452 15459 15433 15491 15465 15431 15306 15346 15368 15381
15495 15534 15625 15561 15529 15511 15514 15530 15554 15549 15469 15439 15465 15440 15389 15360 15308 15324 15350 15368 15361
15614 15637 15582 15577 15580 15558 15556 15566 15635 15586 15555 15503 15475 15416 15335 15253 15216 15267 15313 15323 15309
15638 15641 15596 15596 15587 15578 15573 15641 15645 15608 15511 15517 15499 15460 15384 15320 15311 15326 15356 15366 15344
15601 15593 15593 15586 15590 15639 15650 15656 15588 15549 15547 15547 15518 15431 15377 15370 15348 15337 15328 15337 15352
