inst/extdata/modis/lst/modgrid/Lat43.00075Lon-78.78820Start2001-01-01End2013-12-31___MOD11A2/GRID_Lat43.00075Lon-78.78820Start2001-01-01End2013-12-31___MOD11A2_LST_Day_1km_A2011153.asc
ncols		 21
nrows		 21
xllcorner	 -6416881.12
yllcorner	 4772121.02
cellsize	 926.625433055834
NODATA_value	 0
15180 15194 15207 15232 15178 15183 15167 15153 15120 15069 15040 15053 15042 15035 15009 14958 14949 14968 14958 14938 14914
14983 15040 15068 15081 15103 15064 15038 15023 15012 15002 15021 15028 15048 15046 15019 14997 14975 14949 14916 14907 14875
14703 14747 14759 14775 14781 14810 14865 14901 14926 14976 15004 15030 15045 15055 15042 15005 14954 14951 14881 14858 14868
14702 14736 14726 14713 14715 14733 14764 14850 14959 15023 15054 15089 15117 15107 15051 14977 14921 14911 14827 14873 14879
14873 14915 14924 14879 14807 14788 14742 14815 14978 15095 15115 15125 15101 15061 14999 14936 14883 14825 14892 14948 14960
14983 14973 14947 14903 14868 14812 14791 14960 15081 15129 15090 15045 15027 15016 15015 14964 14879 14883 14947 15003 15024
15016 15030 15020 14979 14894 14872 14931 15005 15136 15112 15045 15022 15047 15059 15012 14946 14937 14979 15009 15020 14986
14969 14975 14974 14944 14977 14969 15025 15130 15138 15069 15013 15035 15087 15152 15119 15005 15018 15038 15055 15043 14985
14945 14962 14978 14972 15016 15045 15137 15159 15084 15043 15103 15105 15155 15147 15132 15121 15074 15082 15082 15025 15096
14928 14925 14984 15060 15129 15183 15199 15114 15104 15146 15167 15153 15137 15180 15122 15120 15060 15042 15042 15065 15068
14931 15036 15108 15161 15220 15221 15191 15194 15228 15232 15194 15157 15128 15106 15112 15125 15120 15104 15100 15116 15095
15056 15106 15171 15232 15243 15264 15276 15310 15317 15292 15190 15145 15129 15150 15212 15200 15144 15140 15170 15173 15069
15165 15214 15254 15248 15262 15288 15342 15359 15321 15219 15199 15144 15170 15227 15213 15124 15136 15182 15180 15075 15026
15260 15288 15288 15278 15293 15326 15342 15284 15224 15197 15167 15134 15175 15218 15154 15150 15188 15169 15063 15044 15029
15295 15299 15290 15263 15269 15289 15252 15246 15183 15164 15141 15129 15161 15161 15143 15183 15190 15176 15129 14983 14934
15317 15309 15292 15258 15299 15239 15176 15179 15175 15172 15159 15155 15200 15142 15183 15196 15210 15135 15047 14932 14968
15323 15308 15282 15274 15263 15197 15197 15190 15178 15251 15202 15189 15161 15157 15134 15101 15077 14980 14976 14995 14992
15287 15279 15285 15305 15236 15211 15202 15193 15232 15212 15181 15109 15093 15078 15040 14974 14926 14948 15003 15012 14963
15278 15299 15298 15260 15217 15197 15227 15242 15260 15243 15213 15124 15100 15054 14988 14952 14931 14988 14971 14963 14911
15272 15286 15253 15199 15201 15245 15254 15273 15290 15277 15221 15147 15160 15127 15064 15014 15007 15005 14980 14933 14940
15302 15281 15203 15198 15213 15286 15301 15311 15235 15208 15240 15216 15182 15113 15037 14993 15023 14938 14953 14981 14970
