inst/extdata/modis/lst/modgrid/Lat43.00075Lon-78.78820Start2001-01-01End2013-12-31___MOD11A2/GRID_Lat43.00075Lon-78.78820Start2001-01-01End2013-12-31___MOD11A2_LST_Day_1km_A2011097.asc
ncols		 21
nrows		 21
xllcorner	 -6416881.12
yllcorner	 4772121.02
cellsize	 926.625433055834
NODATA_value	 0
14399 14376 14386 14423 14502 14486 14467 14439 14451 14458 14458 14445 14441 14434 14432 14429 14405 14403 14395 14380 14369
14202 14200 14254 14399 14447 14427 14389 14353 14355 14393 14419 14431 14445 14466 14454 14433 14396 14361 14379 14377 14365
14093 14084 14057 14098 14123 14095 14148 14169 14322 14198 14390 14412 14447 14446 14442 14419 14341 14325 14325 14326 14347
14017 14046 14030 13993 13978 14023 14076 14146 14220 14390 14449 14485 14481 14448 14443 14332 14325 14325 14325 14296 14319
14120 14195 14183 14110 14071 14095 14029 14131 14340 14438 14486 14480 14467 14442 14424 14408 14307 14305 14301 14298 14395
14243 14246 14244 14233 14186 14146 14173 14284 14375 14453 14453 14442 14437 14433 14435 14446 14437 14419 14334 14395 14395
14373 14373 14369 14357 14344 14316 14314 14378 14396 14413 14411 14447 14448 14465 14461 14437 14427 14443 14446 14447 14452
14317 14325 14321 14313 14295 14349 14377 14397 14431 14474 14468 14471 14519 14530 14493 14474 14488 14459 14464 14465 14462
14308 14317 14314 14307 14308 14384 14408 14456 14498 14494 14498 14517 14524 14520 14512 14519 14539 14536 14528 14523 14529
14308 14300 14310 14348 14447 14474 14533 14539 14535 14552 14542 14535 14534 14532 14540 14571 14559 14543 14522 14521 14525
14303 14307 14454 14478 14508 14556 14567 14567 14584 14640 14627 14589 14580 14585 14600 14600 14583 14556 14541 14539 14544
14456 14468 14476 14532 14571 14576 14580 14599 14657 14639 14633 14611 14599 14606 14611 14612 14567 14554 14554 14551 14529
14479 14494 14624 14629 14647 14671 14688 14676 14632 14630 14626 14625 14620 14623 14635 14580 14574 14567 14561 14552 14521
14518 14638 14634 14635 14659 14674 14662 14642 14622 14577 14571 14568 14569 14579 14580 14576 14573 14571 14566 14528 14474
14641 14639 14641 14643 14645 14647 14649 14625 14565 14571 14568 14569 14572 14577 14638 14639 14644 14624 14489 14458 14436
14654 14665 14665 14654 14638 14631 14620 14564 14574 14567 14570 14570 14579 14640 14646 14649 14615 14483 14455 14436 14356
14670 14674 14666 14654 14645 14632 14628 14636 14641 14642 14634 14635 14636 14631 14632 14583 14551 14514 14493 14417 14415
14672 14676 14672 14665 14658 14661 14659 14657 14657 14650 14633 14623 14618 14607 14553 14530 14484 14468 14422 14425 14414
14675 14679 14678 14665 14664 14665 14671 14672 14671 14665 14647 14634 14605 14554 14528 14489 14469 14414 14418 14417 14414
14668 14668 14662 14662 14660 14672 14674 14686 14692 14682 14672 14634 14592 14565 14530 14510 14431 14420 14415 14415 14413
14653 14656 14664 14668 14681 14679 14699 14706 14690 14681 14647 14634 14611 14560 14509 14423 14410 14363 14361 14365 14370
