inst/extdata/modis/lst/modgrid/Lat43.00075Lon-78.78820Start2001-01-01End2013-12-31___MOD11A2/GRID_Lat43.00075Lon-78.78820Start2001-01-01End2013-12-31___MOD11A2_LST_Day_1km_A2010233.asc
ncols		 21
nrows		 21
xllcorner	 -6416881.12
yllcorner	 4772121.02
cellsize	 926.625433055834
NODATA_value	 0
15013 15047 15048 15020 15037 14992 14956 14913 14927 14934 14952 15012 14947 14844 14928 14890 14796 14811 14822 14814 14838
14943 14960 14937 14920 14919 14873 14855 14924 14910 14940 14973 14966 14974 14964 14947 14932 14933 14827 14829 14856 14843
14766 14779 14787 14961 14803 14796 14797 14829 14834 14882 14918 14893 14888 14924 14995 14970 14925 14909 14842 14833 14843
14746 14751 14750 14766 14874 14771 14794 14813 14889 14935 14946 14944 14951 15020 14985 14946 14896 14868 14824 14811 14894
14804 14846 14859 14824 14789 14824 14801 14877 14970 15027 15019 14952 14966 14951 14921 14887 14839 14756 14797 14841 14864
14913 14911 14875 14812 14787 14795 14812 14916 15011 14995 14962 14910 14921 14948 14942 14889 14797 14782 14860 14869 14885
14938 14921 14827 14782 14795 14807 14886 14941 14999 14974 14908 14922 14957 14987 14954 14844 14830 14900 14899 14891 14859
14900 14882 14863 14845 14840 14867 14913 15000 15001 14960 14934 14949 14978 14957 14905 14879 14928 14934 14924 14960 14938
14841 14856 14908 14918 14873 14939 14981 14988 14967 14956 14965 14982 14966 14948 14897 14927 14954 14947 14893 14909 14928
14840 14899 14926 14930 14967 14998 15000 15001 15007 15033 15028 15027 14985 14981 14972 14986 14954 14910 14929 14945 14951
14897 14930 14929 14975 15009 15023 15030 15032 15058 15052 15045 15041 15014 14979 15001 15012 14981 14970 14986 14967 14949
14930 14937 14964 15083 15022 15029 14997 15062 15081 15091 15059 15036 14975 14996 15042 15038 15019 15006 14989 15002 14962
14971 15010 15098 15027 15040 15008 15063 15089 15092 15056 15039 15027 15039 15055 15058 15029 15018 15009 15025 14985 14885
15057 15070 15068 15059 15019 15030 15049 15051 15019 15013 14992 15011 15027 15039 15012 15015 15029 15020 14973 14915 14876
15098 15100 15102 15068 15022 15009 15036 15017 14971 14983 15003 14999 15040 15023 15035 15044 15042 14996 14948 14927 14863
15123 15119 15069 15100 15057 15035 14992 14986 14986 14971 14999 15023 15037 15023 15045 15037 15001 14959 14916 14860 14830
15112 15049 15095 15091 15105 15046 14989 14989 14981 15004 15020 15029 15048 15033 15027 14977 14941 14913 14876 14831 14836
15049 15061 15063 15022 14986 14993 15105 15070 15065 15045 15028 15081 15038 14915 14914 14903 14892 14862 14834 14837 14838
15067 15072 15091 15051 15004 15044 15071 15070 15079 15072 15113 15071 14916 14874 14818 14795 14870 14894 14897 14903 14831
15085 15186 15152 15022 15059 15056 15081 15084 15168 15152 15130 15083 15104 14942 14886 14962 14923 14887 14905 14936 14905
15188 15191 15157 15050 15063 15073 15179 15157 15147 15132 15144 15138 15116 15057 14951 14902 14893 14857 14852 14798 14788
