inst/extdata/modis/lst/modgrid/Lat43.00075Lon-78.78820Start2001-01-01End2013-12-31___MOD11A2/GRID_Lat43.00075Lon-78.78820Start2001-01-01End2013-12-31___MOD11A2_LST_Day_1km_A2013097.asc
ncols		 21
nrows		 21
xllcorner	 -6416881.12
yllcorner	 4772121.02
cellsize	 926.625433055834
NODATA_value	 0
14627 14584 14599 14618 14650 14652 14653 14705 14706 14679 14681 14704 14712 14716 14705 14693 14676 14676 14670 14674 14674
14489 14551 14531 14527 14484 14517 14499 14475 14472 14640 14680 14710 14712 14710 14696 14672 14661 14663 14669 14662 14654
14052 14207 14302 14313 14314 14252 14314 14386 14555 14604 14667 14684 14698 14694 14670 14651 14644 14639 14643 14641 14637
14137 14091 14116 14177 14351 14169 14098 14159 14217 14652 14695 14692 14732 14712 14674 14639 14613 14612 14615 14631 14640
14486 14541 14489 14413 14359 14212 14158 14185 14537 14733 14741 14748 14700 14683 14654 14646 14633 14624 14631 14646 14654
14613 14604 14570 14555 14407 14344 14269 14322 14642 14698 14736 14673 14661 14685 14681 14670 14641 14626 14638 14647 14658
14643 14644 14633 14576 14545 14501 14493 14528 14679 14714 14655 14667 14690 14706 14710 14677 14673 14676 14664 14667 14664
14619 14621 14605 14591 14485 14424 14409 14686 14696 14680 14680 14690 14724 14729 14687 14685 14691 14681 14673 14695 14686
14608 14613 14577 14466 14425 14419 14675 14686 14690 14689 14685 14686 14692 14684 14687 14685 14703 14695 14686 14691 14689
14527 14498 14503 14525 14537 14700 14692 14695 14703 14706 14709 14694 14682 14691 14694 14701 14695 14670 14664 14664 14654
14490 14555 14593 14591 14709 14693 14693 14715 14725 14731 14707 14699 14645 14666 14692 14694 14692 14676 14669 14649 14643
14635 14649 14663 14656 14661 14663 14722 14741 14756 14716 14703 14661 14662 14677 14694 14698 14682 14675 14664 14654 14643
14655 14695 14658 14662 14667 14732 14744 14742 14730 14713 14690 14682 14680 14700 14698 14688 14682 14673 14662 14653 14600
14682 14670 14674 14681 14731 14733 14732 14730 14723 14715 14695 14683 14687 14691 14682 14672 14669 14669 14664 14652 14627
14738 14725 14721 14723 14725 14720 14710 14698 14698 14695 14677 14663 14646 14648 14655 14663 14675 14665 14650 14611 14601
14765 14747 14715 14713 14691 14688 14687 14690 14691 14679 14663 14640 14638 14641 14651 14643 14604 14600 14566 14566 14538
14769 14733 14722 14706 14702 14670 14677 14666 14654 14643 14631 14621 14607 14596 14605 14574 14524 14440 14457 14481 14487
14728 14722 14706 14703 14664 14640 14640 14633 14595 14582 14560 14578 14569 14561 14538 14482 14437 14449 14455 14456 14460
14726 14715 14689 14659 14656 14620 14622 14601 14591 14565 14554 14558 14493 14488 14433 14429 14439 0 0 0 0
14722 14705 14673 14665 14671 14670 14586 14587 14581 14537 14523 14492 14472 14403 14390 0 0 0 0 0 0
14716 14690 14683 14662 14666 14584 14579 14578 14553 14538 14510 14505 14510 14497 0 0 0 0 0 0 0
